0 0
0.000976562 0.00360971
0.00292969 0.0108279
0.00488281 0.0180425
0.00683594 0.025251
0.00878906 0.0324512
0.0107422 0.039641
0.0126953 0.0468182
0.0146484 0.053981
0.0166016 0.0611277
0.0185547 0.0682567
0.0205078 0.0753666
0.0224609 0.0824563
0.0244141 0.0895247
0.0263672 0.0965708
0.0283203 0.103594
0.0302734 0.110594
0.0322266 0.117569
0.0341797 0.12452
0.0361328 0.131445
0.0380859 0.138346
0.0400391 0.145221
0.0419922 0.15207
0.0439453 0.158894
0.0458984 0.165691
0.0478516 0.172463
0.0498047 0.179208
0.0517578 0.185928
0.0537109 0.19262
0.0556641 0.199287
0.0576172 0.205927
0.0595703 0.212541
0.0615234 0.219129
0.0634766 0.22569
0.0654297 0.232225
0.0673828 0.238733
0.0693359 0.245215
0.0712891 0.25167
0.0732422 0.258099
0.0751953 0.264501
0.0771484 0.270877
0.0791016 0.277226
0.0810547 0.283549
0.0830078 0.289845
0.0849609 0.296115
0.0869141 0.302357
0.0888672 0.308574
0.0908203 0.314763
0.0927734 0.320926
0.0947266 0.327062
0.0966797 0.333172
0.0986328 0.339255
0.100586 0.345311
0.102539 0.35134
0.104492 0.357343
0.106445 0.363319
0.108398 0.369268
0.110352 0.37519
0.112305 0.381085
0.114258 0.386954
0.116211 0.392796
0.118164 0.398611
0.120117 0.404399
0.12207 0.41016
0.124023 0.415894
0.125977 0.421601
0.12793 0.427281
0.129883 0.432935
0.131836 0.438561
0.133789 0.44416
0.135742 0.449733
0.137695 0.455278
0.139648 0.460796
0.141602 0.466287
0.143555 0.471752
0.145508 0.477189
0.147461 0.482599
0.149414 0.487981
0.151367 0.493337
0.15332 0.498665
0.155273 0.503967
0.157227 0.509241
0.15918 0.514488
0.161133 0.519708
0.163086 0.5249
0.165039 0.530065
0.166992 0.535203
0.168945 0.540314
0.170898 0.545397
0.172852 0.550453
0.174805 0.555482
0.176758 0.560483
0.178711 0.565457
0.180664 0.570404
0.182617 0.575323
0.18457 0.580215
0.186523 0.585079
0.188477 0.589916
0.19043 0.594725
0.192383 0.599507
0.194336 0.604261
0.196289 0.608988
0.198242 0.613687
0.200195 0.618359
0.202148 0.623003
0.204102 0.62762
0.206055 0.632209
0.208008 0.63677
0.209961 0.641304
0.211914 0.64581
0.213867 0.650289
0.21582 0.65474
0.217773 0.659163
0.219727 0.663558
0.22168 0.667925
0.223633 0.672265
0.225586 0.676577
0.227539 0.680862
0.229492 0.685118
0.231445 0.689347
0.233398 0.693547
0.235352 0.69772
0.237305 0.701865
0.239258 0.705983
0.241211 0.710072
0.243164 0.714133
0.245117 0.718167
0.24707 0.722172
0.249023 0.72615
0.250977 0.730099
0.25293 0.73402
0.254883 0.737914
0.256836 0.741779
0.258789 0.745617
0.260742 0.749426
0.262695 0.753207
0.264648 0.75696
0.266602 0.760685
0.268555 0.764382
0.270508 0.76805
0.272461 0.771691
0.274414 0.775303
0.276367 0.778887
0.27832 0.782443
0.280273 0.78597
0.282227 0.789469
0.28418 0.79294
0.286133 0.796383
0.288086 0.799797
0.290039 0.803183
0.291992 0.806541
0.293945 0.80987
0.295898 0.813171
0.297852 0.816443
0.299805 0.819687
0.301758 0.822903
0.303711 0.82609
0.305664 0.829249
0.307617 0.832379
0.30957 0.83548
0.311523 0.838553
0.313477 0.841598
0.31543 0.844614
0.317383 0.847601
0.319336 0.85056
0.321289 0.85349
0.323242 0.856391
0.325195 0.859264
0.327148 0.862108
0.329102 0.864924
0.331055 0.867711
0.333008 0.870469
0.334961 0.873198
0.336914 0.875898
0.338867 0.87857
0.34082 0.881213
0.342773 0.883827
0.344727 0.886412
0.34668 0.888969
0.348633 0.891496
0.350586 0.893995
0.352539 0.896464
0.354492 0.898905
0.356445 0.901317
0.358398 0.9037
0.360352 0.906054
0.362305 0.908379
0.364258 0.910674
0.366211 0.912941
0.368164 0.915179
0.370117 0.917388
0.37207 0.919567
0.374023 0.921718
0.375977 0.923839
0.37793 0.925931
0.379883 0.927994
0.381836 0.930028
0.383789 0.932033
0.385742 0.934008
0.387695 0.935954
0.389648 0.937871
0.391602 0.939759
0.393555 0.941617
0.395508 0.943446
0.397461 0.945246
0.399414 0.947016
0.401367 0.948757
0.40332 0.950468
0.405273 0.95215
0.407227 0.953803
0.40918 0.955426
0.411133 0.95702
0.413086 0.958584
0.415039 0.960119
0.416992 0.961625
0.418945 0.9631
0.420898 0.964546
0.422852 0.965963
0.424805 0.96735
0.426758 0.968707
0.428711 0.970035
0.430664 0.971333
0.432617 0.972602
0.43457 0.97384
0.436523 0.975049
0.438477 0.976229
0.44043 0.977378
0.442383 0.978498
0.444336 0.979588
0.446289 0.980648
0.448242 0.981678
0.450195 0.982679
0.452148 0.983649
0.454102 0.98459
0.456055 0.985501
0.458008 0.986382
0.459961 0.987233
0.461914 0.988054
0.463867 0.988845
0.46582 0.989606
0.467773 0.990337
0.469727 0.991038
0.47168 0.991708
0.473633 0.992349
0.475586 0.99296
0.477539 0.99354
0.479492 0.994091
0.481445 0.994611
0.483398 0.995101
0.485352 0.995561
0.487305 0.995991
0.489258 0.99639
0.491211 0.996759
0.493164 0.997098
0.495117 0.997407
0.49707 0.997685
0.499023 0.997933
0.500977 0.998151
0.50293 0.998338
0.504883 0.998495
0.506836 0.998621
0.508789 0.998717
0.510742 0.998783
0.512695 0.998818
0.514648 0.998823
0.516602 0.998797
0.518555 0.99874
0.520508 0.998653
0.522461 0.998536
0.524414 0.998387
0.526367 0.998209
0.52832 0.997999
0.530273 0.997759
0.532227 0.997488
0.53418 0.997187
0.536133 0.996855
0.538086 0.996492
0.540039 0.996098
0.541992 0.995673
0.543945 0.995218
0.545898 0.994732
0.547852 0.994215
0.549805 0.993667
0.551758 0.993089
0.553711 0.992479
0.555664 0.991839
0.557617 0.991167
0.55957 0.990465
0.561523 0.989732
0.563477 0.988967
0.56543 0.988172
0.567383 0.987345
0.569336 0.986488
0.571289 0.985599
0.573242 0.98468
0.575195 0.983729
0.577148 0.982747
0.579102 0.981734
0.581055 0.98069
0.583008 0.979614
0.584961 0.978507
0.586914 0.977369
0.588867 0.9762
0.59082 0.975
0.592773 0.973768
0.594727 0.972504
0.59668 0.97121
0.598633 0.969884
0.600586 0.968527
0.602539 0.967138
0.604492 0.965718
0.606445 0.964266
0.608398 0.962783
0.610352 0.961268
0.612305 0.959722
0.614258 0.958144
0.616211 0.956535
0.618164 0.954894
0.620117 0.953222
0.62207 0.951518
0.624023 0.949782
0.625977 0.948015
0.62793 0.946215
0.629883 0.944385
0.631836 0.942522
0.633789 0.940628
0.635742 0.938702
0.637695 0.936744
0.639648 0.934754
0.641602 0.932732
0.643555 0.930679
0.645508 0.928594
0.647461 0.926476
0.649414 0.924327
0.651367 0.922146
0.65332 0.919933
0.655273 0.917688
0.657227 0.915411
0.65918 0.913101
0.661133 0.91076
0.663086 0.908387
0.665039 0.905982
0.666992 0.903544
0.668945 0.901074
0.670898 0.898572
0.672852 0.896038
0.674805 0.893472
0.676758 0.890874
0.678711 0.888243
0.680664 0.88558
0.682617 0.882884
0.68457 0.880157
0.686523 0.877397
0.688477 0.874604
0.69043 0.871779
0.692383 0.868922
0.694336 0.866032
0.696289 0.86311
0.698242 0.860156
0.700195 0.857169
0.702148 0.854149
0.704102 0.851097
0.706055 0.848012
0.708008 0.844895
0.709961 0.841745
0.711914 0.838562
0.713867 0.835347
0.71582 0.832099
0.717773 0.828818
0.719727 0.825505
0.72168 0.822158
0.723633 0.818779
0.725586 0.815368
0.727539 0.811923
0.729492 0.808446
0.731445 0.804936
0.733398 0.801392
0.735352 0.797816
0.737305 0.794207
0.739258 0.790565
0.741211 0.78689
0.743164 0.783182
0.745117 0.779441
0.74707 0.775667
0.749023 0.77186
0.750977 0.76802
0.75293 0.764147
0.754883 0.76024
0.756836 0.756301
0.758789 0.752328
0.760742 0.748322
0.762695 0.744282
0.764648 0.74021
0.766602 0.736104
0.768555 0.731965
0.770508 0.727792
0.772461 0.723587
0.774414 0.719347
0.776367 0.715075
0.77832 0.710769
0.780273 0.706429
0.782227 0.702056
0.78418 0.69765
0.786133 0.69321
0.788086 0.688736
0.790039 0.684229
0.791992 0.679689
0.793945 0.675114
0.795898 0.670506
0.797852 0.665865
0.799805 0.66119
0.801758 0.656481
0.803711 0.651738
0.805664 0.646961
0.807617 0.642151
0.80957 0.637307
0.811523 0.632429
0.813477 0.627518
0.81543 0.622572
0.817383 0.617592
0.819336 0.612579
0.821289 0.607532
0.823242 0.60245
0.825195 0.597335
0.827148 0.592186
0.829102 0.587002
0.831055 0.581785
0.833008 0.576533
0.834961 0.571247
0.836914 0.565928
0.838867 0.560573
0.84082 0.555185
0.842773 0.549763
0.844727 0.544306
0.84668 0.538815
0.848633 0.53329
0.850586 0.52773
0.852539 0.522136
0.854492 0.516508
0.856445 0.510846
0.858398 0.505148
0.860352 0.499417
0.862305 0.493651
0.864258 0.487851
0.866211 0.482016
0.868164 0.476146
0.870117 0.470242
0.87207 0.464303
0.874023 0.45833
0.875977 0.452322
0.87793 0.446279
0.879883 0.440202
0.881836 0.43409
0.883789 0.427943
0.885742 0.421762
0.887695 0.415545
0.889648 0.409294
0.891602 0.403008
0.893555 0.396688
0.895508 0.390332
0.897461 0.383941
0.899414 0.377516
0.901367 0.371055
0.90332 0.364559
0.905273 0.358029
0.907227 0.351463
0.90918 0.344863
0.911133 0.338227
0.913086 0.331556
0.915039 0.32485
0.916992 0.318109
0.918945 0.311332
0.920898 0.30452
0.922852 0.297673
0.924805 0.290791
0.926758 0.283874
0.928711 0.276921
0.930664 0.269933
0.932617 0.262909
0.93457 0.25585
0.936523 0.248756
0.938477 0.241626
0.94043 0.234461
0.942383 0.22726
0.944336 0.220023
0.946289 0.212752
0.948242 0.205444
0.950195 0.198101
0.952148 0.190723
0.954102 0.183309
0.956055 0.17586
0.958008 0.168375
0.959961 0.160855
0.961914 0.153299
0.963867 0.145709
0.96582 0.138084
0.967773 0.130424
0.969727 0.122731
0.97168 0.115004
0.973633 0.107244
0.975586 0.0994514
0.977539 0.0916281
0.979492 0.0837747
0.981445 0.0758928
0.983398 0.0679838
0.985352 0.0600498
0.987305 0.0520928
0.989258 0.0441152
0.991211 0.0361197
0.993164 0.0281091
0.995117 0.0200866
0.99707 0.0120555
0.999023 0.00401908
1 0
