0 0
0.000976562 0.00319941
0.00292969 0.00959774
0.00488281 0.0159947
0.00683594 0.0223892
0.00878906 0.0287804
0.0107422 0.0351674
0.0126953 0.0415492
0.0146484 0.047925
0.0166016 0.0542939
0.0185547 0.060655
0.0205078 0.0670076
0.0224609 0.0733508
0.0244141 0.0796839
0.0263672 0.0860061
0.0283203 0.0923167
0.0302734 0.0986152
0.0322266 0.104901
0.0341797 0.111173
0.0361328 0.117431
0.0380859 0.123675
0.0400391 0.129903
0.0419922 0.136117
0.0439453 0.142314
0.0458984 0.148495
0.0478516 0.154659
0.0498047 0.160806
0.0517578 0.166936
0.0537109 0.173049
0.0556641 0.179143
0.0576172 0.185219
0.0595703 0.191278
0.0615234 0.197317
0.0634766 0.203338
0.0654297 0.20934
0.0673828 0.215323
0.0693359 0.221287
0.0712891 0.227231
0.0732422 0.233156
0.0751953 0.239062
0.0771484 0.244948
0.0791016 0.250815
0.0810547 0.256661
0.0830078 0.262488
0.0849609 0.268295
0.0869141 0.274082
0.0888672 0.27985
0.0908203 0.285597
0.0927734 0.291324
0.0947266 0.29703
0.0966797 0.302717
0.0986328 0.308383
0.100586 0.314029
0.102539 0.319655
0.104492 0.325261
0.106445 0.330846
0.108398 0.33641
0.110352 0.341954
0.112305 0.347478
0.114258 0.352981
0.116211 0.358464
0.118164 0.363926
0.120117 0.369367
0.12207 0.374787
0.124023 0.380187
0.125977 0.385567
0.12793 0.390925
0.129883 0.396263
0.131836 0.401579
0.133789 0.406875
0.135742 0.41215
0.137695 0.417404
0.139648 0.422637
0.141602 0.427849
0.143555 0.43304
0.145508 0.43821
0.147461 0.443359
0.149414 0.448487
0.151367 0.453594
0.15332 0.458679
0.155273 0.463743
0.157227 0.468786
0.15918 0.473807
0.161133 0.478808
0.163086 0.483786
0.165039 0.488744
0.166992 0.49368
0.168945 0.498594
0.170898 0.503487
0.172852 0.508359
0.174805 0.513209
0.176758 0.518037
0.178711 0.522843
0.180664 0.527628
0.182617 0.532391
0.18457 0.537133
0.186523 0.541852
0.188477 0.54655
0.19043 0.551226
0.192383 0.55588
0.194336 0.560512
0.196289 0.565122
0.198242 0.56971
0.200195 0.574276
0.202148 0.57882
0.204102 0.583342
0.206055 0.587842
0.208008 0.592319
0.209961 0.596775
0.211914 0.601208
0.213867 0.605618
0.21582 0.610007
0.217773 0.614373
0.219727 0.618716
0.22168 0.623037
0.223633 0.627336
0.225586 0.631612
0.227539 0.635866
0.229492 0.640097
0.231445 0.644305
0.233398 0.648491
0.235352 0.652653
0.237305 0.656794
0.239258 0.660911
0.241211 0.665006
0.243164 0.669077
0.245117 0.673126
0.24707 0.677152
0.249023 0.681155
0.250977 0.685135
0.25293 0.689091
0.254883 0.693025
0.256836 0.696936
0.258789 0.700823
0.260742 0.704687
0.262695 0.708528
0.264648 0.712346
0.266602 0.71614
0.268555 0.719911
0.270508 0.723658
0.272461 0.727382
0.274414 0.731083
0.276367 0.73476
0.27832 0.738413
0.280273 0.742043
0.282227 0.745649
0.28418 0.749232
0.286133 0.75279
0.288086 0.756325
0.290039 0.759837
0.291992 0.763324
0.293945 0.766787
0.295898 0.770226
0.297852 0.773642
0.299805 0.777033
0.301758 0.780401
0.303711 0.783744
0.305664 0.787063
0.307617 0.790358
0.30957 0.793628
0.311523 0.796875
0.313477 0.800097
0.31543 0.803294
0.317383 0.806467
0.319336 0.809616
0.321289 0.81274
0.323242 0.81584
0.325195 0.818915
0.327148 0.821966
0.329102 0.824992
0.331055 0.827993
0.333008 0.830969
0.334961 0.833921
0.336914 0.836847
0.338867 0.839749
0.34082 0.842626
0.342773 0.845478
0.344727 0.848305
0.34668 0.851106
0.348633 0.853883
0.350586 0.856635
0.352539 0.859361
0.354492 0.862062
0.356445 0.864738
0.358398 0.867388
0.360352 0.870013
0.362305 0.872613
0.364258 0.875187
0.366211 0.877736
0.368164 0.880259
0.370117 0.882756
0.37207 0.885228
0.374023 0.887674
0.375977 0.890094
0.37793 0.892488
0.379883 0.894857
0.381836 0.8972
0.383789 0.899516
0.385742 0.901807
0.387695 0.904072
0.389648 0.90631
0.391602 0.908523
0.393555 0.910709
0.395508 0.912869
0.397461 0.915003
0.399414 0.91711
0.401367 0.919191
0.40332 0.921246
0.405273 0.923274
0.407227 0.925275
0.40918 0.92725
0.411133 0.929198
0.413086 0.93112
0.415039 0.933015
0.416992 0.934883
0.418945 0.936724
0.420898 0.938539
0.422852 0.940326
0.424805 0.942087
0.426758 0.94382
0.428711 0.945526
0.430664 0.947206
0.432617 0.948858
0.43457 0.950482
0.436523 0.95208
0.438477 0.95365
0.44043 0.955193
0.442383 0.956708
0.444336 0.958196
0.446289 0.959656
0.448242 0.961088
0.450195 0.962493
0.452148 0.96387
0.454102 0.96522
0.456055 0.966541
0.458008 0.967835
0.459961 0.969101
0.461914 0.970339
0.463867 0.971548
0.46582 0.97273
0.467773 0.973884
0.469727 0.975009
0.47168 0.976106
0.473633 0.977175
0.475586 0.978215
0.477539 0.979227
0.479492 0.98021
0.481445 0.981165
0.483398 0.982092
0.485352 0.982989
0.487305 0.983858
0.489258 0.984698
0.491211 0.98551
0.493164 0.986292
0.495117 0.987046
0.49707 0.98777
0.499023 0.988466
0.500977 0.989132
0.50293 0.989769
0.504883 0.990377
0.506836 0.990956
0.508789 0.991505
0.510742 0.992025
0.512695 0.992516
0.514648 0.992977
0.516602 0.993408
0.518555 0.99381
0.520508 0.994182
0.522461 0.994524
0.524414 0.994837
0.526367 0.99512
0.52832 0.995372
0.530273 0.995595
0.532227 0.995787
0.53418 0.99595
0.536133 0.996082
0.538086 0.996184
0.540039 0.996256
0.541992 0.996297
0.543945 0.996308
0.545898 0.996289
0.547852 0.996238
0.549805 0.996158
0.551758 0.996046
0.553711 0.995904
0.555664 0.995731
0.557617 0.995527
0.55957 0.995292
0.561523 0.995026
0.563477 0.994729
0.56543 0.994401
0.567383 0.994042
0.569336 0.993651
0.571289 0.99323
0.573242 0.992776
0.575195 0.992292
0.577148 0.991775
0.579102 0.991227
0.581055 0.990648
0.583008 0.990037
0.584961 0.989394
0.586914 0.988719
0.588867 0.988012
0.59082 0.987273
0.592773 0.986502
0.594727 0.985699
0.59668 0.984863
0.598633 0.983996
0.600586 0.983096
0.602539 0.982164
0.604492 0.981199
0.606445 0.980201
0.608398 0.979171
0.610352 0.978109
0.612305 0.977013
0.614258 0.975885
0.616211 0.974723
0.618164 0.973529
0.620117 0.972302
0.62207 0.971042
0.624023 0.969748
0.625977 0.968421
0.62793 0.967061
0.629883 0.965667
0.631836 0.96424
0.633789 0.962779
0.635742 0.961285
0.637695 0.959757
0.639648 0.958195
0.641602 0.956599
0.643555 0.95497
0.645508 0.953306
0.647461 0.951608
0.649414 0.949876
0.651367 0.94811
0.65332 0.94631
0.655273 0.944475
0.657227 0.942605
0.65918 0.940701
0.661133 0.938763
0.663086 0.93679
0.665039 0.934782
0.666992 0.932739
0.668945 0.930661
0.670898 0.928548
0.672852 0.9264
0.674805 0.924217
0.676758 0.921998
0.678711 0.919744
0.680664 0.917455
0.682617 0.915131
0.68457 0.91277
0.686523 0.910374
0.688477 0.907943
0.69043 0.905475
0.692383 0.902972
0.694336 0.900432
0.696289 0.897856
0.698242 0.895245
0.700195 0.892597
0.702148 0.889912
0.704102 0.887192
0.706055 0.884434
0.708008 0.881641
0.709961 0.87881
0.711914 0.875943
0.713867 0.873039
0.71582 0.870098
0.717773 0.867119
0.719727 0.864104
0.72168 0.861052
0.723633 0.857962
0.725586 0.854835
0.727539 0.851671
0.729492 0.848468
0.731445 0.845229
0.733398 0.841951
0.735352 0.838636
0.737305 0.835283
0.739258 0.831891
0.741211 0.828462
0.743164 0.824994
0.745117 0.821489
0.74707 0.817944
0.749023 0.814362
0.750977 0.810741
0.75293 0.807081
0.754883 0.803382
0.756836 0.799645
0.758789 0.795868
0.760742 0.792053
0.762695 0.788198
0.764648 0.784304
0.766602 0.780371
0.768555 0.776398
0.770508 0.772386
0.772461 0.768335
0.774414 0.764243
0.776367 0.760112
0.77832 0.755941
0.780273 0.751729
0.782227 0.747478
0.78418 0.743187
0.786133 0.738855
0.788086 0.734482
0.790039 0.73007
0.791992 0.725616
0.793945 0.721122
0.795898 0.716587
0.797852 0.712011
0.799805 0.707394
0.801758 0.702736
0.803711 0.698037
0.805664 0.693296
0.807617 0.688514
0.80957 0.68369
0.811523 0.678825
0.813477 0.673918
0.81543 0.668969
0.817383 0.663978
0.819336 0.658945
0.821289 0.653869
0.823242 0.648752
0.825195 0.643592
0.827148 0.638389
0.829102 0.633144
0.831055 0.627856
0.833008 0.622525
0.834961 0.617151
0.836914 0.611734
0.838867 0.606274
0.84082 0.60077
0.842773 0.595223
0.844727 0.589633
0.84668 0.583999
0.848633 0.578321
0.850586 0.572599
0.852539 0.566833
0.854492 0.561023
0.856445 0.555168
0.858398 0.54927
0.860352 0.543326
0.862305 0.537339
0.864258 0.531306
0.866211 0.525229
0.868164 0.519106
0.870117 0.512939
0.87207 0.506726
0.874023 0.500468
0.875977 0.494164
0.87793 0.487815
0.879883 0.48142
0.881836 0.474979
0.883789 0.468493
0.885742 0.46196
0.887695 0.455381
0.889648 0.448755
0.891602 0.442084
0.893555 0.435365
0.895508 0.4286
0.897461 0.421788
0.899414 0.414929
0.901367 0.408022
0.90332 0.401069
0.905273 0.394068
0.907227 0.38702
0.90918 0.379924
0.911133 0.37278
0.913086 0.365588
0.915039 0.358349
0.916992 0.351061
0.918945 0.343725
0.920898 0.336341
0.922852 0.328908
0.924805 0.321427
0.926758 0.313897
0.928711 0.306319
0.930664 0.298692
0.932617 0.291016
0.93457 0.283291
0.936523 0.275518
0.938477 0.267696
0.94043 0.259825
0.942383 0.251906
0.944336 0.243938
0.946289 0.235923
0.948242 0.227859
0.950195 0.219748
0.952148 0.21159
0.954102 0.203384
0.956055 0.195133
0.958008 0.186836
0.959961 0.178495
0.961914 0.170109
0.963867 0.16168
0.96582 0.153209
0.967773 0.144698
0.969727 0.136147
0.97168 0.127558
0.973633 0.118932
0.975586 0.110272
0.977539 0.101579
0.979492 0.0928546
0.981445 0.0841019
0.983398 0.0753228
0.985352 0.0665196
0.987305 0.0576949
0.989258 0.0488514
0.991211 0.0399917
0.993164 0.0311186
0.995117 0.0222351
0.99707 0.0133441
0.999023 0.00444853
1 0
