0 0
0.000976562 0.00303492
0.00292969 0.0091044
0.00488281 0.0151728
0.00683594 0.0212395
0.00878906 0.0273038
0.0107422 0.0333649
0.0126953 0.0394222
0.0146484 0.0454751
0.0166016 0.0515228
0.0185547 0.0575648
0.0205078 0.0636003
0.0224609 0.0696289
0.0244141 0.0756498
0.0263672 0.0816625
0.0283203 0.0876665
0.0302734 0.0936611
0.0322266 0.099646
0.0341797 0.10562
0.0361328 0.111584
0.0380859 0.117537
0.0400391 0.123477
0.0419922 0.129406
0.0439453 0.135322
0.0458984 0.141225
0.0478516 0.147114
0.0498047 0.152991
0.0517578 0.158853
0.0537109 0.164701
0.0556641 0.170534
0.0576172 0.176353
0.0595703 0.182156
0.0615234 0.187945
0.0634766 0.193718
0.0654297 0.199475
0.0673828 0.205216
0.0693359 0.210941
0.0712891 0.21665
0.0732422 0.222343
0.0751953 0.228019
0.0771484 0.233678
0.0791016 0.239321
0.0810547 0.244947
0.0830078 0.250556
0.0849609 0.256147
0.0869141 0.261722
0.0888672 0.267279
0.0908203 0.272819
0.0927734 0.278342
0.0947266 0.283847
0.0966797 0.289335
0.0986328 0.294805
0.100586 0.300257
0.102539 0.305692
0.104492 0.311109
0.106445 0.316508
0.108398 0.321889
0.110352 0.327252
0.112305 0.332597
0.114258 0.337925
0.116211 0.343234
0.118164 0.348525
0.120117 0.353798
0.12207 0.359053
0.124023 0.36429
0.125977 0.369508
0.12793 0.374708
0.129883 0.37989
0.131836 0.385053
0.133789 0.390198
0.135742 0.395325
0.137695 0.400433
0.139648 0.405522
0.141602 0.410593
0.143555 0.415645
0.145508 0.420679
0.147461 0.425694
0.149414 0.430691
0.151367 0.435668
0.15332 0.440627
0.155273 0.445567
0.157227 0.450488
0.15918 0.45539
0.161133 0.460274
0.163086 0.465138
0.165039 0.469983
0.166992 0.47481
0.168945 0.479617
0.170898 0.484405
0.172852 0.489174
0.174805 0.493924
0.176758 0.498654
0.178711 0.503365
0.180664 0.508057
0.182617 0.51273
0.18457 0.517383
0.186523 0.522016
0.188477 0.526631
0.19043 0.531225
0.192383 0.535801
0.194336 0.540356
0.196289 0.544892
0.198242 0.549408
0.200195 0.553905
0.202148 0.558382
0.204102 0.562839
0.206055 0.567276
0.208008 0.571693
0.209961 0.576091
0.211914 0.580468
0.213867 0.584826
0.21582 0.589163
0.217773 0.593481
0.219727 0.597778
0.22168 0.602055
0.223633 0.606312
0.225586 0.610548
0.227539 0.614765
0.229492 0.618961
0.231445 0.623136
0.233398 0.627292
0.235352 0.631426
0.237305 0.635541
0.239258 0.639634
0.241211 0.643707
0.243164 0.64776
0.245117 0.651792
0.24707 0.655803
0.249023 0.659793
0.250977 0.663763
0.25293 0.667711
0.254883 0.671639
0.256836 0.675546
0.258789 0.679432
0.260742 0.683297
0.262695 0.68714
0.264648 0.690963
0.266602 0.694765
0.268555 0.698545
0.270508 0.702304
0.272461 0.706042
0.274414 0.709758
0.276367 0.713453
0.27832 0.717126
0.280273 0.720778
0.282227 0.724409
0.28418 0.728018
0.286133 0.731605
0.288086 0.735171
0.290039 0.738715
0.291992 0.742237
0.293945 0.745737
0.295898 0.749216
0.297852 0.752672
0.299805 0.756107
0.301758 0.75952
0.303711 0.76291
0.305664 0.766279
0.307617 0.769625
0.30957 0.772949
0.311523 0.776251
0.313477 0.77953
0.31543 0.782787
0.317383 0.786022
0.319336 0.789235
0.321289 0.792424
0.323242 0.795592
0.325195 0.798736
0.327148 0.801858
0.329102 0.804958
0.331055 0.808034
0.333008 0.811088
0.334961 0.814119
0.336914 0.817127
0.338867 0.820112
0.34082 0.823074
0.342773 0.826013
0.344727 0.828928
0.34668 0.831821
0.348633 0.834691
0.350586 0.837537
0.352539 0.840359
0.354492 0.843159
0.356445 0.845935
0.358398 0.848687
0.360352 0.851416
0.362305 0.854122
0.364258 0.856803
0.366211 0.859461
0.368164 0.862095
0.370117 0.864706
0.37207 0.867292
0.374023 0.869855
0.375977 0.872393
0.37793 0.874908
0.379883 0.877398
0.381836 0.879865
0.383789 0.882307
0.385742 0.884724
0.387695 0.887118
0.389648 0.889487
0.391602 0.891832
0.393555 0.894152
0.395508 0.896447
0.397461 0.898718
0.399414 0.900964
0.401367 0.903186
0.40332 0.905383
0.405273 0.907554
0.407227 0.909701
0.40918 0.911823
0.411133 0.91392
0.413086 0.915992
0.415039 0.918039
0.416992 0.92006
0.418945 0.922056
0.420898 0.924027
0.422852 0.925973
0.424805 0.927893
0.426758 0.929787
0.428711 0.931656
0.430664 0.933499
0.432617 0.935317
0.43457 0.937108
0.436523 0.938874
0.438477 0.940614
0.44043 0.942328
0.442383 0.944016
0.444336 0.945678
0.446289 0.947313
0.448242 0.948923
0.450195 0.950506
0.452148 0.952063
0.454102 0.953593
0.456055 0.955097
0.458008 0.956574
0.459961 0.958025
0.461914 0.959449
0.463867 0.960846
0.46582 0.962217
0.467773 0.96356
0.469727 0.964877
0.47168 0.966167
0.473633 0.967429
0.475586 0.968664
0.477539 0.969872
0.479492 0.971053
0.481445 0.972206
0.483398 0.973332
0.485352 0.974431
0.487305 0.975501
0.489258 0.976544
0.491211 0.97756
0.493164 0.978547
0.495117 0.979507
0.49707 0.980439
0.499023 0.981343
0.500977 0.982218
0.50293 0.983066
0.504883 0.983885
0.506836 0.984676
0.508789 0.985438
0.510742 0.986172
0.512695 0.986878
0.514648 0.987555
0.516602 0.988203
0.518555 0.988822
0.520508 0.989413
0.522461 0.989975
0.524414 0.990507
0.526367 0.991011
0.52832 0.991485
0.530273 0.991931
0.532227 0.992347
0.53418 0.992733
0.536133 0.99309
0.538086 0.993418
0.540039 0.993715
0.541992 0.993984
0.543945 0.994222
0.545898 0.99443
0.547852 0.994609
0.549805 0.994757
0.551758 0.994876
0.553711 0.994964
0.555664 0.995022
0.557617 0.995049
0.55957 0.995046
0.561523 0.995013
0.563477 0.994949
0.56543 0.994854
0.567383 0.994729
0.569336 0.994572
0.571289 0.994385
0.573242 0.994166
0.575195 0.993917
0.577148 0.993636
0.579102 0.993324
0.581055 0.99298
0.583008 0.992605
0.584961 0.992199
0.586914 0.99176
0.588867 0.99129
0.59082 0.990788
0.592773 0.990255
0.594727 0.989689
0.59668 0.989091
0.598633 0.988461
0.600586 0.987798
0.602539 0.987103
0.604492 0.986376
0.606445 0.985616
0.608398 0.984824
0.610352 0.983998
0.612305 0.98314
0.614258 0.982249
0.616211 0.981324
0.618164 0.980367
0.620117 0.979376
0.62207 0.978352
0.624023 0.977295
0.625977 0.976204
0.62793 0.975079
0.629883 0.973921
0.631836 0.972728
0.633789 0.971502
0.635742 0.970242
0.637695 0.968947
0.639648 0.967619
0.641602 0.966255
0.643555 0.964858
0.645508 0.963426
0.647461 0.961959
0.649414 0.960457
0.651367 0.958921
0.65332 0.95735
0.655273 0.955743
0.657227 0.954101
0.65918 0.952424
0.661133 0.950712
0.663086 0.948964
0.665039 0.94718
0.666992 0.945361
0.668945 0.943506
0.670898 0.941614
0.672852 0.939687
0.674805 0.937724
0.676758 0.935724
0.678711 0.933688
0.680664 0.931615
0.682617 0.929506
0.68457 0.92736
0.686523 0.925177
0.688477 0.922957
0.69043 0.9207
0.692383 0.918405
0.694336 0.916074
0.696289 0.913705
0.698242 0.911298
0.700195 0.908853
0.702148 0.906371
0.704102 0.903851
0.706055 0.901293
0.708008 0.898696
0.709961 0.896061
0.711914 0.893388
0.713867 0.890676
0.71582 0.887926
0.717773 0.885137
0.719727 0.882308
0.72168 0.879441
0.723633 0.876534
0.725586 0.873589
0.727539 0.870603
0.729492 0.867578
0.731445 0.864514
0.733398 0.861409
0.735352 0.858265
0.737305 0.85508
0.739258 0.851855
0.741211 0.84859
0.743164 0.845284
0.745117 0.841938
0.74707 0.83855
0.749023 0.835122
0.750977 0.831653
0.75293 0.828142
0.754883 0.82459
0.756836 0.820997
0.758789 0.817362
0.760742 0.813685
0.762695 0.809966
0.764648 0.806206
0.766602 0.802403
0.768555 0.798557
0.770508 0.794669
0.772461 0.790739
0.774414 0.786765
0.776367 0.782749
0.77832 0.778689
0.780273 0.774586
0.782227 0.77044
0.78418 0.76625
0.786133 0.762017
0.788086 0.75774
0.790039 0.753418
0.791992 0.749053
0.793945 0.744643
0.795898 0.740188
0.797852 0.735689
0.799805 0.731145
0.801758 0.726556
0.803711 0.721921
0.805664 0.717242
0.807617 0.712517
0.80957 0.707746
0.811523 0.70293
0.813477 0.698067
0.81543 0.693158
0.817383 0.688203
0.819336 0.683202
0.821289 0.678154
0.823242 0.673059
0.825195 0.667916
0.827148 0.662727
0.829102 0.65749
0.831055 0.652206
0.833008 0.646874
0.834961 0.641494
0.836914 0.636066
0.838867 0.63059
0.84082 0.625065
0.842773 0.619491
0.844727 0.613869
0.84668 0.608198
0.848633 0.602477
0.850586 0.596707
0.852539 0.590887
0.854492 0.585018
0.856445 0.579099
0.858398 0.573129
0.860352 0.567109
0.862305 0.561038
0.864258 0.554917
0.866211 0.548745
0.868164 0.542521
0.870117 0.536246
0.87207 0.52992
0.874023 0.523541
0.875977 0.517111
0.87793 0.510629
0.879883 0.504094
0.881836 0.497506
0.883789 0.490866
0.885742 0.484172
0.887695 0.477426
0.889648 0.470625
0.891602 0.463771
0.893555 0.456864
0.895508 0.449902
0.897461 0.442885
0.899414 0.435814
0.901367 0.428689
0.90332 0.421508
0.905273 0.414272
0.907227 0.406981
0.90918 0.399634
0.911133 0.392232
0.913086 0.384773
0.915039 0.377258
0.916992 0.369687
0.918945 0.362059
0.920898 0.354375
0.922852 0.346634
0.924805 0.338836
0.926758 0.33098
0.928711 0.323068
0.930664 0.315099
0.932617 0.307072
0.93457 0.298988
0.936523 0.290847
0.938477 0.282649
0.94043 0.274394
0.942383 0.266083
0.944336 0.257715
0.946289 0.249291
0.948242 0.240811
0.950195 0.232277
0.952148 0.223687
0.954102 0.215044
0.956055 0.206347
0.958008 0.197599
0.959961 0.188799
0.961914 0.179948
0.963867 0.171049
0.96582 0.162103
0.967773 0.15311
0.969727 0.144073
0.97168 0.134993
0.973633 0.125872
0.975586 0.116713
0.977539 0.107518
0.979492 0.0982877
0.981445 0.0890262
0.983398 0.0797357
0.985352 0.0704187
0.987305 0.0610782
0.989258 0.051717
0.991211 0.0423382
0.993164 0.0329449
0.995117 0.0235403
0.99707 0.0141274
0.999023 0.00470969
1 0
