0 0
0.000976562 0.00282582
0.00292969 0.00847723
0.00488281 0.0141279
0.00683594 0.0197774
0.00878906 0.0254252
0.0107422 0.0310709
0.0126953 0.036714
0.0146484 0.042354
0.0166016 0.0479905
0.0185547 0.0536229
0.0205078 0.059251
0.0224609 0.0648741
0.0244141 0.070492
0.0263672 0.0761041
0.0283203 0.0817101
0.0302734 0.0873095
0.0322266 0.092902
0.0341797 0.0984871
0.0361328 0.104065
0.0380859 0.109634
0.0400391 0.115195
0.0419922 0.120747
0.0439453 0.12629
0.0458984 0.131824
0.0478516 0.137348
0.0498047 0.142862
0.0517578 0.148365
0.0537109 0.153858
0.0556641 0.15934
0.0576172 0.164811
0.0595703 0.170271
0.0615234 0.175719
0.0634766 0.181156
0.0654297 0.18658
0.0673828 0.191992
0.0693359 0.197392
0.0712891 0.202779
0.0732422 0.208154
0.0751953 0.213515
0.0771484 0.218864
0.0791016 0.224199
0.0810547 0.229521
0.0830078 0.23483
0.0849609 0.240125
0.0869141 0.245406
0.0888672 0.250673
0.0908203 0.255927
0.0927734 0.261166
0.0947266 0.266392
0.0966797 0.271603
0.0986328 0.2768
0.100586 0.281982
0.102539 0.28715
0.104492 0.292304
0.106445 0.297443
0.108398 0.302567
0.110352 0.307676
0.112305 0.312771
0.114258 0.317851
0.116211 0.322916
0.118164 0.327966
0.120117 0.333001
0.12207 0.338021
0.124023 0.343026
0.125977 0.348015
0.12793 0.35299
0.129883 0.357949
0.131836 0.362893
0.133789 0.367821
0.135742 0.372734
0.137695 0.377632
0.139648 0.382514
0.141602 0.387381
0.143555 0.392232
0.145508 0.397068
0.147461 0.401887
0.149414 0.406692
0.151367 0.41148
0.15332 0.416253
0.155273 0.42101
0.157227 0.425751
0.15918 0.430476
0.161133 0.435185
0.163086 0.439878
0.165039 0.444555
0.166992 0.449217
0.168945 0.453862
0.170898 0.458491
0.172852 0.463103
0.174805 0.4677
0.176758 0.47228
0.178711 0.476844
0.180664 0.481392
0.182617 0.485923
0.18457 0.490438
0.186523 0.494937
0.188477 0.499419
0.19043 0.503884
0.192383 0.508333
0.194336 0.512765
0.196289 0.517181
0.198242 0.521579
0.200195 0.525962
0.202148 0.530327
0.204102 0.534675
0.206055 0.539007
0.208008 0.543322
0.209961 0.547619
0.211914 0.5519
0.213867 0.556164
0.21582 0.56041
0.217773 0.56464
0.219727 0.568852
0.22168 0.573047
0.223633 0.577225
0.225586 0.581386
0.227539 0.585529
0.229492 0.589654
0.231445 0.593763
0.233398 0.597854
0.235352 0.601927
0.237305 0.605982
0.239258 0.610021
0.241211 0.614041
0.243164 0.618044
0.245117 0.622029
0.24707 0.625996
0.249023 0.629945
0.250977 0.633876
0.25293 0.63779
0.254883 0.641685
0.256836 0.645562
0.258789 0.649422
0.260742 0.653263
0.262695 0.657086
0.264648 0.66089
0.266602 0.664677
0.268555 0.668445
0.270508 0.672194
0.272461 0.675926
0.274414 0.679638
0.276367 0.683333
0.27832 0.687008
0.280273 0.690665
0.282227 0.694303
0.28418 0.697923
0.286133 0.701524
0.288086 0.705106
0.290039 0.708669
0.291992 0.712213
0.293945 0.715738
0.295898 0.719244
0.297852 0.722731
0.299805 0.726199
0.301758 0.729647
0.303711 0.733077
0.305664 0.736487
0.307617 0.739877
0.30957 0.743249
0.311523 0.7466
0.313477 0.749933
0.31543 0.753245
0.317383 0.756538
0.319336 0.759812
0.321289 0.763065
0.323242 0.766299
0.325195 0.769513
0.327148 0.772707
0.329102 0.775881
0.331055 0.779035
0.333008 0.782169
0.334961 0.785283
0.336914 0.788376
0.338867 0.79145
0.34082 0.794503
0.342773 0.797535
0.344727 0.800547
0.34668 0.803539
0.348633 0.80651
0.350586 0.809461
0.352539 0.812391
0.354492 0.8153
0.356445 0.818188
0.358398 0.821056
0.360352 0.823902
0.362305 0.826728
0.364258 0.829532
0.366211 0.832316
0.368164 0.835078
0.370117 0.837819
0.37207 0.840539
0.374023 0.843237
0.375977 0.845914
0.37793 0.84857
0.379883 0.851204
0.381836 0.853816
0.383789 0.856407
0.385742 0.858976
0.387695 0.861523
0.389648 0.864049
0.391602 0.866552
0.393555 0.869033
0.395508 0.871493
0.397461 0.87393
0.399414 0.876345
0.401367 0.878737
0.40332 0.881108
0.405273 0.883456
0.407227 0.885781
0.40918 0.888084
0.411133 0.890364
0.413086 0.892622
0.415039 0.894857
0.416992 0.897069
0.418945 0.899258
0.420898 0.901424
0.422852 0.903568
0.424805 0.905688
0.426758 0.907784
0.428711 0.909858
0.430664 0.911908
0.432617 0.913935
0.43457 0.915938
0.436523 0.917918
0.438477 0.919874
0.44043 0.921807
0.442383 0.923716
0.444336 0.9256
0.446289 0.927461
0.448242 0.929298
0.450195 0.931111
0.452148 0.9329
0.454102 0.934664
0.456055 0.936404
0.458008 0.93812
0.459961 0.939811
0.461914 0.941478
0.463867 0.94312
0.46582 0.944737
0.467773 0.946329
0.469727 0.947897
0.47168 0.949439
0.473633 0.950957
0.475586 0.952449
0.477539 0.953917
0.479492 0.955359
0.481445 0.956775
0.483398 0.958166
0.485352 0.959531
0.487305 0.960871
0.489258 0.962185
0.491211 0.963474
0.493164 0.964736
0.495117 0.965972
0.49707 0.967183
0.499023 0.968367
0.500977 0.969525
0.50293 0.970656
0.504883 0.971761
0.506836 0.97284
0.508789 0.973892
0.510742 0.974917
0.512695 0.975915
0.514648 0.976887
0.516602 0.977831
0.518555 0.978749
0.520508 0.979639
0.522461 0.980502
0.524414 0.981337
0.526367 0.982145
0.52832 0.982926
0.530273 0.983679
0.532227 0.984404
0.53418 0.985101
0.536133 0.98577
0.538086 0.986411
0.540039 0.987024
0.541992 0.987609
0.543945 0.988165
0.545898 0.988693
0.547852 0.989192
0.549805 0.989663
0.551758 0.990105
0.553711 0.990518
0.555664 0.990902
0.557617 0.991256
0.55957 0.991582
0.561523 0.991878
0.563477 0.992145
0.56543 0.992383
0.567383 0.99259
0.569336 0.992768
0.571289 0.992916
0.573242 0.993034
0.575195 0.993122
0.577148 0.99318
0.579102 0.993208
0.581055 0.993205
0.583008 0.993171
0.584961 0.993107
0.586914 0.993012
0.588867 0.992886
0.59082 0.992729
0.592773 0.992541
0.594727 0.992322
0.59668 0.992071
0.598633 0.991789
0.600586 0.991475
0.602539 0.991129
0.604492 0.990752
0.606445 0.990343
0.608398 0.989901
0.610352 0.989427
0.612305 0.988921
0.614258 0.988382
0.616211 0.987811
0.618164 0.987207
0.620117 0.98657
0.62207 0.9859
0.624023 0.985197
0.625977 0.98446
0.62793 0.98369
0.629883 0.982887
0.631836 0.98205
0.633789 0.981179
0.635742 0.980274
0.637695 0.979334
0.639648 0.978361
0.641602 0.977353
0.643555 0.976311
0.645508 0.975234
0.647461 0.974122
0.649414 0.972975
0.651367 0.971793
0.65332 0.970576
0.655273 0.969324
0.657227 0.968035
0.65918 0.966712
0.661133 0.965352
0.663086 0.963956
0.665039 0.962524
0.666992 0.961056
0.668945 0.959551
0.670898 0.95801
0.672852 0.956431
0.674805 0.954816
0.676758 0.953164
0.678711 0.951474
0.680664 0.949748
0.682617 0.947983
0.68457 0.946181
0.686523 0.94434
0.688477 0.942462
0.69043 0.940545
0.692383 0.93859
0.694336 0.936596
0.696289 0.934564
0.698242 0.932492
0.700195 0.930382
0.702148 0.928232
0.704102 0.926042
0.706055 0.923813
0.708008 0.921544
0.709961 0.919235
0.711914 0.916886
0.713867 0.914496
0.71582 0.912066
0.717773 0.909595
0.719727 0.907083
0.72168 0.90453
0.723633 0.901935
0.725586 0.899299
0.727539 0.896621
0.729492 0.893901
0.731445 0.891139
0.733398 0.888335
0.735352 0.885488
0.737305 0.882599
0.739258 0.879666
0.741211 0.876691
0.743164 0.873672
0.745117 0.870609
0.74707 0.867503
0.749023 0.864352
0.750977 0.861158
0.75293 0.857919
0.754883 0.854635
0.756836 0.851306
0.758789 0.847933
0.760742 0.844514
0.762695 0.841049
0.764648 0.837539
0.766602 0.833982
0.768555 0.83038
0.770508 0.826731
0.772461 0.823035
0.774414 0.819292
0.776367 0.815502
0.77832 0.811665
0.780273 0.80778
0.782227 0.803847
0.78418 0.799866
0.786133 0.795836
0.788086 0.791758
0.790039 0.78763
0.791992 0.783454
0.793945 0.779228
0.795898 0.774953
0.797852 0.770627
0.799805 0.766251
0.801758 0.761825
0.803711 0.757348
0.805664 0.752819
0.807617 0.74824
0.80957 0.743608
0.811523 0.738925
0.813477 0.73419
0.81543 0.729402
0.817383 0.724562
0.819336 0.719668
0.821289 0.714721
0.823242 0.70972
0.825195 0.704665
0.827148 0.699557
0.829102 0.694393
0.831055 0.689175
0.833008 0.683901
0.834961 0.678572
0.836914 0.673187
0.838867 0.667746
0.84082 0.662248
0.842773 0.656694
0.844727 0.651082
0.84668 0.645413
0.848633 0.639686
0.850586 0.633901
0.852539 0.628058
0.854492 0.622155
0.856445 0.616194
0.858398 0.610172
0.860352 0.604091
0.862305 0.59795
0.864258 0.591748
0.866211 0.585484
0.868164 0.57916
0.870117 0.572774
0.87207 0.566325
0.874023 0.559814
0.875977 0.55324
0.87793 0.546603
0.879883 0.539902
0.881836 0.533137
0.883789 0.526307
0.885742 0.519413
0.887695 0.512453
0.889648 0.505427
0.891602 0.498336
0.893555 0.491177
0.895508 0.483952
0.897461 0.476659
0.899414 0.469299
0.901367 0.461871
0.90332 0.454374
0.905273 0.446808
0.907227 0.439172
0.90918 0.431467
0.911133 0.423692
0.913086 0.415846
0.915039 0.40793
0.916992 0.399942
0.918945 0.391883
0.920898 0.383752
0.922852 0.37555
0.924805 0.367275
0.926758 0.358927
0.928711 0.350508
0.930664 0.342015
0.932617 0.33345
0.93457 0.324812
0.936523 0.316102
0.938477 0.307319
0.94043 0.298464
0.942383 0.289537
0.944336 0.280538
0.946289 0.271469
0.948242 0.262329
0.950195 0.253119
0.952148 0.24384
0.954102 0.234493
0.956055 0.22508
0.958008 0.2156
0.959961 0.206056
0.961914 0.19645
0.963867 0.186782
0.96582 0.177055
0.967773 0.167271
0.969727 0.157432
0.97168 0.147539
0.973633 0.137597
0.975586 0.127606
0.977539 0.117571
0.979492 0.107494
0.981445 0.0973775
0.983398 0.0872257
0.985352 0.0770416
0.987305 0.0668286
0.989258 0.0565905
0.991211 0.046331
0.993164 0.0360537
0.995117 0.0257626
0.99707 0.0154615
0.999023 0.00515451
1 0
