0 0
0.000976562 0.00234572
0.00292969 0.00703706
0.00488281 0.0117281
0.00683594 0.0164187
0.00878906 0.0211085
0.0107422 0.0257975
0.0126953 0.0304854
0.0146484 0.035172
0.0166016 0.0398572
0.0185547 0.0445407
0.0205078 0.0492224
0.0224609 0.053902
0.0244141 0.0585794
0.0263672 0.0632543
0.0283203 0.0679267
0.0302734 0.0725963
0.0322266 0.0772629
0.0341797 0.0819264
0.0361328 0.0865865
0.0380859 0.0912432
0.0400391 0.0958962
0.0419922 0.100545
0.0439453 0.10519
0.0458984 0.109831
0.0478516 0.114468
0.0498047 0.1191
0.0517578 0.123727
0.0537109 0.12835
0.0556641 0.132968
0.0576172 0.13758
0.0595703 0.142187
0.0615234 0.146789
0.0634766 0.151386
0.0654297 0.155976
0.0673828 0.160561
0.0693359 0.16514
0.0712891 0.169712
0.0732422 0.174279
0.0751953 0.178839
0.0771484 0.183392
0.0791016 0.18794
0.0810547 0.19248
0.0830078 0.197013
0.0849609 0.20154
0.0869141 0.20606
0.0888672 0.210572
0.0908203 0.215077
0.0927734 0.219575
0.0947266 0.224065
0.0966797 0.228548
0.0986328 0.233024
0.100586 0.237491
0.102539 0.241951
0.104492 0.246403
0.106445 0.250847
0.108398 0.255283
0.110352 0.25971
0.112305 0.26413
0.114258 0.268541
0.116211 0.272944
0.118164 0.277339
0.120117 0.281725
0.12207 0.286102
0.124023 0.290471
0.125977 0.294832
0.12793 0.299183
0.129883 0.303526
0.131836 0.30786
0.133789 0.312185
0.135742 0.316501
0.137695 0.320808
0.139648 0.325106
0.141602 0.329394
0.143555 0.333674
0.145508 0.337944
0.147461 0.342206
0.149414 0.346457
0.151367 0.3507
0.15332 0.354933
0.155273 0.359157
0.157227 0.363371
0.15918 0.367575
0.161133 0.37177
0.163086 0.375956
0.165039 0.380131
0.166992 0.384297
0.168945 0.388453
0.170898 0.3926
0.172852 0.396737
0.174805 0.400863
0.176758 0.40498
0.178711 0.409087
0.180664 0.413184
0.182617 0.417271
0.18457 0.421348
0.186523 0.425414
0.188477 0.429471
0.19043 0.433517
0.192383 0.437553
0.194336 0.441579
0.196289 0.445595
0.198242 0.4496
0.200195 0.453595
0.202148 0.45758
0.204102 0.461554
0.206055 0.465517
0.208008 0.46947
0.209961 0.473413
0.211914 0.477345
0.213867 0.481266
0.21582 0.485177
0.217773 0.489077
0.219727 0.492966
0.22168 0.496845
0.223633 0.500712
0.225586 0.504569
0.227539 0.508415
0.229492 0.51225
0.231445 0.516074
0.233398 0.519887
0.235352 0.523688
0.237305 0.527479
0.239258 0.531259
0.241211 0.535027
0.243164 0.538785
0.245117 0.542531
0.24707 0.546266
0.249023 0.549989
0.250977 0.553701
0.25293 0.557402
0.254883 0.561091
0.256836 0.564769
0.258789 0.568435
0.260742 0.57209
0.262695 0.575733
0.264648 0.579364
0.266602 0.582984
0.268555 0.586591
0.270508 0.590188
0.272461 0.593772
0.274414 0.597344
0.276367 0.600905
0.27832 0.604453
0.280273 0.60799
0.282227 0.611514
0.28418 0.615027
0.286133 0.618527
0.288086 0.622015
0.290039 0.625491
0.291992 0.628954
0.293945 0.632405
0.295898 0.635844
0.297852 0.639271
0.299805 0.642685
0.301758 0.646086
0.303711 0.649475
0.305664 0.652851
0.307617 0.656215
0.30957 0.659566
0.311523 0.662904
0.313477 0.666229
0.31543 0.669542
0.317383 0.672842
0.319336 0.676128
0.321289 0.679402
0.323242 0.682663
0.325195 0.68591
0.327148 0.689144
0.329102 0.692366
0.331055 0.695573
0.333008 0.698768
0.334961 0.701949
0.336914 0.705117
0.338867 0.708271
0.34082 0.711412
0.342773 0.714539
0.344727 0.717653
0.34668 0.720753
0.348633 0.723839
0.350586 0.726911
0.352539 0.72997
0.354492 0.733015
0.356445 0.736045
0.358398 0.739062
0.360352 0.742064
0.362305 0.745053
0.364258 0.748027
0.366211 0.750987
0.368164 0.753932
0.370117 0.756864
0.37207 0.75978
0.374023 0.762683
0.375977 0.76557
0.37793 0.768443
0.379883 0.771302
0.381836 0.774145
0.383789 0.776974
0.385742 0.779788
0.387695 0.782587
0.389648 0.785371
0.391602 0.78814
0.393555 0.790894
0.395508 0.793633
0.397461 0.796356
0.399414 0.799064
0.401367 0.801757
0.40332 0.804434
0.405273 0.807095
0.407227 0.809741
0.40918 0.812372
0.411133 0.814986
0.413086 0.817585
0.415039 0.820168
0.416992 0.822735
0.418945 0.825286
0.420898 0.827821
0.422852 0.83034
0.424805 0.832842
0.426758 0.835328
0.428711 0.837798
0.430664 0.840251
0.432617 0.842688
0.43457 0.845108
0.436523 0.847512
0.438477 0.849898
0.44043 0.852268
0.442383 0.854621
0.444336 0.856957
0.446289 0.859276
0.448242 0.861577
0.450195 0.863862
0.452148 0.866129
0.454102 0.868379
0.456055 0.870611
0.458008 0.872825
0.459961 0.875022
0.461914 0.877201
0.463867 0.879363
0.46582 0.881506
0.467773 0.883631
0.469727 0.885739
0.47168 0.887828
0.473633 0.889899
0.475586 0.891951
0.477539 0.893985
0.479492 0.896001
0.481445 0.897998
0.483398 0.899976
0.485352 0.901935
0.487305 0.903876
0.489258 0.905797
0.491211 0.907699
0.493164 0.909582
0.495117 0.911446
0.49707 0.91329
0.499023 0.915115
0.500977 0.91692
0.50293 0.918706
0.504883 0.920472
0.506836 0.922217
0.508789 0.923943
0.510742 0.925649
0.512695 0.927334
0.514648 0.928999
0.516602 0.930644
0.518555 0.932268
0.520508 0.933872
0.522461 0.935454
0.524414 0.937016
0.526367 0.938557
0.52832 0.940077
0.530273 0.941575
0.532227 0.943052
0.53418 0.944508
0.536133 0.945942
0.538086 0.947355
0.540039 0.948745
0.541992 0.950114
0.543945 0.951461
0.545898 0.952785
0.547852 0.954087
0.549805 0.955367
0.551758 0.956624
0.553711 0.957858
0.555664 0.95907
0.557617 0.960259
0.55957 0.961424
0.561523 0.962567
0.563477 0.963686
0.56543 0.964781
0.567383 0.965853
0.569336 0.966902
0.571289 0.967926
0.573242 0.968926
0.575195 0.969902
0.577148 0.970854
0.579102 0.971781
0.581055 0.972684
0.583008 0.973562
0.584961 0.974415
0.586914 0.975243
0.588867 0.976045
0.59082 0.976823
0.592773 0.977574
0.594727 0.9783
0.59668 0.979001
0.598633 0.979675
0.600586 0.980323
0.602539 0.980945
0.604492 0.98154
0.606445 0.982108
0.608398 0.98265
0.610352 0.983164
0.612305 0.983652
0.614258 0.984112
0.616211 0.984544
0.618164 0.984949
0.620117 0.985326
0.62207 0.985675
0.624023 0.985995
0.625977 0.986287
0.62793 0.986551
0.629883 0.986785
0.631836 0.986991
0.633789 0.987167
0.635742 0.987314
0.637695 0.987431
0.639648 0.987518
0.641602 0.987575
0.643555 0.987602
0.645508 0.987599
0.647461 0.987565
0.649414 0.9875
0.651367 0.987403
0.65332 0.987276
0.655273 0.987117
0.657227 0.986926
0.65918 0.986703
0.661133 0.986448
0.663086 0.986161
0.665039 0.98584
0.666992 0.985487
0.668945 0.985101
0.670898 0.984681
0.672852 0.984227
0.674805 0.98374
0.676758 0.983218
0.678711 0.982662
0.680664 0.982071
0.682617 0.981445
0.68457 0.980784
0.686523 0.980087
0.688477 0.979355
0.69043 0.978586
0.692383 0.977781
0.694336 0.97694
0.696289 0.976061
0.698242 0.975145
0.700195 0.974192
0.702148 0.973201
0.704102 0.972172
0.706055 0.971104
0.708008 0.969997
0.709961 0.968852
0.711914 0.967667
0.713867 0.966442
0.71582 0.965177
0.717773 0.963872
0.719727 0.962526
0.72168 0.961138
0.723633 0.95971
0.725586 0.958239
0.727539 0.956727
0.729492 0.955172
0.731445 0.953573
0.733398 0.951932
0.735352 0.950247
0.737305 0.948518
0.739258 0.946744
0.741211 0.944925
0.743164 0.943061
0.745117 0.941152
0.74707 0.939196
0.749023 0.937194
0.750977 0.935144
0.75293 0.933048
0.754883 0.930903
0.756836 0.92871
0.758789 0.926468
0.760742 0.924177
0.762695 0.921836
0.764648 0.919445
0.766602 0.917003
0.768555 0.91451
0.770508 0.911965
0.772461 0.909368
0.774414 0.906718
0.776367 0.904015
0.77832 0.901258
0.780273 0.898446
0.782227 0.895579
0.78418 0.892657
0.786133 0.889678
0.788086 0.886643
0.790039 0.88355
0.791992 0.880399
0.793945 0.87719
0.795898 0.873921
0.797852 0.870592
0.799805 0.867203
0.801758 0.863752
0.803711 0.86024
0.805664 0.856664
0.807617 0.853025
0.80957 0.849322
0.811523 0.845554
0.813477 0.841721
0.81543 0.83782
0.817383 0.833853
0.819336 0.829817
0.821289 0.825713
0.823242 0.821539
0.825195 0.817294
0.827148 0.812978
0.829102 0.808589
0.831055 0.804127
0.833008 0.79959
0.834961 0.794979
0.836914 0.790291
0.838867 0.785526
0.84082 0.780683
0.842773 0.77576
0.844727 0.770757
0.84668 0.765673
0.848633 0.760506
0.850586 0.755255
0.852539 0.749919
0.854492 0.744497
0.856445 0.738988
0.858398 0.73339
0.860352 0.727702
0.862305 0.721923
0.864258 0.716052
0.866211 0.710086
0.868164 0.704025
0.870117 0.697868
0.87207 0.691612
0.874023 0.685256
0.875977 0.678799
0.87793 0.672238
0.879883 0.665573
0.881836 0.658802
0.883789 0.651923
0.885742 0.644934
0.887695 0.637834
0.889648 0.630621
0.891602 0.623292
0.893555 0.615846
0.895508 0.608282
0.897461 0.600596
0.899414 0.592788
0.901367 0.584855
0.90332 0.576796
0.905273 0.568607
0.907227 0.560288
0.90918 0.551835
0.911133 0.543248
0.913086 0.534524
0.915039 0.52566
0.916992 0.516656
0.918945 0.507508
0.920898 0.498215
0.922852 0.488776
0.924805 0.479187
0.926758 0.469448
0.928711 0.459557
0.930664 0.449511
0.932617 0.439311
0.93457 0.428953
0.936523 0.418438
0.938477 0.407764
0.94043 0.39693
0.942383 0.385936
0.944336 0.374781
0.946289 0.363466
0.948242 0.35199
0.950195 0.340355
0.952148 0.32856
0.954102 0.316607
0.956055 0.304497
0.958008 0.292234
0.959961 0.279818
0.961914 0.267252
0.963867 0.254541
0.96582 0.241687
0.967773 0.228695
0.969727 0.215569
0.97168 0.202315
0.973633 0.188937
0.975586 0.175442
0.977539 0.161837
0.979492 0.148128
0.981445 0.134323
0.983398 0.120429
0.985352 0.106455
0.987305 0.0924097
0.989258 0.0783011
0.991211 0.0641388
0.993164 0.0499321
0.995117 0.0356907
0.99707 0.0214244
0.999023 0.00714314
1 0
