0 0
0.000976562 0.00214753
0.00292969 0.00644251
0.00488281 0.0107373
0.00683594 0.0150318
0.00878906 0.0193258
0.0107422 0.0236191
0.0126953 0.0279118
0.0146484 0.0322036
0.0166016 0.0364944
0.0185547 0.0407841
0.0205078 0.0450726
0.0224609 0.0493597
0.0244141 0.0536452
0.0263672 0.0579291
0.0283203 0.0622113
0.0302734 0.0664915
0.0322266 0.0707698
0.0341797 0.0750459
0.0361328 0.0793197
0.0380859 0.0835912
0.0400391 0.0878601
0.0419922 0.0921264
0.0439453 0.09639
0.0458984 0.100651
0.0478516 0.104908
0.0498047 0.109163
0.0517578 0.113414
0.0537109 0.117662
0.0556641 0.121907
0.0576172 0.126148
0.0595703 0.130386
0.0615234 0.134619
0.0634766 0.138849
0.0654297 0.143075
0.0673828 0.147297
0.0693359 0.151514
0.0712891 0.155728
0.0732422 0.159936
0.0751953 0.164141
0.0771484 0.168341
0.0791016 0.172536
0.0810547 0.176727
0.0830078 0.180912
0.0849609 0.185093
0.0869141 0.189269
0.0888672 0.193439
0.0908203 0.197605
0.0927734 0.201765
0.0947266 0.20592
0.0966797 0.210069
0.0986328 0.214213
0.100586 0.218351
0.102539 0.222484
0.104492 0.226611
0.106445 0.230732
0.108398 0.234847
0.110352 0.238957
0.112305 0.24306
0.114258 0.247157
0.116211 0.251248
0.118164 0.255333
0.120117 0.259412
0.12207 0.263484
0.124023 0.26755
0.125977 0.27161
0.12793 0.275663
0.129883 0.279709
0.131836 0.283749
0.133789 0.287783
0.135742 0.291809
0.137695 0.295829
0.139648 0.299842
0.141602 0.303848
0.143555 0.307847
0.145508 0.31184
0.147461 0.315825
0.149414 0.319803
0.151367 0.323774
0.15332 0.327738
0.155273 0.331695
0.157227 0.335645
0.15918 0.339587
0.161133 0.343522
0.163086 0.34745
0.165039 0.35137
0.166992 0.355283
0.168945 0.359188
0.170898 0.363086
0.172852 0.366977
0.174805 0.370859
0.176758 0.374734
0.178711 0.378602
0.180664 0.382462
0.182617 0.386314
0.18457 0.390158
0.186523 0.393994
0.188477 0.397823
0.19043 0.401644
0.192383 0.405457
0.194336 0.409262
0.196289 0.413058
0.198242 0.416847
0.200195 0.420628
0.202148 0.424401
0.204102 0.428166
0.206055 0.431922
0.208008 0.435671
0.209961 0.439411
0.211914 0.443143
0.213867 0.446866
0.21582 0.450582
0.217773 0.454288
0.219727 0.457987
0.22168 0.461677
0.223633 0.465359
0.225586 0.469032
0.227539 0.472697
0.229492 0.476353
0.231445 0.48
0.233398 0.483639
0.235352 0.48727
0.237305 0.490891
0.239258 0.494504
0.241211 0.498108
0.243164 0.501703
0.245117 0.50529
0.24707 0.508868
0.249023 0.512436
0.250977 0.515996
0.25293 0.519547
0.254883 0.523089
0.256836 0.526622
0.258789 0.530146
0.260742 0.53366
0.262695 0.537166
0.264648 0.540662
0.266602 0.544149
0.268555 0.547627
0.270508 0.551096
0.272461 0.554555
0.274414 0.558005
0.276367 0.561446
0.27832 0.564877
0.280273 0.568299
0.282227 0.571711
0.28418 0.575113
0.286133 0.578506
0.288086 0.58189
0.290039 0.585264
0.291992 0.588628
0.293945 0.591982
0.295898 0.595327
0.297852 0.598661
0.299805 0.601986
0.301758 0.605301
0.303711 0.608606
0.305664 0.611901
0.307617 0.615186
0.30957 0.618461
0.311523 0.621726
0.313477 0.624981
0.31543 0.628226
0.317383 0.63146
0.319336 0.634684
0.321289 0.637898
0.323242 0.641101
0.325195 0.644294
0.327148 0.647477
0.329102 0.650649
0.331055 0.65381
0.333008 0.656961
0.334961 0.660102
0.336914 0.663231
0.338867 0.66635
0.34082 0.669459
0.342773 0.672556
0.344727 0.675642
0.34668 0.678718
0.348633 0.681783
0.350586 0.684837
0.352539 0.687879
0.354492 0.690911
0.356445 0.693931
0.358398 0.69694
0.360352 0.699938
0.362305 0.702925
0.364258 0.705901
0.366211 0.708865
0.368164 0.711817
0.370117 0.714758
0.37207 0.717688
0.374023 0.720606
0.375977 0.723512
0.37793 0.726406
0.379883 0.729289
0.381836 0.73216
0.383789 0.735019
0.385742 0.737866
0.387695 0.740702
0.389648 0.743525
0.391602 0.746336
0.393555 0.749135
0.395508 0.751922
0.397461 0.754696
0.399414 0.757458
0.401367 0.760208
0.40332 0.762946
0.405273 0.76567
0.407227 0.768383
0.40918 0.771083
0.411133 0.77377
0.413086 0.776444
0.415039 0.779106
0.416992 0.781754
0.418945 0.78439
0.420898 0.787013
0.422852 0.789622
0.424805 0.792219
0.426758 0.794803
0.428711 0.797373
0.430664 0.79993
0.432617 0.802473
0.43457 0.805003
0.436523 0.80752
0.438477 0.810023
0.44043 0.812512
0.442383 0.814988
0.444336 0.81745
0.446289 0.819898
0.448242 0.822332
0.450195 0.824752
0.452148 0.827158
0.454102 0.82955
0.456055 0.831928
0.458008 0.834291
0.459961 0.83664
0.461914 0.838975
0.463867 0.841295
0.46582 0.8436
0.467773 0.845891
0.469727 0.848167
0.47168 0.850428
0.473633 0.852675
0.475586 0.854906
0.477539 0.857122
0.479492 0.859324
0.481445 0.861509
0.483398 0.86368
0.485352 0.865835
0.487305 0.867975
0.489258 0.870099
0.491211 0.872208
0.493164 0.8743
0.495117 0.876377
0.49707 0.878438
0.499023 0.880483
0.500977 0.882512
0.50293 0.884525
0.504883 0.886521
0.506836 0.888501
0.508789 0.890465
0.510742 0.892412
0.512695 0.894342
0.514648 0.896256
0.516602 0.898153
0.518555 0.900032
0.520508 0.901895
0.522461 0.903741
0.524414 0.905569
0.526367 0.90738
0.52832 0.909174
0.530273 0.910949
0.532227 0.912708
0.53418 0.914448
0.536133 0.916171
0.538086 0.917875
0.540039 0.919562
0.541992 0.92123
0.543945 0.92288
0.545898 0.924512
0.547852 0.926124
0.549805 0.927719
0.551758 0.929294
0.553711 0.930851
0.555664 0.932388
0.557617 0.933907
0.55957 0.935406
0.561523 0.936885
0.563477 0.938345
0.56543 0.939786
0.567383 0.941207
0.569336 0.942607
0.571289 0.943988
0.573242 0.945349
0.575195 0.946689
0.577148 0.948009
0.579102 0.949308
0.581055 0.950587
0.583008 0.951844
0.584961 0.953081
0.586914 0.954297
0.588867 0.955491
0.59082 0.956664
0.592773 0.957815
0.594727 0.958945
0.59668 0.960052
0.598633 0.961138
0.600586 0.962201
0.602539 0.963242
0.604492 0.964261
0.606445 0.965257
0.608398 0.96623
0.610352 0.96718
0.612305 0.968107
0.614258 0.969011
0.616211 0.969891
0.618164 0.970747
0.620117 0.97158
0.62207 0.972389
0.624023 0.973173
0.625977 0.973933
0.62793 0.974669
0.629883 0.975379
0.631836 0.976065
0.633789 0.976726
0.635742 0.977361
0.637695 0.977971
0.639648 0.978555
0.641602 0.979113
0.643555 0.979645
0.645508 0.980151
0.647461 0.98063
0.649414 0.981082
0.651367 0.981507
0.65332 0.981906
0.655273 0.982276
0.657227 0.98262
0.65918 0.982935
0.661133 0.983222
0.663086 0.983481
0.665039 0.983711
0.666992 0.983913
0.668945 0.984085
0.670898 0.984229
0.672852 0.984342
0.674805 0.984426
0.676758 0.98448
0.678711 0.984503
0.680664 0.984496
0.682617 0.984458
0.68457 0.984389
0.686523 0.984289
0.688477 0.984157
0.69043 0.983993
0.692383 0.983796
0.694336 0.983567
0.696289 0.983305
0.698242 0.98301
0.700195 0.982682
0.702148 0.98232
0.704102 0.981923
0.706055 0.981493
0.708008 0.981027
0.709961 0.980527
0.711914 0.979991
0.713867 0.979419
0.71582 0.978811
0.717773 0.978166
0.719727 0.977485
0.72168 0.976767
0.723633 0.97601
0.725586 0.975216
0.727539 0.974384
0.729492 0.973513
0.731445 0.972602
0.733398 0.971652
0.735352 0.970662
0.737305 0.969632
0.739258 0.968561
0.741211 0.967448
0.743164 0.966294
0.745117 0.965098
0.74707 0.963858
0.749023 0.962576
0.750977 0.96125
0.75293 0.95988
0.754883 0.958466
0.756836 0.957006
0.758789 0.955501
0.760742 0.953949
0.762695 0.952351
0.764648 0.950705
0.766602 0.949012
0.768555 0.94727
0.770508 0.94548
0.772461 0.943639
0.774414 0.941749
0.776367 0.939807
0.77832 0.937814
0.780273 0.935769
0.782227 0.933672
0.78418 0.93152
0.786133 0.929315
0.788086 0.927055
0.790039 0.924739
0.791992 0.922367
0.793945 0.919937
0.795898 0.91745
0.797852 0.914904
0.799805 0.912299
0.801758 0.909633
0.803711 0.906906
0.805664 0.904117
0.807617 0.901265
0.80957 0.898349
0.811523 0.895368
0.813477 0.892322
0.81543 0.889208
0.817383 0.886027
0.819336 0.882777
0.821289 0.879458
0.823242 0.876067
0.825195 0.872604
0.827148 0.869067
0.829102 0.865457
0.831055 0.86177
0.833008 0.858007
0.834961 0.854165
0.836914 0.850243
0.838867 0.846241
0.84082 0.842156
0.842773 0.837987
0.844727 0.833733
0.84668 0.829392
0.848633 0.824963
0.850586 0.820443
0.852539 0.815832
0.854492 0.811127
0.856445 0.806327
0.858398 0.801429
0.860352 0.796432
0.862305 0.791334
0.864258 0.786133
0.866211 0.780826
0.868164 0.775412
0.870117 0.769889
0.87207 0.764253
0.874023 0.758502
0.875977 0.752634
0.87793 0.746647
0.879883 0.740538
0.881836 0.734303
0.883789 0.72794
0.885742 0.721447
0.887695 0.714819
0.889648 0.708054
0.891602 0.701149
0.893555 0.6941
0.895508 0.686903
0.897461 0.679556
0.899414 0.672054
0.901367 0.664394
0.90332 0.656571
0.905273 0.648582
0.907227 0.640422
0.90918 0.632088
0.911133 0.623575
0.913086 0.614878
0.915039 0.605993
0.916992 0.596915
0.918945 0.58764
0.920898 0.578163
0.922852 0.56848
0.924805 0.558585
0.926758 0.548474
0.928711 0.538143
0.930664 0.527585
0.932617 0.516798
0.93457 0.505776
0.936523 0.494516
0.938477 0.483013
0.94043 0.471263
0.942383 0.459263
0.944336 0.447009
0.946289 0.434499
0.948242 0.42173
0.950195 0.408701
0.952148 0.395409
0.954102 0.381855
0.956055 0.368038
0.958008 0.353958
0.959961 0.339618
0.961914 0.32502
0.963867 0.310166
0.96582 0.295061
0.967773 0.27971
0.969727 0.264119
0.97168 0.248295
0.973633 0.232247
0.975586 0.215984
0.977539 0.199517
0.979492 0.182857
0.981445 0.166016
0.983398 0.149009
0.985352 0.13185
0.987305 0.114554
0.989258 0.0971384
0.991211 0.0796197
0.993164 0.0620159
0.995117 0.0443452
0.99707 0.0266264
0.999023 0.0088787
1 0
