0 0
0.000976562 0.00209981
0.00292969 0.00629936
0.00488281 0.0104987
0.00683594 0.0146978
0.00878906 0.0188965
0.0107422 0.0230946
0.0126953 0.027292
0.0146484 0.0314887
0.0166016 0.0356845
0.0185547 0.0398792
0.0205078 0.0440729
0.0224609 0.0482652
0.0244141 0.0524563
0.0263672 0.0566458
0.0283203 0.0608337
0.0302734 0.0650199
0.0322266 0.0692043
0.0341797 0.0733867
0.0361328 0.0775671
0.0380859 0.0817453
0.0400391 0.0859212
0.0419922 0.0900947
0.0439453 0.0942658
0.0458984 0.0984342
0.0478516 0.1026
0.0498047 0.106763
0.0517578 0.110923
0.0537109 0.11508
0.0556641 0.119234
0.0576172 0.123384
0.0595703 0.127531
0.0615234 0.131675
0.0634766 0.135815
0.0654297 0.139952
0.0673828 0.144085
0.0693359 0.148214
0.0712891 0.152339
0.0732422 0.156461
0.0751953 0.160578
0.0771484 0.164691
0.0791016 0.1688
0.0810547 0.172904
0.0830078 0.177004
0.0849609 0.181099
0.0869141 0.18519
0.0888672 0.189276
0.0908203 0.193358
0.0927734 0.197434
0.0947266 0.201506
0.0966797 0.205573
0.0986328 0.209634
0.100586 0.213691
0.102539 0.217742
0.104492 0.221788
0.106445 0.225829
0.108398 0.229864
0.110352 0.233894
0.112305 0.237918
0.114258 0.241937
0.116211 0.24595
0.118164 0.249957
0.120117 0.253959
0.12207 0.257955
0.124023 0.261944
0.125977 0.265928
0.12793 0.269906
0.129883 0.273878
0.131836 0.277844
0.133789 0.281803
0.135742 0.285757
0.137695 0.289704
0.139648 0.293645
0.141602 0.297579
0.143555 0.301507
0.145508 0.305429
0.147461 0.309344
0.149414 0.313252
0.151367 0.317154
0.15332 0.321049
0.155273 0.324938
0.157227 0.32882
0.15918 0.332695
0.161133 0.336563
0.163086 0.340425
0.165039 0.344279
0.166992 0.348127
0.168945 0.351968
0.170898 0.355802
0.172852 0.359628
0.174805 0.363448
0.176758 0.36726
0.178711 0.371066
0.180664 0.374864
0.182617 0.378655
0.18457 0.382439
0.186523 0.386215
0.188477 0.389984
0.19043 0.393746
0.192383 0.397501
0.194336 0.401247
0.196289 0.404987
0.198242 0.408719
0.200195 0.412443
0.202148 0.41616
0.204102 0.41987
0.206055 0.423571
0.208008 0.427265
0.209961 0.430952
0.211914 0.434631
0.213867 0.438301
0.21582 0.441965
0.217773 0.44562
0.219727 0.449267
0.22168 0.452907
0.223633 0.456538
0.225586 0.460162
0.227539 0.463778
0.229492 0.467386
0.231445 0.470985
0.233398 0.474577
0.235352 0.47816
0.237305 0.481736
0.239258 0.485303
0.241211 0.488862
0.243164 0.492412
0.245117 0.495955
0.24707 0.499489
0.249023 0.503015
0.250977 0.506532
0.25293 0.510041
0.254883 0.513542
0.256836 0.517034
0.258789 0.520517
0.260742 0.523992
0.262695 0.527459
0.264648 0.530917
0.266602 0.534366
0.268555 0.537807
0.270508 0.541238
0.272461 0.544661
0.274414 0.548076
0.276367 0.551481
0.27832 0.554878
0.280273 0.558266
0.282227 0.561644
0.28418 0.565014
0.286133 0.568375
0.288086 0.571727
0.290039 0.57507
0.291992 0.578403
0.293945 0.581728
0.295898 0.585043
0.297852 0.588349
0.299805 0.591646
0.301758 0.594934
0.303711 0.598212
0.305664 0.601481
0.307617 0.60474
0.30957 0.60799
0.311523 0.611231
0.313477 0.614461
0.31543 0.617683
0.317383 0.620895
0.319336 0.624097
0.321289 0.627289
0.323242 0.630472
0.325195 0.633645
0.327148 0.636808
0.329102 0.639961
0.331055 0.643104
0.333008 0.646238
0.334961 0.649361
0.336914 0.652474
0.338867 0.655578
0.34082 0.658671
0.342773 0.661754
0.344727 0.664827
0.34668 0.667889
0.348633 0.670941
0.350586 0.673983
0.352539 0.677015
0.354492 0.680036
0.356445 0.683046
0.358398 0.686046
0.360352 0.689036
0.362305 0.692015
0.364258 0.694983
0.366211 0.69794
0.368164 0.700887
0.370117 0.703823
0.37207 0.706748
0.374023 0.709662
0.375977 0.712565
0.37793 0.715457
0.379883 0.718338
0.381836 0.721208
0.383789 0.724067
0.385742 0.726914
0.387695 0.729751
0.389648 0.732575
0.391602 0.735389
0.393555 0.738191
0.395508 0.740982
0.397461 0.743761
0.399414 0.746528
0.401367 0.749284
0.40332 0.752028
0.405273 0.75476
0.407227 0.757481
0.40918 0.760189
0.411133 0.762886
0.413086 0.765571
0.415039 0.768243
0.416992 0.770904
0.418945 0.773552
0.420898 0.776188
0.422852 0.778812
0.424805 0.781423
0.426758 0.784022
0.428711 0.786608
0.430664 0.789182
0.432617 0.791744
0.43457 0.794292
0.436523 0.796828
0.438477 0.799351
0.44043 0.801862
0.442383 0.804359
0.444336 0.806843
0.446289 0.809314
0.448242 0.811772
0.450195 0.814217
0.452148 0.816649
0.454102 0.819067
0.456055 0.821472
0.458008 0.823863
0.459961 0.826241
0.461914 0.828605
0.463867 0.830955
0.46582 0.833292
0.467773 0.835615
0.469727 0.837924
0.47168 0.840218
0.473633 0.842499
0.475586 0.844766
0.477539 0.847018
0.479492 0.849256
0.481445 0.85148
0.483398 0.853689
0.485352 0.855884
0.487305 0.858064
0.489258 0.860229
0.491211 0.862379
0.493164 0.864515
0.495117 0.866636
0.49707 0.868741
0.499023 0.870832
0.500977 0.872907
0.50293 0.874967
0.504883 0.877011
0.506836 0.87904
0.508789 0.881053
0.510742 0.883051
0.512695 0.885033
0.514648 0.886999
0.516602 0.888949
0.518555 0.890883
0.520508 0.892801
0.522461 0.894703
0.524414 0.896588
0.526367 0.898457
0.52832 0.90031
0.530273 0.902146
0.532227 0.903964
0.53418 0.905767
0.536133 0.907552
0.538086 0.90932
0.540039 0.911071
0.541992 0.912805
0.543945 0.914521
0.545898 0.91622
0.547852 0.917901
0.549805 0.919565
0.551758 0.92121
0.553711 0.922838
0.555664 0.924448
0.557617 0.926039
0.55957 0.927613
0.561523 0.929167
0.563477 0.930704
0.56543 0.932221
0.567383 0.93372
0.569336 0.9352
0.571289 0.936661
0.573242 0.938103
0.575195 0.939526
0.577148 0.940929
0.579102 0.942312
0.581055 0.943676
0.583008 0.94502
0.584961 0.946344
0.586914 0.947648
0.588867 0.948932
0.59082 0.950195
0.592773 0.951438
0.594727 0.952661
0.59668 0.953862
0.598633 0.955042
0.600586 0.956202
0.602539 0.95734
0.604492 0.958457
0.606445 0.959552
0.608398 0.960625
0.610352 0.961676
0.612305 0.962706
0.614258 0.963713
0.616211 0.964698
0.618164 0.96566
0.620117 0.9666
0.62207 0.967516
0.624023 0.96841
0.625977 0.96928
0.62793 0.970127
0.629883 0.970951
0.631836 0.97175
0.633789 0.972526
0.635742 0.973277
0.637695 0.974004
0.639648 0.974707
0.641602 0.975384
0.643555 0.976037
0.645508 0.976665
0.647461 0.977267
0.649414 0.977844
0.651367 0.978395
0.65332 0.97892
0.655273 0.979419
0.657227 0.979891
0.65918 0.980337
0.661133 0.980756
0.663086 0.981148
0.665039 0.981512
0.666992 0.981849
0.668945 0.982158
0.670898 0.982439
0.672852 0.982692
0.674805 0.982916
0.676758 0.983112
0.678711 0.983278
0.680664 0.983415
0.682617 0.983523
0.68457 0.9836
0.686523 0.983648
0.688477 0.983665
0.69043 0.983652
0.692383 0.983607
0.694336 0.983531
0.696289 0.983424
0.698242 0.983285
0.700195 0.983114
0.702148 0.98291
0.704102 0.982673
0.706055 0.982404
0.708008 0.982101
0.709961 0.981764
0.711914 0.981393
0.713867 0.980988
0.71582 0.980548
0.717773 0.980072
0.719727 0.979561
0.72168 0.979015
0.723633 0.978432
0.725586 0.977812
0.727539 0.977156
0.729492 0.976462
0.731445 0.97573
0.733398 0.97496
0.735352 0.974152
0.737305 0.973304
0.739258 0.972417
0.741211 0.97149
0.743164 0.970523
0.745117 0.969515
0.74707 0.968465
0.749023 0.967374
0.750977 0.966241
0.75293 0.965065
0.754883 0.963845
0.756836 0.962582
0.758789 0.961274
0.760742 0.959922
0.762695 0.958525
0.764648 0.957081
0.766602 0.955591
0.768555 0.954054
0.770508 0.952469
0.772461 0.950837
0.774414 0.949155
0.776367 0.947423
0.77832 0.945642
0.780273 0.94381
0.782227 0.941926
0.78418 0.93999
0.786133 0.938001
0.788086 0.935959
0.790039 0.933862
0.791992 0.931711
0.793945 0.929503
0.795898 0.927239
0.797852 0.924917
0.799805 0.922537
0.801758 0.920097
0.803711 0.917598
0.805664 0.915038
0.807617 0.912416
0.80957 0.909731
0.811523 0.906982
0.813477 0.904169
0.81543 0.90129
0.817383 0.898343
0.819336 0.895329
0.821289 0.892246
0.823242 0.889093
0.825195 0.885869
0.827148 0.882572
0.829102 0.879201
0.831055 0.875755
0.833008 0.872233
0.834961 0.868633
0.836914 0.864954
0.838867 0.861194
0.84082 0.857352
0.842773 0.853427
0.844727 0.849416
0.84668 0.845319
0.848633 0.841133
0.850586 0.836857
0.852539 0.832489
0.854492 0.828027
0.856445 0.823469
0.858398 0.818813
0.860352 0.814058
0.862305 0.8092
0.864258 0.804238
0.866211 0.79917
0.868164 0.793992
0.870117 0.788704
0.87207 0.783301
0.874023 0.777782
0.875977 0.772144
0.87793 0.766383
0.879883 0.760497
0.881836 0.754484
0.883789 0.748338
0.885742 0.742058
0.887695 0.73564
0.889648 0.729081
0.891602 0.722376
0.893555 0.715522
0.895508 0.708514
0.897461 0.70135
0.899414 0.694024
0.901367 0.686532
0.90332 0.67887
0.905273 0.671033
0.907227 0.663016
0.90918 0.654814
0.911133 0.646422
0.913086 0.637835
0.915039 0.629047
0.916992 0.620053
0.918945 0.610848
0.920898 0.601425
0.922852 0.591778
0.924805 0.581903
0.926758 0.571792
0.928711 0.56144
0.930664 0.550842
0.932617 0.53999
0.93457 0.52888
0.936523 0.517505
0.938477 0.505861
0.94043 0.493941
0.942383 0.481742
0.944336 0.469257
0.946289 0.456483
0.948242 0.443416
0.950195 0.430053
0.952148 0.416391
0.954102 0.402428
0.956055 0.388163
0.958008 0.373596
0.959961 0.358726
0.961914 0.343556
0.963867 0.328089
0.96582 0.312327
0.967773 0.296277
0.969727 0.279944
0.97168 0.263337
0.973633 0.246463
0.975586 0.229334
0.977539 0.211962
0.979492 0.194359
0.981445 0.17654
0.983398 0.158521
0.985352 0.14032
0.987305 0.121954
0.989258 0.103444
0.991211 0.0848086
0.993164 0.0660705
0.995117 0.0472515
0.99707 0.0283743
0.999023 0.00946202
1 0
