0 0
0.000976562 0.00190204
0.00292969 0.00570609
0.00488281 0.00951003
0.00683594 0.0133138
0.00878906 0.0171172
0.0107422 0.0209203
0.0126953 0.024723
0.0146484 0.0285252
0.0166016 0.0323268
0.0185547 0.0361277
0.0205078 0.0399279
0.0224609 0.0437272
0.0244141 0.0475257
0.0263672 0.0513232
0.0283203 0.0551196
0.0302734 0.058915
0.0322266 0.0627091
0.0341797 0.0665019
0.0361328 0.0702934
0.0380859 0.0740835
0.0400391 0.0778721
0.0419922 0.081659
0.0439453 0.0854444
0.0458984 0.089228
0.0478516 0.0930099
0.0498047 0.0967898
0.0517578 0.100568
0.0537109 0.104344
0.0556641 0.108118
0.0576172 0.11189
0.0595703 0.115659
0.0615234 0.119427
0.0634766 0.123192
0.0654297 0.126954
0.0673828 0.130714
0.0693359 0.134472
0.0712891 0.138227
0.0732422 0.141979
0.0751953 0.145728
0.0771484 0.149475
0.0791016 0.153219
0.0810547 0.15696
0.0830078 0.160697
0.0849609 0.164432
0.0869141 0.168164
0.0888672 0.171892
0.0908203 0.175618
0.0927734 0.17934
0.0947266 0.183058
0.0966797 0.186774
0.0986328 0.190485
0.100586 0.194194
0.102539 0.197898
0.104492 0.201599
0.106445 0.205297
0.108398 0.20899
0.110352 0.21268
0.112305 0.216366
0.114258 0.220049
0.116211 0.223727
0.118164 0.227401
0.120117 0.231071
0.12207 0.234738
0.124023 0.2384
0.125977 0.242058
0.12793 0.245711
0.129883 0.249361
0.131836 0.253006
0.133789 0.256647
0.135742 0.260283
0.137695 0.263915
0.139648 0.267542
0.141602 0.271165
0.143555 0.274784
0.145508 0.278398
0.147461 0.282007
0.149414 0.285611
0.151367 0.289211
0.15332 0.292806
0.155273 0.296397
0.157227 0.299982
0.15918 0.303563
0.161133 0.307139
0.163086 0.310709
0.165039 0.314275
0.166992 0.317836
0.168945 0.321392
0.170898 0.324943
0.172852 0.328488
0.174805 0.332029
0.176758 0.335564
0.178711 0.339094
0.180664 0.342619
0.182617 0.346139
0.18457 0.349653
0.186523 0.353162
0.188477 0.356666
0.19043 0.360165
0.192383 0.363657
0.194336 0.367145
0.196289 0.370627
0.198242 0.374103
0.200195 0.377574
0.202148 0.38104
0.204102 0.3845
0.206055 0.387954
0.208008 0.391403
0.209961 0.394845
0.211914 0.398283
0.213867 0.401714
0.21582 0.40514
0.217773 0.40856
0.219727 0.411974
0.22168 0.415382
0.223633 0.418785
0.225586 0.422181
0.227539 0.425572
0.229492 0.428956
0.231445 0.432335
0.233398 0.435708
0.235352 0.439074
0.237305 0.442435
0.239258 0.445789
0.241211 0.449138
0.243164 0.45248
0.245117 0.455816
0.24707 0.459146
0.249023 0.46247
0.250977 0.465787
0.25293 0.469098
0.254883 0.472403
0.256836 0.475701
0.258789 0.478994
0.260742 0.482279
0.262695 0.485559
0.264648 0.488832
0.266602 0.492098
0.268555 0.495358
0.270508 0.498611
0.272461 0.501858
0.274414 0.505099
0.276367 0.508332
0.27832 0.511559
0.280273 0.51478
0.282227 0.517994
0.28418 0.521201
0.286133 0.524401
0.288086 0.527594
0.290039 0.530781
0.291992 0.533961
0.293945 0.537134
0.295898 0.5403
0.297852 0.543459
0.299805 0.546611
0.301758 0.549756
0.303711 0.552895
0.305664 0.556026
0.307617 0.55915
0.30957 0.562267
0.311523 0.565377
0.313477 0.568479
0.31543 0.571575
0.317383 0.574663
0.319336 0.577744
0.321289 0.580818
0.323242 0.583884
0.325195 0.586943
0.327148 0.589995
0.329102 0.593039
0.331055 0.596076
0.333008 0.599105
0.334961 0.602127
0.336914 0.605141
0.338867 0.608147
0.34082 0.611146
0.342773 0.614137
0.344727 0.617121
0.34668 0.620097
0.348633 0.623065
0.350586 0.626025
0.352539 0.628978
0.354492 0.631922
0.356445 0.634859
0.358398 0.637788
0.360352 0.640708
0.362305 0.643621
0.364258 0.646526
0.366211 0.649422
0.368164 0.652311
0.370117 0.655191
0.37207 0.658063
0.374023 0.660927
0.375977 0.663783
0.37793 0.66663
0.379883 0.669469
0.381836 0.672299
0.383789 0.675121
0.385742 0.677935
0.387695 0.68074
0.389648 0.683536
0.391602 0.686324
0.393555 0.689103
0.395508 0.691873
0.397461 0.694635
0.399414 0.697388
0.401367 0.700132
0.40332 0.702867
0.405273 0.705594
0.407227 0.708311
0.40918 0.711019
0.411133 0.713719
0.413086 0.716409
0.415039 0.71909
0.416992 0.721762
0.418945 0.724424
0.420898 0.727078
0.422852 0.729722
0.424805 0.732356
0.426758 0.734982
0.428711 0.737597
0.430664 0.740204
0.432617 0.7428
0.43457 0.745387
0.436523 0.747965
0.438477 0.750532
0.44043 0.75309
0.442383 0.755638
0.444336 0.758176
0.446289 0.760705
0.448242 0.763223
0.450195 0.765731
0.452148 0.768229
0.454102 0.770717
0.456055 0.773195
0.458008 0.775662
0.459961 0.778119
0.461914 0.780566
0.463867 0.783002
0.46582 0.785428
0.467773 0.787843
0.469727 0.790248
0.47168 0.792642
0.473633 0.795025
0.475586 0.797398
0.477539 0.799759
0.479492 0.80211
0.481445 0.80445
0.483398 0.806778
0.485352 0.809096
0.487305 0.811402
0.489258 0.813697
0.491211 0.815981
0.493164 0.818254
0.495117 0.820515
0.49707 0.822764
0.499023 0.825002
0.500977 0.827228
0.50293 0.829443
0.504883 0.831646
0.506836 0.833837
0.508789 0.836016
0.510742 0.838183
0.512695 0.840338
0.514648 0.842481
0.516602 0.844611
0.518555 0.84673
0.520508 0.848836
0.522461 0.850929
0.524414 0.85301
0.526367 0.855078
0.52832 0.857134
0.530273 0.859177
0.532227 0.861207
0.53418 0.863224
0.536133 0.865228
0.538086 0.867219
0.540039 0.869197
0.541992 0.871162
0.543945 0.873113
0.545898 0.87505
0.547852 0.876975
0.549805 0.878885
0.551758 0.880782
0.553711 0.882665
0.555664 0.884534
0.557617 0.886389
0.55957 0.88823
0.561523 0.890057
0.563477 0.89187
0.56543 0.893668
0.567383 0.895452
0.569336 0.897221
0.571289 0.898975
0.573242 0.900715
0.575195 0.902439
0.577148 0.904149
0.579102 0.905844
0.581055 0.907523
0.583008 0.909187
0.584961 0.910836
0.586914 0.912469
0.588867 0.914086
0.59082 0.915688
0.592773 0.917273
0.594727 0.918843
0.59668 0.920397
0.598633 0.921934
0.600586 0.923455
0.602539 0.924959
0.604492 0.926447
0.606445 0.927918
0.608398 0.929372
0.610352 0.930809
0.612305 0.932229
0.614258 0.933632
0.616211 0.935017
0.618164 0.936385
0.620117 0.937735
0.62207 0.939067
0.624023 0.940381
0.625977 0.941677
0.62793 0.942955
0.629883 0.944214
0.631836 0.945455
0.633789 0.946677
0.635742 0.94788
0.637695 0.949064
0.639648 0.950229
0.641602 0.951375
0.643555 0.952501
0.645508 0.953607
0.647461 0.954694
0.649414 0.95576
0.651367 0.956806
0.65332 0.957832
0.655273 0.958837
0.657227 0.959821
0.65918 0.960785
0.661133 0.961727
0.663086 0.962648
0.665039 0.963547
0.666992 0.964425
0.668945 0.965281
0.670898 0.966115
0.672852 0.966926
0.674805 0.967715
0.676758 0.968481
0.678711 0.969224
0.680664 0.969944
0.682617 0.970641
0.68457 0.971313
0.686523 0.971962
0.688477 0.972587
0.69043 0.973188
0.692383 0.973764
0.694336 0.974315
0.696289 0.974841
0.698242 0.975342
0.700195 0.975817
0.702148 0.976266
0.704102 0.976689
0.706055 0.977086
0.708008 0.977456
0.709961 0.977799
0.711914 0.978114
0.713867 0.978402
0.71582 0.978663
0.717773 0.978895
0.719727 0.979098
0.72168 0.979273
0.723633 0.979419
0.725586 0.979535
0.727539 0.979622
0.729492 0.979678
0.731445 0.979704
0.733398 0.979699
0.735352 0.979662
0.737305 0.979595
0.739258 0.979495
0.741211 0.979363
0.743164 0.979198
0.745117 0.979
0.74707 0.978769
0.749023 0.978503
0.750977 0.978203
0.75293 0.977869
0.754883 0.977499
0.756836 0.977093
0.758789 0.976651
0.760742 0.976172
0.762695 0.975656
0.764648 0.975103
0.766602 0.974511
0.768555 0.973881
0.770508 0.973211
0.772461 0.972502
0.774414 0.971752
0.776367 0.970961
0.77832 0.970129
0.780273 0.969254
0.782227 0.968337
0.78418 0.967376
0.786133 0.966372
0.788086 0.965322
0.790039 0.964227
0.791992 0.963086
0.793945 0.961898
0.795898 0.960663
0.797852 0.959379
0.799805 0.958046
0.801758 0.956663
0.803711 0.95523
0.805664 0.953744
0.807617 0.952206
0.80957 0.950615
0.811523 0.948969
0.813477 0.947268
0.81543 0.94551
0.817383 0.943696
0.819336 0.941822
0.821289 0.939889
0.823242 0.937896
0.825195 0.935841
0.827148 0.933722
0.829102 0.931539
0.831055 0.929291
0.833008 0.926976
0.834961 0.924592
0.836914 0.922139
0.838867 0.919614
0.84082 0.917017
0.842773 0.914345
0.844727 0.911597
0.84668 0.908771
0.848633 0.905865
0.850586 0.902878
0.852539 0.899808
0.854492 0.896652
0.856445 0.893408
0.858398 0.890074
0.860352 0.886649
0.862305 0.883128
0.864258 0.87951
0.866211 0.875793
0.868164 0.871972
0.870117 0.868046
0.87207 0.864012
0.874023 0.859866
0.875977 0.855604
0.87793 0.851224
0.879883 0.846721
0.881836 0.842091
0.883789 0.837331
0.885742 0.832436
0.887695 0.827402
0.889648 0.822223
0.891602 0.816894
0.893555 0.811411
0.895508 0.805766
0.897461 0.799956
0.899414 0.793972
0.901367 0.787808
0.90332 0.781458
0.905273 0.774913
0.907227 0.768165
0.90918 0.761207
0.911133 0.754029
0.913086 0.746623
0.915039 0.738977
0.916992 0.731082
0.918945 0.722927
0.920898 0.7145
0.922852 0.70579
0.924805 0.696782
0.926758 0.687465
0.928711 0.677825
0.930664 0.667846
0.932617 0.657514
0.93457 0.646813
0.936523 0.635728
0.938477 0.624241
0.94043 0.612336
0.942383 0.599996
0.944336 0.587204
0.946289 0.573941
0.948242 0.560191
0.950195 0.545937
0.952148 0.531162
0.954102 0.51585
0.956055 0.499987
0.958008 0.483558
0.959961 0.466552
0.961914 0.448958
0.963867 0.430767
0.96582 0.411975
0.967773 0.392577
0.969727 0.372575
0.97168 0.351973
0.973633 0.330779
0.975586 0.309004
0.977539 0.286665
0.979492 0.263783
0.981445 0.240385
0.983398 0.2165
0.985352 0.192165
0.987305 0.16742
0.989258 0.142309
0.991211 0.116881
0.993164 0.0911885
0.995117 0.0652864
0.99707 0.0392329
0.999023 0.0130879
1 0
