0 0
0.000976562 0.00186847
0.00292969 0.00560537
0.00488281 0.00934217
0.00683594 0.0130788
0.00878906 0.0168151
0.0107422 0.0205512
0.0126953 0.0242868
0.0146484 0.028022
0.0166016 0.0317566
0.0185547 0.0354906
0.0205078 0.0392239
0.0224609 0.0429565
0.0244141 0.0466882
0.0263672 0.050419
0.0283203 0.0541489
0.0302734 0.0578777
0.0322266 0.0616054
0.0341797 0.0653319
0.0361328 0.0690572
0.0380859 0.0727811
0.0400391 0.0765037
0.0419922 0.0802247
0.0439453 0.0839443
0.0458984 0.0876623
0.0478516 0.0913786
0.0498047 0.0950931
0.0517578 0.0988059
0.0537109 0.102517
0.0556641 0.106226
0.0576172 0.109933
0.0595703 0.113638
0.0615234 0.117341
0.0634766 0.121041
0.0654297 0.12474
0.0673828 0.128436
0.0693359 0.132129
0.0712891 0.135821
0.0732422 0.139509
0.0751953 0.143196
0.0771484 0.146879
0.0791016 0.15056
0.0810547 0.154238
0.0830078 0.157914
0.0849609 0.161586
0.0869141 0.165256
0.0888672 0.168922
0.0908203 0.172586
0.0927734 0.176247
0.0947266 0.179904
0.0966797 0.183559
0.0986328 0.18721
0.100586 0.190857
0.102539 0.194502
0.104492 0.198143
0.106445 0.201781
0.108398 0.205415
0.110352 0.209045
0.112305 0.212672
0.114258 0.216296
0.116211 0.219916
0.118164 0.223532
0.120117 0.227144
0.12207 0.230752
0.124023 0.234357
0.125977 0.237958
0.12793 0.241554
0.129883 0.245147
0.131836 0.248736
0.133789 0.252321
0.135742 0.255901
0.137695 0.259477
0.139648 0.26305
0.141602 0.266618
0.143555 0.270181
0.145508 0.273741
0.147461 0.277296
0.149414 0.280846
0.151367 0.284393
0.15332 0.287934
0.155273 0.291472
0.157227 0.295004
0.15918 0.298533
0.161133 0.302056
0.163086 0.305575
0.165039 0.309089
0.166992 0.312599
0.168945 0.316104
0.170898 0.319604
0.172852 0.323099
0.174805 0.32659
0.176758 0.330075
0.178711 0.333556
0.180664 0.337032
0.182617 0.340502
0.18457 0.343968
0.186523 0.347429
0.188477 0.350885
0.19043 0.354335
0.192383 0.357781
0.194336 0.361221
0.196289 0.364656
0.198242 0.368087
0.200195 0.371511
0.202148 0.374931
0.204102 0.378345
0.206055 0.381754
0.208008 0.385158
0.209961 0.388556
0.211914 0.391949
0.213867 0.395337
0.21582 0.398719
0.217773 0.402095
0.219727 0.405466
0.22168 0.408832
0.223633 0.412192
0.225586 0.415546
0.227539 0.418895
0.229492 0.422239
0.231445 0.425576
0.233398 0.428908
0.235352 0.432234
0.237305 0.435555
0.239258 0.438869
0.241211 0.442178
0.243164 0.445481
0.245117 0.448779
0.24707 0.45207
0.249023 0.455356
0.250977 0.458635
0.25293 0.461909
0.254883 0.465176
0.256836 0.468438
0.258789 0.471694
0.260742 0.474943
0.262695 0.478187
0.264648 0.481424
0.266602 0.484656
0.268555 0.487881
0.270508 0.4911
0.272461 0.494313
0.274414 0.497519
0.276367 0.50072
0.27832 0.503914
0.280273 0.507101
0.282227 0.510283
0.28418 0.513458
0.286133 0.516626
0.288086 0.519788
0.290039 0.522944
0.291992 0.526093
0.293945 0.529236
0.295898 0.532372
0.297852 0.535502
0.299805 0.538625
0.301758 0.541741
0.303711 0.544851
0.305664 0.547954
0.307617 0.551051
0.30957 0.55414
0.311523 0.557223
0.313477 0.560299
0.31543 0.563369
0.317383 0.566431
0.319336 0.569486
0.321289 0.572535
0.323242 0.575577
0.325195 0.578611
0.327148 0.581639
0.329102 0.58466
0.331055 0.587673
0.333008 0.59068
0.334961 0.593679
0.336914 0.596671
0.338867 0.599656
0.34082 0.602634
0.342773 0.605604
0.344727 0.608567
0.34668 0.611523
0.348633 0.614472
0.350586 0.617413
0.352539 0.620346
0.354492 0.623273
0.356445 0.626191
0.358398 0.629102
0.360352 0.632006
0.362305 0.634902
0.364258 0.63779
0.366211 0.640671
0.368164 0.643544
0.370117 0.646409
0.37207 0.649266
0.374023 0.652116
0.375977 0.654958
0.37793 0.657791
0.379883 0.660617
0.381836 0.663435
0.383789 0.666245
0.385742 0.669047
0.387695 0.671841
0.389648 0.674626
0.391602 0.677404
0.393555 0.680173
0.395508 0.682934
0.397461 0.685686
0.399414 0.688431
0.401367 0.691167
0.40332 0.693894
0.405273 0.696613
0.407227 0.699324
0.40918 0.702026
0.411133 0.70472
0.413086 0.707404
0.415039 0.710081
0.416992 0.712748
0.418945 0.715407
0.420898 0.718057
0.422852 0.720698
0.424805 0.72333
0.426758 0.725953
0.428711 0.728567
0.430664 0.731172
0.432617 0.733768
0.43457 0.736355
0.436523 0.738933
0.438477 0.741502
0.44043 0.744061
0.442383 0.746611
0.444336 0.749151
0.446289 0.751683
0.448242 0.754204
0.450195 0.756716
0.452148 0.759219
0.454102 0.761712
0.456055 0.764195
0.458008 0.766668
0.459961 0.769132
0.461914 0.771586
0.463867 0.77403
0.46582 0.776464
0.467773 0.778888
0.469727 0.781302
0.47168 0.783705
0.473633 0.786099
0.475586 0.788482
0.477539 0.790855
0.479492 0.793218
0.481445 0.79557
0.483398 0.797912
0.485352 0.800243
0.487305 0.802564
0.489258 0.804873
0.491211 0.807173
0.493164 0.809461
0.495117 0.811739
0.49707 0.814005
0.499023 0.816261
0.500977 0.818506
0.50293 0.820739
0.504883 0.822961
0.506836 0.825172
0.508789 0.827372
0.510742 0.82956
0.512695 0.831737
0.514648 0.833903
0.516602 0.836056
0.518555 0.838198
0.520508 0.840329
0.522461 0.842447
0.524414 0.844554
0.526367 0.846648
0.52832 0.848731
0.530273 0.850801
0.532227 0.85286
0.53418 0.854906
0.536133 0.856939
0.538086 0.85896
0.540039 0.860969
0.541992 0.862965
0.543945 0.864948
0.545898 0.866919
0.547852 0.868877
0.549805 0.870821
0.551758 0.872753
0.553711 0.874672
0.555664 0.876577
0.557617 0.878469
0.55957 0.880348
0.561523 0.882213
0.563477 0.884065
0.56543 0.885903
0.567383 0.887728
0.569336 0.889538
0.571289 0.891334
0.573242 0.893117
0.575195 0.894885
0.577148 0.896639
0.579102 0.898379
0.581055 0.900104
0.583008 0.901815
0.584961 0.903511
0.586914 0.905192
0.588867 0.906858
0.59082 0.908509
0.592773 0.910146
0.594727 0.911767
0.59668 0.913372
0.598633 0.914963
0.600586 0.916537
0.602539 0.918096
0.604492 0.919639
0.606445 0.921167
0.608398 0.922678
0.610352 0.924173
0.612305 0.925652
0.614258 0.927114
0.616211 0.92856
0.618164 0.929989
0.620117 0.931401
0.62207 0.932796
0.624023 0.934174
0.625977 0.935535
0.62793 0.936879
0.629883 0.938205
0.631836 0.939513
0.633789 0.940804
0.635742 0.942076
0.637695 0.943331
0.639648 0.944567
0.641602 0.945785
0.643555 0.946984
0.645508 0.948165
0.647461 0.949327
0.649414 0.950469
0.651367 0.951593
0.65332 0.952696
0.655273 0.953781
0.657227 0.954845
0.65918 0.95589
0.661133 0.956915
0.663086 0.957919
0.665039 0.958903
0.666992 0.959866
0.668945 0.960809
0.670898 0.96173
0.672852 0.96263
0.674805 0.963509
0.676758 0.964366
0.678711 0.965201
0.680664 0.966014
0.682617 0.966805
0.68457 0.967573
0.686523 0.968319
0.688477 0.969041
0.69043 0.969741
0.692383 0.970417
0.694336 0.971069
0.696289 0.971698
0.698242 0.972302
0.700195 0.972882
0.702148 0.973438
0.704102 0.973968
0.706055 0.974474
0.708008 0.974954
0.709961 0.975408
0.711914 0.975836
0.713867 0.976239
0.71582 0.976614
0.717773 0.976963
0.719727 0.977284
0.72168 0.977579
0.723633 0.977845
0.725586 0.978083
0.727539 0.978293
0.729492 0.978475
0.731445 0.978627
0.733398 0.97875
0.735352 0.978843
0.737305 0.978906
0.739258 0.978939
0.741211 0.97894
0.743164 0.978911
0.745117 0.97885
0.74707 0.978757
0.749023 0.978632
0.750977 0.978473
0.75293 0.978282
0.754883 0.978057
0.756836 0.977798
0.758789 0.977504
0.760742 0.977176
0.762695 0.976812
0.764648 0.976411
0.766602 0.975975
0.768555 0.975501
0.770508 0.974991
0.772461 0.974442
0.774414 0.973854
0.776367 0.973228
0.77832 0.972561
0.780273 0.971855
0.782227 0.971108
0.78418 0.970319
0.786133 0.969488
0.788086 0.968615
0.790039 0.967698
0.791992 0.966737
0.793945 0.965731
0.795898 0.96468
0.797852 0.963582
0.799805 0.962438
0.801758 0.961245
0.803711 0.960004
0.805664 0.958714
0.807617 0.957373
0.80957 0.955982
0.811523 0.954538
0.813477 0.953041
0.81543 0.95149
0.817383 0.949885
0.819336 0.948223
0.821289 0.946504
0.823242 0.944727
0.825195 0.942891
0.827148 0.940995
0.829102 0.939036
0.831055 0.937015
0.833008 0.93493
0.834961 0.932779
0.836914 0.93056
0.838867 0.928274
0.84082 0.925917
0.842773 0.923489
0.844727 0.920988
0.84668 0.918412
0.848633 0.915759
0.850586 0.913028
0.852539 0.910217
0.854492 0.907322
0.856445 0.904344
0.858398 0.901279
0.860352 0.898124
0.862305 0.894878
0.864258 0.891539
0.866211 0.888102
0.868164 0.884567
0.870117 0.880929
0.87207 0.877186
0.874023 0.873334
0.875977 0.86937
0.87793 0.865291
0.879883 0.861093
0.881836 0.856772
0.883789 0.852323
0.885742 0.847742
0.887695 0.843026
0.889648 0.838167
0.891602 0.833163
0.893555 0.828006
0.895508 0.822691
0.897461 0.817212
0.899414 0.811563
0.901367 0.805735
0.90332 0.799723
0.905273 0.793517
0.907227 0.78711
0.90918 0.780493
0.911133 0.773656
0.913086 0.76659
0.915039 0.759283
0.916992 0.751725
0.918945 0.743904
0.920898 0.735807
0.922852 0.727421
0.924805 0.718732
0.926758 0.709724
0.928711 0.700384
0.930664 0.690693
0.932617 0.680636
0.93457 0.670194
0.936523 0.659349
0.938477 0.648082
0.94043 0.636372
0.942383 0.624199
0.944336 0.611543
0.946289 0.598382
0.948242 0.584695
0.950195 0.57046
0.952148 0.555657
0.954102 0.540265
0.956055 0.524264
0.958008 0.507636
0.959961 0.490362
0.961914 0.472429
0.963867 0.453822
0.96582 0.434533
0.967773 0.414553
0.969727 0.393879
0.97168 0.372513
0.973633 0.35046
0.975586 0.327731
0.977539 0.304341
0.979492 0.280313
0.981445 0.255674
0.983398 0.23046
0.985352 0.204709
0.987305 0.178467
0.989258 0.151788
0.991211 0.124728
0.993164 0.0973499
0.995117 0.0697189
0.99707 0.0419052
0.999023 0.0139807
1 0
