0 0
0.000976562 0.00179131
0.00292969 0.00537389
0.00488281 0.00895638
0.00683594 0.0125387
0.00878906 0.0161208
0.0107422 0.0197027
0.0126953 0.0232842
0.0146484 0.0268653
0.0166016 0.030446
0.0185547 0.0340262
0.0205078 0.0376058
0.0224609 0.0411847
0.0244141 0.044763
0.0263672 0.0483405
0.0283203 0.0519171
0.0302734 0.055493
0.0322266 0.0590678
0.0341797 0.0626417
0.0361328 0.0662146
0.0380859 0.0697863
0.0400391 0.0733569
0.0419922 0.0769262
0.0439453 0.0804943
0.0458984 0.084061
0.0478516 0.0876263
0.0498047 0.0911902
0.0517578 0.0947526
0.0537109 0.0983134
0.0556641 0.101873
0.0576172 0.10543
0.0595703 0.108986
0.0615234 0.11254
0.0634766 0.116092
0.0654297 0.119642
0.0673828 0.123191
0.0693359 0.126737
0.0712891 0.130281
0.0732422 0.133823
0.0751953 0.137363
0.0771484 0.140901
0.0791016 0.144437
0.0810547 0.14797
0.0830078 0.151501
0.0849609 0.155029
0.0869141 0.158555
0.0888672 0.162079
0.0908203 0.1656
0.0927734 0.169118
0.0947266 0.172634
0.0966797 0.176147
0.0986328 0.179657
0.100586 0.183164
0.102539 0.186669
0.104492 0.190171
0.106445 0.19367
0.108398 0.197166
0.110352 0.200659
0.112305 0.204148
0.114258 0.207635
0.116211 0.211119
0.118164 0.214599
0.120117 0.218077
0.12207 0.221551
0.124023 0.225021
0.125977 0.228489
0.12793 0.231953
0.129883 0.235413
0.131836 0.23887
0.133789 0.242324
0.135742 0.245774
0.137695 0.24922
0.139648 0.252663
0.141602 0.256103
0.143555 0.259538
0.145508 0.26297
0.147461 0.266398
0.149414 0.269823
0.151367 0.273243
0.15332 0.27666
0.155273 0.280073
0.157227 0.283482
0.15918 0.286887
0.161133 0.290288
0.163086 0.293685
0.165039 0.297078
0.166992 0.300467
0.168945 0.303852
0.170898 0.307233
0.172852 0.31061
0.174805 0.313982
0.176758 0.31735
0.178711 0.320714
0.180664 0.324074
0.182617 0.327429
0.18457 0.33078
0.186523 0.334127
0.188477 0.337469
0.19043 0.340807
0.192383 0.344141
0.194336 0.34747
0.196289 0.350794
0.198242 0.354114
0.200195 0.35743
0.202148 0.360741
0.204102 0.364047
0.206055 0.367348
0.208008 0.370645
0.209961 0.373938
0.211914 0.377225
0.213867 0.380508
0.21582 0.383786
0.217773 0.38706
0.219727 0.390328
0.22168 0.393592
0.223633 0.396851
0.225586 0.400105
0.227539 0.403354
0.229492 0.406598
0.231445 0.409838
0.233398 0.413072
0.235352 0.416301
0.237305 0.419525
0.239258 0.422745
0.241211 0.425959
0.243164 0.429168
0.245117 0.432372
0.24707 0.435571
0.249023 0.438764
0.250977 0.441953
0.25293 0.445136
0.254883 0.448314
0.256836 0.451487
0.258789 0.454654
0.260742 0.457817
0.262695 0.460973
0.264648 0.464125
0.266602 0.467271
0.268555 0.470412
0.270508 0.473547
0.272461 0.476677
0.274414 0.479801
0.276367 0.48292
0.27832 0.486033
0.280273 0.489141
0.282227 0.492244
0.28418 0.49534
0.286133 0.498431
0.288086 0.501517
0.290039 0.504596
0.291992 0.50767
0.293945 0.510738
0.295898 0.513801
0.297852 0.516858
0.299805 0.519909
0.301758 0.522954
0.303711 0.525993
0.305664 0.529027
0.307617 0.532054
0.30957 0.535076
0.311523 0.538091
0.313477 0.541101
0.31543 0.544105
0.317383 0.547102
0.319336 0.550094
0.321289 0.553079
0.323242 0.556059
0.325195 0.559032
0.327148 0.561999
0.329102 0.56496
0.331055 0.567914
0.333008 0.570863
0.334961 0.573805
0.336914 0.576741
0.338867 0.57967
0.34082 0.582593
0.342773 0.58551
0.344727 0.58842
0.34668 0.591324
0.348633 0.594221
0.350586 0.597112
0.352539 0.599997
0.354492 0.602874
0.356445 0.605745
0.358398 0.60861
0.360352 0.611468
0.362305 0.614319
0.364258 0.617163
0.366211 0.620001
0.368164 0.622832
0.370117 0.625656
0.37207 0.628473
0.374023 0.631283
0.375977 0.634087
0.37793 0.636883
0.379883 0.639672
0.381836 0.642455
0.383789 0.64523
0.385742 0.647998
0.387695 0.650759
0.389648 0.653513
0.391602 0.65626
0.393555 0.659
0.395508 0.661732
0.397461 0.664457
0.399414 0.667175
0.401367 0.669885
0.40332 0.672588
0.405273 0.675283
0.407227 0.677971
0.40918 0.680652
0.411133 0.683324
0.413086 0.68599
0.415039 0.688647
0.416992 0.691297
0.418945 0.693939
0.420898 0.696574
0.422852 0.699201
0.424805 0.701819
0.426758 0.70443
0.428711 0.707033
0.430664 0.709629
0.432617 0.712216
0.43457 0.714795
0.436523 0.717366
0.438477 0.719928
0.44043 0.722483
0.442383 0.72503
0.444336 0.727568
0.446289 0.730098
0.448242 0.732619
0.450195 0.735132
0.452148 0.737637
0.454102 0.740133
0.456055 0.742621
0.458008 0.7451
0.459961 0.747571
0.461914 0.750033
0.463867 0.752486
0.46582 0.75493
0.467773 0.757366
0.469727 0.759792
0.47168 0.76221
0.473633 0.764619
0.475586 0.767018
0.477539 0.769409
0.479492 0.771791
0.481445 0.774163
0.483398 0.776526
0.485352 0.77888
0.487305 0.781224
0.489258 0.78356
0.491211 0.785885
0.493164 0.788201
0.495117 0.790508
0.49707 0.792805
0.499023 0.795092
0.500977 0.79737
0.50293 0.799638
0.504883 0.801896
0.506836 0.804144
0.508789 0.806382
0.510742 0.80861
0.512695 0.810828
0.514648 0.813036
0.516602 0.815233
0.518555 0.817421
0.520508 0.819597
0.522461 0.821764
0.524414 0.82392
0.526367 0.826066
0.52832 0.8282
0.530273 0.830325
0.532227 0.832438
0.53418 0.834541
0.536133 0.836633
0.538086 0.838713
0.540039 0.840783
0.541992 0.842842
0.543945 0.84489
0.545898 0.846926
0.547852 0.848951
0.549805 0.850964
0.551758 0.852966
0.553711 0.854957
0.555664 0.856936
0.557617 0.858903
0.55957 0.860858
0.561523 0.862802
0.563477 0.864734
0.56543 0.866653
0.567383 0.868561
0.569336 0.870456
0.571289 0.872339
0.573242 0.874209
0.575195 0.876067
0.577148 0.877913
0.579102 0.879746
0.581055 0.881566
0.583008 0.883373
0.584961 0.885168
0.586914 0.886949
0.588867 0.888718
0.59082 0.890473
0.592773 0.892214
0.594727 0.893943
0.59668 0.895658
0.598633 0.897359
0.600586 0.899047
0.602539 0.90072
0.604492 0.90238
0.606445 0.904026
0.608398 0.905658
0.610352 0.907275
0.612305 0.908878
0.614258 0.910467
0.616211 0.912041
0.618164 0.9136
0.620117 0.915145
0.62207 0.916674
0.624023 0.918189
0.625977 0.919688
0.62793 0.921172
0.629883 0.922641
0.631836 0.924094
0.633789 0.925531
0.635742 0.926952
0.637695 0.928358
0.639648 0.929747
0.641602 0.931121
0.643555 0.932477
0.645508 0.933818
0.647461 0.935142
0.649414 0.936448
0.651367 0.937738
0.65332 0.939011
0.655273 0.940267
0.657227 0.941505
0.65918 0.942726
0.661133 0.943929
0.663086 0.945114
0.665039 0.946281
0.666992 0.94743
0.668945 0.94856
0.670898 0.949672
0.672852 0.950766
0.674805 0.95184
0.676758 0.952895
0.678711 0.953931
0.680664 0.954948
0.682617 0.955945
0.68457 0.956922
0.686523 0.957879
0.688477 0.958816
0.69043 0.959732
0.692383 0.960628
0.694336 0.961503
0.696289 0.962357
0.698242 0.963189
0.700195 0.964001
0.702148 0.96479
0.704102 0.965558
0.706055 0.966303
0.708008 0.967026
0.709961 0.967726
0.711914 0.968404
0.713867 0.969058
0.71582 0.969689
0.717773 0.970296
0.719727 0.970879
0.72168 0.971438
0.723633 0.971973
0.725586 0.972483
0.727539 0.972967
0.729492 0.973427
0.731445 0.973861
0.733398 0.974269
0.735352 0.97465
0.737305 0.975006
0.739258 0.975334
0.741211 0.975635
0.743164 0.975909
0.745117 0.976154
0.74707 0.976372
0.749023 0.976561
0.750977 0.976721
0.75293 0.976851
0.754883 0.976952
0.756836 0.977023
0.758789 0.977064
0.760742 0.977073
0.762695 0.977051
0.764648 0.976998
0.766602 0.976912
0.768555 0.976794
0.770508 0.976642
0.772461 0.976457
0.774414 0.976238
0.776367 0.975984
0.77832 0.975696
0.780273 0.975372
0.782227 0.975011
0.78418 0.974614
0.786133 0.97418
0.788086 0.973708
0.790039 0.973198
0.791992 0.972649
0.793945 0.97206
0.795898 0.971431
0.797852 0.970761
0.799805 0.970049
0.801758 0.969295
0.803711 0.968498
0.805664 0.967658
0.807617 0.966773
0.80957 0.965842
0.811523 0.964866
0.813477 0.963842
0.81543 0.962771
0.817383 0.961651
0.819336 0.960481
0.821289 0.959261
0.823242 0.957989
0.825195 0.956665
0.827148 0.955286
0.829102 0.953854
0.831055 0.952365
0.833008 0.950819
0.834961 0.949215
0.836914 0.947551
0.838867 0.945827
0.84082 0.94404
0.842773 0.942189
0.844727 0.940274
0.84668 0.938291
0.848633 0.93624
0.850586 0.93412
0.852539 0.931927
0.854492 0.929661
0.856445 0.927319
0.858398 0.924899
0.860352 0.9224
0.862305 0.919819
0.864258 0.917153
0.866211 0.914401
0.868164 0.911559
0.870117 0.908626
0.87207 0.905597
0.874023 0.90247
0.875977 0.899242
0.87793 0.89591
0.879883 0.892469
0.881836 0.888916
0.883789 0.885248
0.885742 0.881459
0.887695 0.877545
0.889648 0.873501
0.891602 0.869322
0.893555 0.865003
0.895508 0.860537
0.897461 0.855919
0.899414 0.851141
0.901367 0.846197
0.90332 0.841078
0.905273 0.835776
0.907227 0.830283
0.90918 0.824589
0.911133 0.818684
0.913086 0.812557
0.915039 0.806195
0.916992 0.799587
0.918945 0.792719
0.920898 0.785576
0.922852 0.778142
0.924805 0.770402
0.926758 0.762336
0.928711 0.753927
0.930664 0.745153
0.932617 0.735992
0.93457 0.726422
0.936523 0.716417
0.938477 0.705952
0.94043 0.694999
0.942383 0.683529
0.944336 0.671511
0.946289 0.658915
0.948242 0.645706
0.950195 0.631852
0.952148 0.617317
0.954102 0.602067
0.956055 0.586066
0.958008 0.569281
0.959961 0.551676
0.961914 0.533221
0.963867 0.513884
0.96582 0.493638
0.967773 0.472462
0.969727 0.450335
0.97168 0.427245
0.973633 0.403187
0.975586 0.378162
0.977539 0.352181
0.979492 0.325262
0.981445 0.297437
0.983398 0.268746
0.985352 0.239241
0.987305 0.208985
0.989258 0.178051
0.991211 0.146525
0.993164 0.114499
0.995117 0.082075
0.99707 0.0493621
0.999023 0.0164736
1 0
