0 0
0.000976562 0.00164086
0.00292969 0.00492256
0.00488281 0.00820419
0.00683594 0.0114857
0.00878906 0.0147671
0.0107422 0.0180483
0.0126953 0.0213293
0.0146484 0.02461
0.0166016 0.0278903
0.0185547 0.0311704
0.0205078 0.03445
0.0224609 0.0377292
0.0244141 0.0410079
0.0263672 0.0442861
0.0283203 0.0475637
0.0302734 0.0508407
0.0322266 0.054117
0.0341797 0.0573927
0.0361328 0.0606677
0.0380859 0.0639419
0.0400391 0.0672152
0.0419922 0.0704878
0.0439453 0.0737594
0.0458984 0.0770301
0.0478516 0.0802998
0.0498047 0.0835685
0.0517578 0.0868362
0.0537109 0.0901028
0.0556641 0.0933682
0.0576172 0.0966325
0.0595703 0.0998956
0.0615234 0.103157
0.0634766 0.106418
0.0654297 0.109677
0.0673828 0.112935
0.0693359 0.116191
0.0712891 0.119447
0.0732422 0.1227
0.0751953 0.125952
0.0771484 0.129203
0.0791016 0.132451
0.0810547 0.135699
0.0830078 0.138944
0.0849609 0.142188
0.0869141 0.14543
0.0888672 0.148671
0.0908203 0.15191
0.0927734 0.155146
0.0947266 0.158381
0.0966797 0.161614
0.0986328 0.164845
0.100586 0.168074
0.102539 0.171301
0.104492 0.174527
0.106445 0.177749
0.108398 0.18097
0.110352 0.184189
0.112305 0.187406
0.114258 0.19062
0.116211 0.193832
0.118164 0.197042
0.120117 0.200249
0.12207 0.203455
0.124023 0.206657
0.125977 0.209858
0.12793 0.213056
0.129883 0.216251
0.131836 0.219444
0.133789 0.222635
0.135742 0.225823
0.137695 0.229009
0.139648 0.232191
0.141602 0.235372
0.143555 0.238549
0.145508 0.241724
0.147461 0.244896
0.149414 0.248066
0.151367 0.251232
0.15332 0.254396
0.155273 0.257557
0.157227 0.260715
0.15918 0.263871
0.161133 0.267023
0.163086 0.270173
0.165039 0.273319
0.166992 0.276463
0.168945 0.279603
0.170898 0.282741
0.172852 0.285876
0.174805 0.289007
0.176758 0.292135
0.178711 0.29526
0.180664 0.298383
0.182617 0.301501
0.18457 0.304617
0.186523 0.30773
0.188477 0.310839
0.19043 0.313945
0.192383 0.317048
0.194336 0.320147
0.196289 0.323243
0.198242 0.326336
0.200195 0.329425
0.202148 0.332511
0.204102 0.335594
0.206055 0.338673
0.208008 0.341748
0.209961 0.34482
0.211914 0.347889
0.213867 0.350954
0.21582 0.354016
0.217773 0.357074
0.219727 0.360128
0.22168 0.363179
0.223633 0.366226
0.225586 0.36927
0.227539 0.37231
0.229492 0.375346
0.231445 0.378378
0.233398 0.381407
0.235352 0.384432
0.237305 0.387453
0.239258 0.390471
0.241211 0.393484
0.243164 0.396494
0.245117 0.3995
0.24707 0.402502
0.249023 0.4055
0.250977 0.408494
0.25293 0.411485
0.254883 0.414471
0.256836 0.417454
0.258789 0.420432
0.260742 0.423407
0.262695 0.426377
0.264648 0.429343
0.266602 0.432306
0.268555 0.435264
0.270508 0.438218
0.272461 0.441168
0.274414 0.444114
0.276367 0.447056
0.27832 0.449993
0.280273 0.452927
0.282227 0.455856
0.28418 0.458781
0.286133 0.461701
0.288086 0.464618
0.290039 0.46753
0.291992 0.470437
0.293945 0.473341
0.295898 0.47624
0.297852 0.479134
0.299805 0.482025
0.301758 0.48491
0.303711 0.487792
0.305664 0.490669
0.307617 0.493541
0.30957 0.496409
0.311523 0.499273
0.313477 0.502132
0.31543 0.504986
0.317383 0.507836
0.319336 0.510681
0.321289 0.513521
0.323242 0.516357
0.325195 0.519189
0.327148 0.522015
0.329102 0.524837
0.331055 0.527654
0.333008 0.530466
0.334961 0.533274
0.336914 0.536077
0.338867 0.538875
0.34082 0.541668
0.342773 0.544456
0.344727 0.54724
0.34668 0.550018
0.348633 0.552792
0.350586 0.55556
0.352539 0.558324
0.354492 0.561083
0.356445 0.563836
0.358398 0.566585
0.360352 0.569328
0.362305 0.572067
0.364258 0.5748
0.366211 0.577528
0.368164 0.580252
0.370117 0.582969
0.37207 0.585682
0.374023 0.588389
0.375977 0.591092
0.37793 0.593788
0.379883 0.59648
0.381836 0.599166
0.383789 0.601847
0.385742 0.604523
0.387695 0.607193
0.389648 0.609857
0.391602 0.612517
0.393555 0.61517
0.395508 0.617818
0.397461 0.620461
0.399414 0.623098
0.401367 0.62573
0.40332 0.628355
0.405273 0.630976
0.407227 0.63359
0.40918 0.636199
0.411133 0.638802
0.413086 0.641399
0.415039 0.643991
0.416992 0.646576
0.418945 0.649156
0.420898 0.65173
0.422852 0.654298
0.424805 0.65686
0.426758 0.659416
0.428711 0.661966
0.430664 0.66451
0.432617 0.667048
0.43457 0.66958
0.436523 0.672106
0.438477 0.674625
0.44043 0.677139
0.442383 0.679646
0.444336 0.682147
0.446289 0.684641
0.448242 0.68713
0.450195 0.689612
0.452148 0.692087
0.454102 0.694556
0.456055 0.697019
0.458008 0.699475
0.459961 0.701925
0.461914 0.704368
0.463867 0.706804
0.46582 0.709234
0.467773 0.711657
0.469727 0.714073
0.47168 0.716483
0.473633 0.718886
0.475586 0.721282
0.477539 0.723671
0.479492 0.726053
0.481445 0.728429
0.483398 0.730797
0.485352 0.733158
0.487305 0.735512
0.489258 0.73786
0.491211 0.740199
0.493164 0.742532
0.495117 0.744858
0.49707 0.747176
0.499023 0.749487
0.500977 0.751791
0.50293 0.754087
0.504883 0.756376
0.506836 0.758657
0.508789 0.760931
0.510742 0.763197
0.512695 0.765455
0.514648 0.767706
0.516602 0.769949
0.518555 0.772185
0.520508 0.774412
0.522461 0.776632
0.524414 0.778844
0.526367 0.781048
0.52832 0.783244
0.530273 0.785431
0.532227 0.787611
0.53418 0.789783
0.536133 0.791946
0.538086 0.794101
0.540039 0.796248
0.541992 0.798386
0.543945 0.800516
0.545898 0.802638
0.547852 0.80475
0.549805 0.806855
0.551758 0.80895
0.553711 0.811037
0.555664 0.813116
0.557617 0.815185
0.55957 0.817246
0.561523 0.819297
0.563477 0.82134
0.56543 0.823373
0.567383 0.825398
0.569336 0.827413
0.571289 0.829419
0.573242 0.831416
0.575195 0.833403
0.577148 0.835381
0.579102 0.837349
0.581055 0.839308
0.583008 0.841257
0.584961 0.843196
0.586914 0.845126
0.588867 0.847046
0.59082 0.848956
0.592773 0.850855
0.594727 0.852745
0.59668 0.854625
0.598633 0.856494
0.600586 0.858353
0.602539 0.860202
0.604492 0.862041
0.606445 0.863868
0.608398 0.865686
0.610352 0.867492
0.612305 0.869288
0.614258 0.871073
0.616211 0.872847
0.618164 0.87461
0.620117 0.876361
0.62207 0.878102
0.624023 0.879831
0.625977 0.881549
0.62793 0.883256
0.629883 0.884951
0.631836 0.886634
0.633789 0.888306
0.635742 0.889966
0.637695 0.891613
0.639648 0.893249
0.641602 0.894873
0.643555 0.896484
0.645508 0.898083
0.647461 0.89967
0.649414 0.901244
0.651367 0.902805
0.65332 0.904354
0.655273 0.90589
0.657227 0.907413
0.65918 0.908922
0.661133 0.910419
0.663086 0.911902
0.665039 0.913372
0.666992 0.914828
0.668945 0.91627
0.670898 0.917699
0.672852 0.919113
0.674805 0.920514
0.676758 0.9219
0.678711 0.923272
0.680664 0.92463
0.682617 0.925973
0.68457 0.927301
0.686523 0.928614
0.688477 0.929913
0.69043 0.931196
0.692383 0.932463
0.694336 0.933716
0.696289 0.934952
0.698242 0.936173
0.700195 0.937378
0.702148 0.938567
0.704102 0.939739
0.706055 0.940895
0.708008 0.942035
0.709961 0.943157
0.711914 0.944263
0.713867 0.945351
0.71582 0.946423
0.717773 0.947476
0.719727 0.948512
0.72168 0.94953
0.723633 0.95053
0.725586 0.951512
0.727539 0.952475
0.729492 0.95342
0.731445 0.954345
0.733398 0.955251
0.735352 0.956139
0.737305 0.957006
0.739258 0.957854
0.741211 0.958681
0.743164 0.959488
0.745117 0.960275
0.74707 0.961041
0.749023 0.961786
0.750977 0.96251
0.75293 0.963212
0.754883 0.963892
0.756836 0.96455
0.758789 0.965186
0.760742 0.965799
0.762695 0.966389
0.764648 0.966955
0.766602 0.967499
0.768555 0.968018
0.770508 0.968513
0.772461 0.968983
0.774414 0.969428
0.776367 0.969849
0.77832 0.970243
0.780273 0.970612
0.782227 0.970954
0.78418 0.971269
0.786133 0.971558
0.788086 0.971818
0.790039 0.972051
0.791992 0.972255
0.793945 0.972431
0.795898 0.972577
0.797852 0.972693
0.799805 0.972779
0.801758 0.972835
0.803711 0.972859
0.805664 0.972851
0.807617 0.972812
0.80957 0.972739
0.811523 0.972633
0.813477 0.972493
0.81543 0.972318
0.817383 0.972108
0.819336 0.971862
0.821289 0.97158
0.823242 0.97126
0.825195 0.970903
0.827148 0.970506
0.829102 0.970071
0.831055 0.969595
0.833008 0.969078
0.834961 0.968519
0.836914 0.967917
0.838867 0.967272
0.84082 0.966582
0.842773 0.965846
0.844727 0.965063
0.84668 0.964233
0.848633 0.963354
0.850586 0.962424
0.852539 0.961444
0.854492 0.960411
0.856445 0.959323
0.858398 0.958181
0.860352 0.956981
0.862305 0.955723
0.864258 0.954405
0.866211 0.953025
0.868164 0.951581
0.870117 0.950072
0.87207 0.948495
0.874023 0.946848
0.875977 0.945129
0.87793 0.943335
0.879883 0.941464
0.881836 0.939513
0.883789 0.937478
0.885742 0.935357
0.887695 0.933147
0.889648 0.930843
0.891602 0.928441
0.893555 0.925938
0.895508 0.923328
0.897461 0.920606
0.899414 0.917768
0.901367 0.914806
0.90332 0.911715
0.905273 0.908488
0.907227 0.905116
0.90918 0.901591
0.911133 0.897905
0.913086 0.894046
0.915039 0.890003
0.916992 0.885765
0.918945 0.881318
0.920898 0.876646
0.922852 0.871734
0.924805 0.866562
0.926758 0.861111
0.928711 0.855359
0.930664 0.84928
0.932617 0.842848
0.93457 0.836032
0.936523 0.828799
0.938477 0.821113
0.94043 0.812932
0.942383 0.804211
0.944336 0.794903
0.946289 0.784954
0.948242 0.774304
0.950195 0.762889
0.952148 0.750642
0.954102 0.737487
0.956055 0.723345
0.958008 0.708131
0.959961 0.691755
0.961914 0.674125
0.963867 0.655145
0.96582 0.634718
0.967773 0.612746
0.969727 0.589137
0.97168 0.563802
0.973633 0.536662
0.975586 0.50765
0.977539 0.476718
0.979492 0.443835
0.981445 0.408998
0.983398 0.372235
0.985352 0.333605
0.987305 0.293202
0.989258 0.251161
0.991211 0.207653
0.993164 0.162886
0.995117 0.117101
0.99707 0.0705662
0.999023 0.0235735
1 0
