0 0
0.000976562 0.00159717
0.00292969 0.00479148
0.00488281 0.00798573
0.00683594 0.0111799
0.00878906 0.0143739
0.0107422 0.0175678
0.0126953 0.0207614
0.0146484 0.0239549
0.0166016 0.027148
0.0185547 0.0303408
0.0205078 0.0335333
0.0224609 0.0367253
0.0244141 0.039917
0.0263672 0.0431081
0.0283203 0.0462988
0.0302734 0.0494889
0.0322266 0.0526785
0.0341797 0.0558674
0.0361328 0.0590557
0.0380859 0.0622433
0.0400391 0.0654301
0.0419922 0.0686162
0.0439453 0.0718016
0.0458984 0.074986
0.0478516 0.0781696
0.0498047 0.0813523
0.0517578 0.0845341
0.0537109 0.0877149
0.0556641 0.0908947
0.0576172 0.0940734
0.0595703 0.0972511
0.0615234 0.100428
0.0634766 0.103603
0.0654297 0.106777
0.0673828 0.10995
0.0693359 0.113122
0.0712891 0.116292
0.0732422 0.119461
0.0751953 0.122629
0.0771484 0.125796
0.0791016 0.128961
0.0810547 0.132124
0.0830078 0.135286
0.0849609 0.138446
0.0869141 0.141605
0.0888672 0.144763
0.0908203 0.147918
0.0927734 0.151073
0.0947266 0.154225
0.0966797 0.157376
0.0986328 0.160525
0.100586 0.163672
0.102539 0.166817
0.104492 0.169961
0.106445 0.173102
0.108398 0.176242
0.110352 0.17938
0.112305 0.182516
0.114258 0.18565
0.116211 0.188781
0.118164 0.191911
0.120117 0.195039
0.12207 0.198165
0.124023 0.201288
0.125977 0.204409
0.12793 0.207529
0.129883 0.210646
0.131836 0.21376
0.133789 0.216873
0.135742 0.219983
0.137695 0.223091
0.139648 0.226196
0.141602 0.229299
0.143555 0.2324
0.145508 0.235498
0.147461 0.238594
0.149414 0.241687
0.151367 0.244778
0.15332 0.247867
0.155273 0.250952
0.157227 0.254035
0.15918 0.257116
0.161133 0.260194
0.163086 0.263269
0.165039 0.266342
0.166992 0.269412
0.168945 0.272479
0.170898 0.275544
0.172852 0.278605
0.174805 0.281664
0.176758 0.28472
0.178711 0.287773
0.180664 0.290824
0.182617 0.293871
0.18457 0.296916
0.186523 0.299958
0.188477 0.302997
0.19043 0.306032
0.192383 0.309065
0.194336 0.312095
0.196289 0.315122
0.198242 0.318145
0.200195 0.321166
0.202148 0.324184
0.204102 0.327198
0.206055 0.330209
0.208008 0.333218
0.209961 0.336222
0.211914 0.339224
0.213867 0.342223
0.21582 0.345218
0.217773 0.34821
0.219727 0.351199
0.22168 0.354185
0.223633 0.357167
0.225586 0.360146
0.227539 0.363121
0.229492 0.366094
0.231445 0.369062
0.233398 0.372028
0.235352 0.37499
0.237305 0.377948
0.239258 0.380903
0.241211 0.383855
0.243164 0.386803
0.245117 0.389748
0.24707 0.392689
0.249023 0.395626
0.250977 0.39856
0.25293 0.40149
0.254883 0.404417
0.256836 0.40734
0.258789 0.410259
0.260742 0.413175
0.262695 0.416087
0.264648 0.418996
0.266602 0.4219
0.268555 0.424801
0.270508 0.427698
0.272461 0.430592
0.274414 0.433481
0.276367 0.436367
0.27832 0.439249
0.280273 0.442127
0.282227 0.445002
0.28418 0.447872
0.286133 0.450739
0.288086 0.453601
0.290039 0.45646
0.291992 0.459314
0.293945 0.462165
0.295898 0.465012
0.297852 0.467855
0.299805 0.470693
0.301758 0.473528
0.303711 0.476358
0.305664 0.479185
0.307617 0.482007
0.30957 0.484825
0.311523 0.48764
0.313477 0.490449
0.31543 0.493255
0.317383 0.496057
0.319336 0.498854
0.321289 0.501647
0.323242 0.504436
0.325195 0.507221
0.327148 0.510001
0.329102 0.512777
0.331055 0.515549
0.333008 0.518316
0.334961 0.521079
0.336914 0.523837
0.338867 0.526591
0.34082 0.529341
0.342773 0.532086
0.344727 0.534827
0.34668 0.537563
0.348633 0.540295
0.350586 0.543022
0.352539 0.545745
0.354492 0.548463
0.356445 0.551176
0.358398 0.553885
0.360352 0.556589
0.362305 0.559288
0.364258 0.561983
0.366211 0.564673
0.368164 0.567359
0.370117 0.570039
0.37207 0.572715
0.374023 0.575386
0.375977 0.578052
0.37793 0.580714
0.379883 0.58337
0.381836 0.586022
0.383789 0.588669
0.385742 0.59131
0.387695 0.593947
0.389648 0.596579
0.391602 0.599206
0.393555 0.601828
0.395508 0.604444
0.397461 0.607056
0.399414 0.609663
0.401367 0.612264
0.40332 0.61486
0.405273 0.617451
0.407227 0.620037
0.40918 0.622618
0.411133 0.625193
0.413086 0.627763
0.415039 0.630328
0.416992 0.632888
0.418945 0.635442
0.420898 0.63799
0.422852 0.640534
0.424805 0.643071
0.426758 0.645604
0.428711 0.648131
0.430664 0.650652
0.432617 0.653168
0.43457 0.655678
0.436523 0.658182
0.438477 0.660681
0.44043 0.663175
0.442383 0.665662
0.444336 0.668144
0.446289 0.67062
0.448242 0.67309
0.450195 0.675555
0.452148 0.678013
0.454102 0.680466
0.456055 0.682913
0.458008 0.685353
0.459961 0.687788
0.461914 0.690217
0.463867 0.69264
0.46582 0.695057
0.467773 0.697467
0.469727 0.699872
0.47168 0.70227
0.473633 0.704662
0.475586 0.707048
0.477539 0.709427
0.479492 0.7118
0.481445 0.714167
0.483398 0.716528
0.485352 0.718882
0.487305 0.721229
0.489258 0.72357
0.491211 0.725905
0.493164 0.728233
0.495117 0.730554
0.49707 0.732869
0.499023 0.735177
0.500977 0.737478
0.50293 0.739773
0.504883 0.74206
0.506836 0.744341
0.508789 0.746615
0.510742 0.748882
0.512695 0.751142
0.514648 0.753396
0.516602 0.755642
0.518555 0.75788
0.520508 0.760112
0.522461 0.762337
0.524414 0.764554
0.526367 0.766764
0.52832 0.768967
0.530273 0.771163
0.532227 0.773351
0.53418 0.775531
0.536133 0.777704
0.538086 0.77987
0.540039 0.782028
0.541992 0.784178
0.543945 0.786321
0.545898 0.788456
0.547852 0.790583
0.549805 0.792702
0.551758 0.794813
0.553711 0.796917
0.555664 0.799012
0.557617 0.801099
0.55957 0.803179
0.561523 0.80525
0.563477 0.807313
0.56543 0.809367
0.567383 0.811414
0.569336 0.813451
0.571289 0.815481
0.573242 0.817502
0.575195 0.819514
0.577148 0.821518
0.579102 0.823513
0.581055 0.8255
0.583008 0.827478
0.584961 0.829446
0.586914 0.831406
0.588867 0.833357
0.59082 0.835299
0.592773 0.837232
0.594727 0.839155
0.59668 0.84107
0.598633 0.842975
0.600586 0.84487
0.602539 0.846757
0.604492 0.848633
0.606445 0.8505
0.608398 0.852358
0.610352 0.854206
0.612305 0.856044
0.614258 0.857872
0.616211 0.85969
0.618164 0.861498
0.620117 0.863296
0.62207 0.865084
0.624023 0.866861
0.625977 0.868628
0.62793 0.870385
0.629883 0.872131
0.631836 0.873867
0.633789 0.875592
0.635742 0.877306
0.637695 0.87901
0.639648 0.880702
0.641602 0.882383
0.643555 0.884054
0.645508 0.885713
0.647461 0.887361
0.649414 0.888997
0.651367 0.890622
0.65332 0.892235
0.655273 0.893837
0.657227 0.895426
0.65918 0.897004
0.661133 0.89857
0.663086 0.900124
0.665039 0.901666
0.666992 0.903195
0.668945 0.904712
0.670898 0.906216
0.672852 0.907708
0.674805 0.909187
0.676758 0.910653
0.678711 0.912106
0.680664 0.913546
0.682617 0.914972
0.68457 0.916386
0.686523 0.917785
0.688477 0.919172
0.69043 0.920544
0.692383 0.921902
0.694336 0.923247
0.696289 0.924577
0.698242 0.925893
0.700195 0.927195
0.702148 0.928482
0.704102 0.929754
0.706055 0.931012
0.708008 0.932254
0.709961 0.933481
0.711914 0.934693
0.713867 0.935889
0.71582 0.93707
0.717773 0.938235
0.719727 0.939384
0.72168 0.940517
0.723633 0.941633
0.725586 0.942733
0.727539 0.943816
0.729492 0.944882
0.731445 0.945931
0.733398 0.946963
0.735352 0.947978
0.737305 0.948974
0.739258 0.949953
0.741211 0.950914
0.743164 0.951857
0.745117 0.952781
0.74707 0.953686
0.749023 0.954572
0.750977 0.955439
0.75293 0.956287
0.754883 0.957115
0.756836 0.957923
0.758789 0.958711
0.760742 0.959479
0.762695 0.960226
0.764648 0.960952
0.766602 0.961657
0.768555 0.96234
0.770508 0.963002
0.772461 0.963641
0.774414 0.964258
0.776367 0.964853
0.77832 0.965424
0.780273 0.965972
0.782227 0.966496
0.78418 0.966997
0.786133 0.967473
0.788086 0.967924
0.790039 0.968351
0.791992 0.968752
0.793945 0.969127
0.795898 0.969476
0.797852 0.969798
0.799805 0.970094
0.801758 0.970361
0.803711 0.970601
0.805664 0.970813
0.807617 0.970996
0.80957 0.971149
0.811523 0.971273
0.813477 0.971366
0.81543 0.971429
0.817383 0.97146
0.819336 0.971459
0.821289 0.971426
0.823242 0.971359
0.825195 0.971259
0.827148 0.971125
0.829102 0.970955
0.831055 0.97075
0.833008 0.970508
0.834961 0.97023
0.836914 0.969913
0.838867 0.969557
0.84082 0.969162
0.842773 0.968727
0.844727 0.96825
0.84668 0.967731
0.848633 0.967169
0.850586 0.966563
0.852539 0.965911
0.854492 0.965213
0.856445 0.964468
0.858398 0.963673
0.860352 0.962829
0.862305 0.961933
0.864258 0.960985
0.866211 0.959982
0.868164 0.958923
0.870117 0.957807
0.87207 0.956632
0.874023 0.955395
0.875977 0.954095
0.87793 0.95273
0.879883 0.951297
0.881836 0.949794
0.883789 0.948219
0.885742 0.946568
0.887695 0.944839
0.889648 0.943029
0.891602 0.941133
0.893555 0.939149
0.895508 0.937072
0.897461 0.934897
0.899414 0.93262
0.901367 0.930236
0.90332 0.927739
0.905273 0.925122
0.907227 0.922379
0.90918 0.919501
0.911133 0.916481
0.913086 0.91331
0.915039 0.909976
0.916992 0.906469
0.918945 0.902775
0.920898 0.898882
0.922852 0.894772
0.924805 0.890429
0.926758 0.885833
0.928711 0.880963
0.930664 0.875794
0.932617 0.870298
0.93457 0.864447
0.936523 0.858205
0.938477 0.851535
0.94043 0.844395
0.942383 0.836738
0.944336 0.828511
0.946289 0.819656
0.948242 0.810109
0.950195 0.799799
0.952148 0.788648
0.954102 0.776569
0.956055 0.76347
0.958008 0.749249
0.959961 0.733797
0.961914 0.716999
0.963867 0.698734
0.96582 0.678875
0.967773 0.657292
0.969727 0.633856
0.97168 0.608441
0.973633 0.580928
0.975586 0.55121
0.977539 0.5192
0.979492 0.484831
0.981445 0.448072
0.983398 0.408926
0.985352 0.36744
0.987305 0.323712
0.989258 0.27789
0.991211 0.230177
0.993164 0.18083
0.995117 0.130154
0.99707 0.0784947
0.999023 0.0262327
1 0
