0 0
0.000976562 0.00159187
0.00292969 0.00477559
0.00488281 0.00795926
0.00683594 0.0111428
0.00878906 0.0143263
0.0107422 0.0175095
0.0126953 0.0206926
0.0146484 0.0238755
0.0166016 0.027058
0.0185547 0.0302403
0.0205078 0.0334221
0.0224609 0.0366037
0.0244141 0.0397847
0.0263672 0.0429654
0.0283203 0.0461455
0.0302734 0.0493251
0.0322266 0.0525041
0.0341797 0.0556825
0.0361328 0.0588603
0.0380859 0.0620374
0.0400391 0.0652137
0.0419922 0.0683894
0.0439453 0.0715642
0.0458984 0.0747382
0.0478516 0.0779114
0.0498047 0.0810837
0.0517578 0.084255
0.0537109 0.0874254
0.0556641 0.0905948
0.0576172 0.0937632
0.0595703 0.0969304
0.0615234 0.100097
0.0634766 0.103262
0.0654297 0.106426
0.0673828 0.109588
0.0693359 0.11275
0.0712891 0.11591
0.0732422 0.119069
0.0751953 0.122226
0.0771484 0.125382
0.0791016 0.128537
0.0810547 0.13169
0.0830078 0.134842
0.0849609 0.137993
0.0869141 0.141141
0.0888672 0.144289
0.0908203 0.147434
0.0927734 0.150578
0.0947266 0.153721
0.0966797 0.156861
0.0986328 0.16
0.100586 0.163138
0.102539 0.166273
0.104492 0.169407
0.106445 0.172538
0.108398 0.175668
0.110352 0.178796
0.112305 0.181922
0.114258 0.185046
0.116211 0.188168
0.118164 0.191288
0.120117 0.194407
0.12207 0.197522
0.124023 0.200636
0.125977 0.203748
0.12793 0.206858
0.129883 0.209965
0.131836 0.21307
0.133789 0.216173
0.135742 0.219274
0.137695 0.222372
0.139648 0.225468
0.141602 0.228562
0.143555 0.231653
0.145508 0.234742
0.147461 0.237829
0.149414 0.240913
0.151367 0.243994
0.15332 0.247073
0.155273 0.25015
0.157227 0.253224
0.15918 0.256295
0.161133 0.259364
0.163086 0.26243
0.165039 0.265494
0.166992 0.268555
0.168945 0.271613
0.170898 0.274669
0.172852 0.277722
0.174805 0.280772
0.176758 0.283819
0.178711 0.286863
0.180664 0.289905
0.182617 0.292944
0.18457 0.29598
0.186523 0.299013
0.188477 0.302043
0.19043 0.30507
0.192383 0.308094
0.194336 0.311116
0.196289 0.314134
0.198242 0.317149
0.200195 0.320161
0.202148 0.323171
0.204102 0.326177
0.206055 0.32918
0.208008 0.33218
0.209961 0.335176
0.211914 0.33817
0.213867 0.34116
0.21582 0.344148
0.217773 0.347132
0.219727 0.350112
0.22168 0.35309
0.223633 0.356064
0.225586 0.359035
0.227539 0.362003
0.229492 0.364967
0.231445 0.367928
0.233398 0.370886
0.235352 0.37384
0.237305 0.376791
0.239258 0.379738
0.241211 0.382682
0.243164 0.385623
0.245117 0.38856
0.24707 0.391493
0.249023 0.394423
0.250977 0.39735
0.25293 0.400272
0.254883 0.403192
0.256836 0.406108
0.258789 0.40902
0.260742 0.411928
0.262695 0.414833
0.264648 0.417734
0.266602 0.420632
0.268555 0.423526
0.270508 0.426416
0.272461 0.429302
0.274414 0.432185
0.276367 0.435064
0.27832 0.437939
0.280273 0.44081
0.282227 0.443678
0.28418 0.446541
0.286133 0.449401
0.288086 0.452257
0.290039 0.455109
0.291992 0.457957
0.293945 0.460801
0.295898 0.463642
0.297852 0.466478
0.299805 0.46931
0.301758 0.472138
0.303711 0.474963
0.305664 0.477783
0.307617 0.480599
0.30957 0.483411
0.311523 0.486219
0.313477 0.489023
0.31543 0.491823
0.317383 0.494618
0.319336 0.49741
0.321289 0.500197
0.323242 0.50298
0.325195 0.505759
0.327148 0.508533
0.329102 0.511303
0.331055 0.514069
0.333008 0.516831
0.334961 0.519588
0.336914 0.522341
0.338867 0.52509
0.34082 0.527834
0.342773 0.530574
0.344727 0.533309
0.34668 0.53604
0.348633 0.538766
0.350586 0.541488
0.352539 0.544206
0.354492 0.546919
0.356445 0.549627
0.358398 0.552331
0.360352 0.55503
0.362305 0.557725
0.364258 0.560415
0.366211 0.5631
0.368164 0.565781
0.370117 0.568456
0.37207 0.571128
0.374023 0.573794
0.375977 0.576456
0.37793 0.579113
0.379883 0.581765
0.381836 0.584412
0.383789 0.587054
0.385742 0.589692
0.387695 0.592324
0.389648 0.594952
0.391602 0.597575
0.393555 0.600192
0.395508 0.602805
0.397461 0.605413
0.399414 0.608015
0.401367 0.610613
0.40332 0.613205
0.405273 0.615793
0.407227 0.618375
0.40918 0.620952
0.411133 0.623524
0.413086 0.62609
0.415039 0.628652
0.416992 0.631208
0.418945 0.633758
0.420898 0.636304
0.422852 0.638844
0.424805 0.641378
0.426758 0.643908
0.428711 0.646431
0.430664 0.64895
0.432617 0.651463
0.43457 0.65397
0.436523 0.656472
0.438477 0.658968
0.44043 0.661458
0.442383 0.663943
0.444336 0.666422
0.446289 0.668896
0.448242 0.671364
0.450195 0.673826
0.452148 0.676282
0.454102 0.678733
0.456055 0.681177
0.458008 0.683616
0.459961 0.686049
0.461914 0.688475
0.463867 0.690896
0.46582 0.693311
0.467773 0.69572
0.469727 0.698123
0.47168 0.700519
0.473633 0.70291
0.475586 0.705294
0.477539 0.707672
0.479492 0.710044
0.481445 0.712409
0.483398 0.714769
0.485352 0.717121
0.487305 0.719468
0.489258 0.721808
0.491211 0.724142
0.493164 0.726469
0.495117 0.728789
0.49707 0.731103
0.499023 0.73341
0.500977 0.735711
0.50293 0.738005
0.504883 0.740292
0.506836 0.742573
0.508789 0.744847
0.510742 0.747113
0.512695 0.749373
0.514648 0.751626
0.516602 0.753872
0.518555 0.756112
0.520508 0.758343
0.522461 0.760568
0.524414 0.762786
0.526367 0.764997
0.52832 0.7672
0.530273 0.769396
0.532227 0.771585
0.53418 0.773766
0.536133 0.77594
0.538086 0.778106
0.540039 0.780265
0.541992 0.782417
0.543945 0.784561
0.545898 0.786697
0.547852 0.788825
0.549805 0.790946
0.551758 0.793059
0.553711 0.795164
0.555664 0.797261
0.557617 0.79935
0.55957 0.801431
0.561523 0.803504
0.563477 0.805569
0.56543 0.807626
0.567383 0.809675
0.569336 0.811715
0.571289 0.813747
0.573242 0.81577
0.575195 0.817785
0.577148 0.819792
0.579102 0.82179
0.581055 0.823779
0.583008 0.82576
0.584961 0.827732
0.586914 0.829695
0.588867 0.83165
0.59082 0.833595
0.592773 0.835531
0.594727 0.837458
0.59668 0.839377
0.598633 0.841285
0.600586 0.843185
0.602539 0.845075
0.604492 0.846956
0.606445 0.848828
0.608398 0.85069
0.610352 0.852542
0.612305 0.854385
0.614258 0.856218
0.616211 0.858041
0.618164 0.859854
0.620117 0.861657
0.62207 0.86345
0.624023 0.865233
0.625977 0.867005
0.62793 0.868768
0.629883 0.87052
0.631836 0.872261
0.633789 0.873992
0.635742 0.875713
0.637695 0.877422
0.639648 0.879121
0.641602 0.880809
0.643555 0.882486
0.645508 0.884152
0.647461 0.885806
0.649414 0.88745
0.651367 0.889082
0.65332 0.890703
0.655273 0.892312
0.657227 0.893909
0.65918 0.895495
0.661133 0.897068
0.663086 0.89863
0.665039 0.90018
0.666992 0.901718
0.668945 0.903243
0.670898 0.904756
0.672852 0.906256
0.674805 0.907744
0.676758 0.909219
0.678711 0.910682
0.680664 0.912131
0.682617 0.913567
0.68457 0.91499
0.686523 0.9164
0.688477 0.917796
0.69043 0.919179
0.692383 0.920548
0.694336 0.921903
0.696289 0.923244
0.698242 0.924571
0.700195 0.925884
0.702148 0.927182
0.704102 0.928466
0.706055 0.929735
0.708008 0.930989
0.709961 0.932228
0.711914 0.933452
0.713867 0.934661
0.71582 0.935855
0.717773 0.937032
0.719727 0.938194
0.72168 0.93934
0.723633 0.94047
0.725586 0.941583
0.727539 0.94268
0.729492 0.943761
0.731445 0.944824
0.733398 0.945871
0.735352 0.9469
0.737305 0.947911
0.739258 0.948906
0.741211 0.949882
0.743164 0.95084
0.745117 0.95178
0.74707 0.952701
0.749023 0.953604
0.750977 0.954488
0.75293 0.955353
0.754883 0.956198
0.756836 0.957023
0.758789 0.957829
0.760742 0.958615
0.762695 0.95938
0.764648 0.960125
0.766602 0.960848
0.768555 0.961551
0.770508 0.962231
0.772461 0.962891
0.774414 0.963528
0.776367 0.964142
0.77832 0.964734
0.780273 0.965303
0.782227 0.965849
0.78418 0.966371
0.786133 0.966869
0.788086 0.967343
0.790039 0.967792
0.791992 0.968216
0.793945 0.968614
0.795898 0.968987
0.797852 0.969333
0.799805 0.969653
0.801758 0.969946
0.803711 0.970211
0.805664 0.970448
0.807617 0.970657
0.80957 0.970837
0.811523 0.970987
0.813477 0.971108
0.81543 0.971198
0.817383 0.971258
0.819336 0.971286
0.821289 0.971282
0.823242 0.971245
0.825195 0.971175
0.827148 0.971071
0.829102 0.970933
0.831055 0.970759
0.833008 0.97055
0.834961 0.970304
0.836914 0.970021
0.838867 0.969699
0.84082 0.969339
0.842773 0.968939
0.844727 0.968498
0.84668 0.968016
0.848633 0.967491
0.850586 0.966922
0.852539 0.96631
0.854492 0.965651
0.856445 0.964946
0.858398 0.964192
0.860352 0.96339
0.862305 0.962537
0.864258 0.961632
0.866211 0.960673
0.868164 0.95966
0.870117 0.95859
0.87207 0.957462
0.874023 0.956274
0.875977 0.955023
0.87793 0.953708
0.879883 0.952327
0.881836 0.950878
0.883789 0.949357
0.885742 0.947761
0.887695 0.946089
0.889648 0.944337
0.891602 0.942501
0.893555 0.940578
0.895508 0.938564
0.897461 0.936454
0.899414 0.934244
0.901367 0.931929
0.90332 0.929502
0.905273 0.926957
0.907227 0.924289
0.90918 0.921489
0.911133 0.918548
0.913086 0.915459
0.915039 0.91221
0.916992 0.90879
0.918945 0.905187
0.920898 0.901387
0.922852 0.897374
0.924805 0.893131
0.926758 0.888639
0.928711 0.883875
0.930664 0.878817
0.932617 0.873436
0.93457 0.867702
0.936523 0.861582
0.938477 0.855038
0.94043 0.848028
0.942383 0.840503
0.944336 0.832412
0.946289 0.823696
0.948242 0.81429
0.950195 0.804122
0.952148 0.793113
0.954102 0.781175
0.956055 0.768215
0.958008 0.754128
0.959961 0.738804
0.961914 0.722125
0.963867 0.703965
0.96582 0.684195
0.967773 0.66268
0.969727 0.639287
0.97168 0.613885
0.973633 0.586349
0.975586 0.556567
0.977539 0.524445
0.979492 0.489914
0.981445 0.452935
0.983398 0.413509
0.985352 0.371682
0.987305 0.327548
0.989258 0.28126
0.991211 0.233025
0.993164 0.183103
0.995117 0.13181
0.99707 0.0795015
0.999023 0.0265705
1 0
