0 0
0.000976562 0.00156848
0.00292969 0.00470541
0.00488281 0.00784229
0.00683594 0.0109791
0.00878906 0.0141158
0.0107422 0.0172523
0.0126953 0.0203886
0.0146484 0.0235247
0.0166016 0.0266605
0.0185547 0.0297961
0.0205078 0.0329313
0.0224609 0.0360661
0.0244141 0.0392006
0.0263672 0.0423346
0.0283203 0.0454682
0.0302734 0.0486012
0.0322266 0.0517337
0.0341797 0.0548657
0.0361328 0.057997
0.0380859 0.0611277
0.0400391 0.0642577
0.0419922 0.0673871
0.0439453 0.0705156
0.0458984 0.0736435
0.0478516 0.0767705
0.0498047 0.0798966
0.0517578 0.0830219
0.0537109 0.0861463
0.0556641 0.0892698
0.0576172 0.0923922
0.0595703 0.0955137
0.0615234 0.0986341
0.0634766 0.101754
0.0654297 0.104872
0.0673828 0.107989
0.0693359 0.111105
0.0712891 0.11422
0.0732422 0.117333
0.0751953 0.120445
0.0771484 0.123556
0.0791016 0.126666
0.0810547 0.129774
0.0830078 0.132881
0.0849609 0.135987
0.0869141 0.139091
0.0888672 0.142194
0.0908203 0.145295
0.0927734 0.148394
0.0947266 0.151492
0.0966797 0.154589
0.0986328 0.157683
0.100586 0.160776
0.102539 0.163868
0.104492 0.166958
0.106445 0.170046
0.108398 0.173132
0.110352 0.176216
0.112305 0.179299
0.114258 0.18238
0.116211 0.185458
0.118164 0.188535
0.120117 0.19161
0.12207 0.194684
0.124023 0.197755
0.125977 0.200824
0.12793 0.203891
0.129883 0.206956
0.131836 0.210019
0.133789 0.213079
0.135742 0.216138
0.137695 0.219194
0.139648 0.222249
0.141602 0.225301
0.143555 0.22835
0.145508 0.231398
0.147461 0.234443
0.149414 0.237486
0.151367 0.240527
0.15332 0.243565
0.155273 0.246601
0.157227 0.249634
0.15918 0.252665
0.161133 0.255694
0.163086 0.25872
0.165039 0.261743
0.166992 0.264764
0.168945 0.267783
0.170898 0.270799
0.172852 0.273812
0.174805 0.276823
0.176758 0.279831
0.178711 0.282836
0.180664 0.285839
0.182617 0.288839
0.18457 0.291836
0.186523 0.294831
0.188477 0.297823
0.19043 0.300812
0.192383 0.303798
0.194336 0.306781
0.196289 0.309762
0.198242 0.31274
0.200195 0.315715
0.202148 0.318686
0.204102 0.321655
0.206055 0.324622
0.208008 0.327585
0.209961 0.330545
0.211914 0.333502
0.213867 0.336456
0.21582 0.339407
0.217773 0.342355
0.219727 0.3453
0.22168 0.348242
0.223633 0.351181
0.225586 0.354116
0.227539 0.357049
0.229492 0.359978
0.231445 0.362904
0.233398 0.365827
0.235352 0.368747
0.237305 0.371663
0.239258 0.374577
0.241211 0.377487
0.243164 0.380393
0.245117 0.383297
0.24707 0.386197
0.249023 0.389093
0.250977 0.391987
0.25293 0.394877
0.254883 0.397763
0.256836 0.400646
0.258789 0.403526
0.260742 0.406402
0.262695 0.409275
0.264648 0.412144
0.266602 0.41501
0.268555 0.417872
0.270508 0.420731
0.272461 0.423586
0.274414 0.426438
0.276367 0.429286
0.27832 0.43213
0.280273 0.434971
0.282227 0.437808
0.28418 0.440642
0.286133 0.443472
0.288086 0.446298
0.290039 0.44912
0.291992 0.451939
0.293945 0.454754
0.295898 0.457565
0.297852 0.460373
0.299805 0.463176
0.301758 0.465976
0.303711 0.468772
0.305664 0.471564
0.307617 0.474352
0.30957 0.477137
0.311523 0.479917
0.313477 0.482694
0.31543 0.485466
0.317383 0.488235
0.319336 0.491
0.321289 0.49376
0.323242 0.496517
0.325195 0.49927
0.327148 0.502018
0.329102 0.504763
0.331055 0.507503
0.333008 0.510239
0.334961 0.512972
0.336914 0.5157
0.338867 0.518423
0.34082 0.521143
0.342773 0.523859
0.344727 0.52657
0.34668 0.529277
0.348633 0.53198
0.350586 0.534678
0.352539 0.537372
0.354492 0.540062
0.356445 0.542748
0.358398 0.545429
0.360352 0.548106
0.362305 0.550778
0.364258 0.553446
0.366211 0.55611
0.368164 0.558769
0.370117 0.561424
0.37207 0.564074
0.374023 0.566719
0.375977 0.56936
0.37793 0.571997
0.379883 0.574629
0.381836 0.577256
0.383789 0.579879
0.385742 0.582497
0.387695 0.58511
0.389648 0.587718
0.391602 0.590322
0.393555 0.592921
0.395508 0.595516
0.397461 0.598105
0.399414 0.60069
0.401367 0.60327
0.40332 0.605845
0.405273 0.608415
0.407227 0.610981
0.40918 0.613541
0.411133 0.616096
0.413086 0.618647
0.415039 0.621192
0.416992 0.623733
0.418945 0.626268
0.420898 0.628798
0.422852 0.631323
0.424805 0.633843
0.426758 0.636358
0.428711 0.638868
0.430664 0.641372
0.432617 0.643872
0.43457 0.646366
0.436523 0.648854
0.438477 0.651338
0.44043 0.653816
0.442383 0.656288
0.444336 0.658755
0.446289 0.661217
0.448242 0.663674
0.450195 0.666125
0.452148 0.66857
0.454102 0.67101
0.456055 0.673444
0.458008 0.675873
0.459961 0.678296
0.461914 0.680713
0.463867 0.683125
0.46582 0.68553
0.467773 0.687931
0.469727 0.690325
0.47168 0.692714
0.473633 0.695096
0.475586 0.697473
0.477539 0.699844
0.479492 0.702209
0.481445 0.704568
0.483398 0.706921
0.485352 0.709268
0.487305 0.711609
0.489258 0.713943
0.491211 0.716272
0.493164 0.718594
0.495117 0.720911
0.49707 0.72322
0.499023 0.725524
0.500977 0.727821
0.50293 0.730112
0.504883 0.732397
0.506836 0.734675
0.508789 0.736947
0.510742 0.739212
0.512695 0.74147
0.514648 0.743722
0.516602 0.745967
0.518555 0.748206
0.520508 0.750438
0.522461 0.752663
0.524414 0.754882
0.526367 0.757093
0.52832 0.759298
0.530273 0.761495
0.532227 0.763686
0.53418 0.76587
0.536133 0.768047
0.538086 0.770216
0.540039 0.772379
0.541992 0.774534
0.543945 0.776682
0.545898 0.778823
0.547852 0.780956
0.549805 0.783083
0.551758 0.785201
0.553711 0.787313
0.555664 0.789416
0.557617 0.791512
0.55957 0.793601
0.561523 0.795682
0.563477 0.797755
0.56543 0.79982
0.567383 0.801878
0.569336 0.803928
0.571289 0.80597
0.573242 0.808003
0.575195 0.810029
0.577148 0.812047
0.579102 0.814057
0.581055 0.816058
0.583008 0.818051
0.584961 0.820036
0.586914 0.822012
0.588867 0.82398
0.59082 0.82594
0.592773 0.827891
0.594727 0.829833
0.59668 0.831767
0.598633 0.833692
0.600586 0.835608
0.602539 0.837516
0.604492 0.839414
0.606445 0.841304
0.608398 0.843184
0.610352 0.845055
0.612305 0.846917
0.614258 0.84877
0.616211 0.850614
0.618164 0.852448
0.620117 0.854272
0.62207 0.856087
0.624023 0.857893
0.625977 0.859688
0.62793 0.861474
0.629883 0.863251
0.631836 0.865017
0.633789 0.866773
0.635742 0.868519
0.637695 0.870255
0.639648 0.871981
0.641602 0.873696
0.643555 0.875401
0.645508 0.877096
0.647461 0.878779
0.649414 0.880453
0.651367 0.882115
0.65332 0.883767
0.655273 0.885407
0.657227 0.887037
0.65918 0.888655
0.661133 0.890263
0.663086 0.891859
0.665039 0.893443
0.666992 0.895016
0.668945 0.896578
0.670898 0.898127
0.672852 0.899665
0.674805 0.901191
0.676758 0.902705
0.678711 0.904206
0.680664 0.905696
0.682617 0.907173
0.68457 0.908637
0.686523 0.910089
0.688477 0.911529
0.69043 0.912955
0.692383 0.914368
0.694336 0.915769
0.696289 0.917156
0.698242 0.918529
0.700195 0.91989
0.702148 0.921236
0.704102 0.922569
0.706055 0.923888
0.708008 0.925193
0.709961 0.926484
0.711914 0.92776
0.713867 0.929022
0.71582 0.93027
0.717773 0.931503
0.719727 0.93272
0.72168 0.933923
0.723633 0.93511
0.725586 0.936283
0.727539 0.937439
0.729492 0.93858
0.731445 0.939705
0.733398 0.940813
0.735352 0.941906
0.737305 0.942982
0.739258 0.944041
0.741211 0.945084
0.743164 0.946109
0.745117 0.947118
0.74707 0.948109
0.749023 0.949082
0.750977 0.950037
0.75293 0.950975
0.754883 0.951894
0.756836 0.952794
0.758789 0.953676
0.760742 0.954539
0.762695 0.955383
0.764648 0.956207
0.766602 0.957012
0.768555 0.957797
0.770508 0.958561
0.772461 0.959305
0.774414 0.960028
0.776367 0.96073
0.77832 0.961411
0.780273 0.96207
0.782227 0.962708
0.78418 0.963323
0.786133 0.963915
0.788086 0.964485
0.790039 0.965032
0.791992 0.965555
0.793945 0.966054
0.795898 0.966528
0.797852 0.966979
0.799805 0.967404
0.801758 0.967804
0.803711 0.968178
0.805664 0.968526
0.807617 0.968847
0.80957 0.969141
0.811523 0.969408
0.813477 0.969647
0.81543 0.969857
0.817383 0.970038
0.819336 0.97019
0.821289 0.970312
0.823242 0.970404
0.825195 0.970464
0.827148 0.970493
0.829102 0.970489
0.831055 0.970453
0.833008 0.970384
0.834961 0.97028
0.836914 0.970141
0.838867 0.969967
0.84082 0.969756
0.842773 0.969509
0.844727 0.969223
0.84668 0.968899
0.848633 0.968535
0.850586 0.968131
0.852539 0.967686
0.854492 0.967198
0.856445 0.966667
0.858398 0.966091
0.860352 0.965469
0.862305 0.964801
0.864258 0.964084
0.866211 0.963318
0.868164 0.962501
0.870117 0.961632
0.87207 0.960708
0.874023 0.95973
0.875977 0.958693
0.87793 0.957598
0.879883 0.956441
0.881836 0.955221
0.883789 0.953935
0.885742 0.95258
0.887695 0.951155
0.889648 0.949656
0.891602 0.94808
0.893555 0.946423
0.895508 0.944683
0.897461 0.942854
0.899414 0.940933
0.901367 0.938915
0.90332 0.936795
0.905273 0.934566
0.907227 0.932222
0.90918 0.929757
0.911133 0.927163
0.913086 0.924431
0.915039 0.921551
0.916992 0.918513
0.918945 0.915304
0.920898 0.911913
0.922852 0.908323
0.924805 0.904518
0.926758 0.900479
0.928711 0.896185
0.930664 0.891613
0.932617 0.886736
0.93457 0.881524
0.936523 0.875943
0.938477 0.869956
0.94043 0.86352
0.942383 0.856587
0.944336 0.849103
0.946289 0.841009
0.948242 0.832236
0.950195 0.822711
0.952148 0.812349
0.954102 0.801058
0.956055 0.788738
0.958008 0.775276
0.959961 0.760551
0.961914 0.744434
0.963867 0.726784
0.96582 0.707456
0.967773 0.686297
0.969727 0.663151
0.97168 0.637864
0.973633 0.610286
0.975586 0.580279
0.977539 0.547723
0.979492 0.512523
0.981445 0.474618
0.983398 0.433991
0.985352 0.390675
0.987305 0.344763
0.989258 0.296411
0.991211 0.245842
0.993164 0.193348
0.995117 0.139281
0.99707 0.0840472
0.999023 0.0280965
1 0
