0 0
0.000976562 0.00156592
0.00292969 0.00469774
0.00488281 0.00782951
0.00683594 0.0109612
0.00878906 0.0140928
0.0107422 0.0172242
0.0126953 0.0203554
0.0146484 0.0234864
0.0166016 0.0266171
0.0185547 0.0297475
0.0205078 0.0328777
0.0224609 0.0360074
0.0244141 0.0391368
0.0263672 0.0422657
0.0283203 0.0453941
0.0302734 0.0485221
0.0322266 0.0516495
0.0341797 0.0547764
0.0361328 0.0579027
0.0380859 0.0610283
0.0400391 0.0641533
0.0419922 0.0672775
0.0439453 0.0704011
0.0458984 0.0735238
0.0478516 0.0766458
0.0498047 0.0797669
0.0517578 0.0828872
0.0537109 0.0860065
0.0556641 0.0891249
0.0576172 0.0922424
0.0595703 0.0953589
0.0615234 0.0984743
0.0634766 0.101589
0.0654297 0.104702
0.0673828 0.107814
0.0693359 0.110925
0.0712891 0.114035
0.0732422 0.117143
0.0751953 0.120251
0.0771484 0.123357
0.0791016 0.126462
0.0810547 0.129565
0.0830078 0.132667
0.0849609 0.135768
0.0869141 0.138867
0.0888672 0.141965
0.0908203 0.145061
0.0927734 0.148155
0.0947266 0.151249
0.0966797 0.15434
0.0986328 0.15743
0.100586 0.160518
0.102539 0.163605
0.104492 0.16669
0.106445 0.169773
0.108398 0.172855
0.110352 0.175934
0.112305 0.179012
0.114258 0.182088
0.116211 0.185162
0.118164 0.188234
0.120117 0.191305
0.12207 0.194373
0.124023 0.197439
0.125977 0.200504
0.12793 0.203566
0.129883 0.206627
0.131836 0.209685
0.133789 0.212741
0.135742 0.215795
0.137695 0.218847
0.139648 0.221896
0.141602 0.224944
0.143555 0.227989
0.145508 0.231032
0.147461 0.234073
0.149414 0.237111
0.151367 0.240147
0.15332 0.243181
0.155273 0.246212
0.157227 0.249241
0.15918 0.252268
0.161133 0.255292
0.163086 0.258314
0.165039 0.261333
0.166992 0.26435
0.168945 0.267364
0.170898 0.270375
0.172852 0.273384
0.174805 0.276391
0.176758 0.279394
0.178711 0.282395
0.180664 0.285394
0.182617 0.28839
0.18457 0.291383
0.186523 0.294373
0.188477 0.297361
0.19043 0.300346
0.192383 0.303328
0.194336 0.306307
0.196289 0.309283
0.198242 0.312257
0.200195 0.315228
0.202148 0.318196
0.204102 0.321161
0.206055 0.324123
0.208008 0.327082
0.209961 0.330038
0.211914 0.332991
0.213867 0.335941
0.21582 0.338888
0.217773 0.341832
0.219727 0.344773
0.22168 0.347711
0.223633 0.350646
0.225586 0.353578
0.227539 0.356506
0.229492 0.359432
0.231445 0.362354
0.233398 0.365273
0.235352 0.368189
0.237305 0.371102
0.239258 0.374011
0.241211 0.376918
0.243164 0.37982
0.245117 0.38272
0.24707 0.385616
0.249023 0.388509
0.250977 0.391399
0.25293 0.394285
0.254883 0.397168
0.256836 0.400048
0.258789 0.402924
0.260742 0.405797
0.262695 0.408666
0.264648 0.411532
0.266602 0.414394
0.268555 0.417253
0.270508 0.420108
0.272461 0.42296
0.274414 0.425808
0.276367 0.428653
0.27832 0.431494
0.280273 0.434331
0.282227 0.437165
0.28418 0.439995
0.286133 0.442822
0.288086 0.445645
0.290039 0.448464
0.291992 0.451279
0.293945 0.454091
0.295898 0.456899
0.297852 0.459703
0.299805 0.462504
0.301758 0.4653
0.303711 0.468093
0.305664 0.470882
0.307617 0.473667
0.30957 0.476449
0.311523 0.479226
0.313477 0.481999
0.31543 0.484769
0.317383 0.487535
0.319336 0.490296
0.321289 0.493054
0.323242 0.495808
0.325195 0.498558
0.327148 0.501303
0.329102 0.504045
0.331055 0.506783
0.333008 0.509516
0.334961 0.512245
0.336914 0.514971
0.338867 0.517692
0.34082 0.520409
0.342773 0.523122
0.344727 0.52583
0.34668 0.528535
0.348633 0.531235
0.350586 0.533931
0.352539 0.536622
0.354492 0.53931
0.356445 0.541993
0.358398 0.544671
0.360352 0.547346
0.362305 0.550016
0.364258 0.552681
0.366211 0.555342
0.368164 0.557999
0.370117 0.560651
0.37207 0.563299
0.374023 0.565942
0.375977 0.568581
0.37793 0.571215
0.379883 0.573845
0.381836 0.57647
0.383789 0.57909
0.385742 0.581706
0.387695 0.584317
0.389648 0.586924
0.391602 0.589525
0.393555 0.592122
0.395508 0.594715
0.397461 0.597302
0.399414 0.599885
0.401367 0.602463
0.40332 0.605036
0.405273 0.607604
0.407227 0.610168
0.40918 0.612726
0.411133 0.61528
0.413086 0.617828
0.415039 0.620372
0.416992 0.622911
0.418945 0.625444
0.420898 0.627973
0.422852 0.630496
0.424805 0.633015
0.426758 0.635528
0.428711 0.638036
0.430664 0.640539
0.432617 0.643036
0.43457 0.645529
0.436523 0.648016
0.438477 0.650498
0.44043 0.652975
0.442383 0.655446
0.444336 0.657912
0.446289 0.660372
0.448242 0.662827
0.450195 0.665277
0.452148 0.667721
0.454102 0.670159
0.456055 0.672592
0.458008 0.67502
0.459961 0.677442
0.461914 0.679858
0.463867 0.682269
0.46582 0.684673
0.467773 0.687073
0.469727 0.689466
0.47168 0.691854
0.473633 0.694235
0.475586 0.696611
0.477539 0.698981
0.479492 0.701346
0.481445 0.703704
0.483398 0.706056
0.485352 0.708402
0.487305 0.710742
0.489258 0.713076
0.491211 0.715404
0.493164 0.717726
0.495117 0.720042
0.49707 0.722351
0.499023 0.724654
0.500977 0.726951
0.50293 0.729242
0.504883 0.731526
0.506836 0.733803
0.508789 0.736075
0.510742 0.73834
0.512695 0.740598
0.514648 0.74285
0.516602 0.745095
0.518555 0.747333
0.520508 0.749565
0.522461 0.75179
0.524414 0.754009
0.526367 0.75622
0.52832 0.758425
0.530273 0.760623
0.532227 0.762814
0.53418 0.764998
0.536133 0.767175
0.538086 0.769344
0.540039 0.771507
0.541992 0.773663
0.543945 0.775811
0.545898 0.777953
0.547852 0.780086
0.549805 0.782213
0.551758 0.784332
0.553711 0.786444
0.555664 0.788548
0.557617 0.790645
0.55957 0.792735
0.561523 0.794816
0.563477 0.79689
0.56543 0.798956
0.567383 0.801015
0.569336 0.803066
0.571289 0.805108
0.573242 0.807143
0.575195 0.80917
0.577148 0.811189
0.579102 0.8132
0.581055 0.815202
0.583008 0.817197
0.584961 0.819183
0.586914 0.821161
0.588867 0.82313
0.59082 0.825091
0.592773 0.827044
0.594727 0.828988
0.59668 0.830923
0.598633 0.83285
0.600586 0.834767
0.602539 0.836677
0.604492 0.838577
0.606445 0.840468
0.608398 0.84235
0.610352 0.844224
0.612305 0.846088
0.614258 0.847943
0.616211 0.849788
0.618164 0.851624
0.620117 0.853451
0.62207 0.855269
0.624023 0.857076
0.625977 0.858874
0.62793 0.860663
0.629883 0.862442
0.631836 0.86421
0.633789 0.865969
0.635742 0.867718
0.637695 0.869457
0.639648 0.871185
0.641602 0.872903
0.643555 0.874611
0.645508 0.876309
0.647461 0.877996
0.649414 0.879672
0.651367 0.881338
0.65332 0.882993
0.655273 0.884636
0.657227 0.886269
0.65918 0.887891
0.661133 0.889502
0.663086 0.891102
0.665039 0.89269
0.666992 0.894267
0.668945 0.895832
0.670898 0.897385
0.672852 0.898927
0.674805 0.900457
0.676758 0.901975
0.678711 0.903481
0.680664 0.904974
0.682617 0.906456
0.68457 0.907925
0.686523 0.909381
0.688477 0.910825
0.69043 0.912256
0.692383 0.913674
0.694336 0.915079
0.696289 0.916471
0.698242 0.91785
0.700195 0.919215
0.702148 0.920567
0.704102 0.921905
0.706055 0.923229
0.708008 0.924539
0.709961 0.925836
0.711914 0.927118
0.713867 0.928385
0.71582 0.929638
0.717773 0.930877
0.719727 0.932101
0.72168 0.933309
0.723633 0.934503
0.725586 0.935681
0.727539 0.936844
0.729492 0.937991
0.731445 0.939123
0.733398 0.940238
0.735352 0.941337
0.737305 0.94242
0.739258 0.943486
0.741211 0.944536
0.743164 0.945569
0.745117 0.946584
0.74707 0.947583
0.749023 0.948563
0.750977 0.949526
0.75293 0.950472
0.754883 0.951399
0.756836 0.952307
0.758789 0.953197
0.760742 0.954068
0.762695 0.954921
0.764648 0.955753
0.766602 0.956567
0.768555 0.95736
0.770508 0.958133
0.772461 0.958886
0.774414 0.959619
0.776367 0.96033
0.77832 0.961021
0.780273 0.961689
0.782227 0.962336
0.78418 0.962961
0.786133 0.963564
0.788086 0.964144
0.790039 0.964701
0.791992 0.965235
0.793945 0.965744
0.795898 0.96623
0.797852 0.966691
0.799805 0.967128
0.801758 0.967539
0.803711 0.967925
0.805664 0.968285
0.807617 0.968618
0.80957 0.968924
0.811523 0.969203
0.813477 0.969455
0.81543 0.969678
0.817383 0.969872
0.819336 0.970038
0.821289 0.970173
0.823242 0.970278
0.825195 0.970353
0.827148 0.970396
0.829102 0.970407
0.831055 0.970385
0.833008 0.97033
0.834961 0.970242
0.836914 0.970118
0.838867 0.96996
0.84082 0.969765
0.842773 0.969534
0.844727 0.969265
0.84668 0.968958
0.848633 0.968612
0.850586 0.968225
0.852539 0.967798
0.854492 0.967328
0.856445 0.966815
0.858398 0.966259
0.860352 0.965656
0.862305 0.965008
0.864258 0.964311
0.866211 0.963566
0.868164 0.96277
0.870117 0.961922
0.87207 0.961021
0.874023 0.960065
0.875977 0.959051
0.87793 0.957979
0.879883 0.956846
0.881836 0.955651
0.883789 0.95439
0.885742 0.953061
0.887695 0.951662
0.889648 0.95019
0.891602 0.948642
0.893555 0.947014
0.895508 0.945303
0.897461 0.943505
0.899414 0.941615
0.901367 0.939629
0.90332 0.937541
0.905273 0.935346
0.907227 0.933038
0.90918 0.930609
0.911133 0.928052
0.913086 0.925358
0.915039 0.922518
0.916992 0.919521
0.918945 0.916355
0.920898 0.913008
0.922852 0.909463
0.924805 0.905705
0.926758 0.901716
0.928711 0.897473
0.930664 0.892953
0.932617 0.888131
0.93457 0.882976
0.936523 0.877454
0.938477 0.871528
0.94043 0.865155
0.942383 0.858286
0.944336 0.85087
0.946289 0.842844
0.948242 0.834141
0.950195 0.824687
0.952148 0.814398
0.954102 0.80318
0.956055 0.790931
0.958008 0.77754
0.959961 0.762884
0.961914 0.746832
0.963867 0.729242
0.96582 0.709967
0.967773 0.688852
0.969727 0.665738
0.97168 0.640469
0.973633 0.612893
0.975586 0.582867
0.977539 0.55027
0.979492 0.515002
0.981445 0.477001
0.983398 0.436246
0.985352 0.392771
0.987305 0.346666
0.989258 0.298088
0.991211 0.247263
0.993164 0.194485
0.995117 0.140111
0.99707 0.0845525
0.999023 0.0282661
1 0
