0 0
0.000976562 0.00144808
0.00292969 0.00434423
0.00488281 0.00724035
0.00683594 0.0101364
0.00878906 0.0130324
0.0107422 0.0159282
0.0126953 0.0188239
0.0146484 0.0217195
0.0166016 0.0246149
0.0185547 0.02751
0.0205078 0.0304049
0.0224609 0.0332996
0.0244141 0.0361939
0.0263672 0.039088
0.0283203 0.0419817
0.0302734 0.0448751
0.0322266 0.0477681
0.0341797 0.0506606
0.0361328 0.0535528
0.0380859 0.0564444
0.0400391 0.0593356
0.0419922 0.0622263
0.0439453 0.0651164
0.0458984 0.068006
0.0478516 0.070895
0.0498047 0.0737834
0.0517578 0.0766712
0.0537109 0.0795583
0.0556641 0.0824448
0.0576172 0.0853305
0.0595703 0.0882155
0.0615234 0.0910998
0.0634766 0.0939833
0.0654297 0.096866
0.0673828 0.0997479
0.0693359 0.102629
0.0712891 0.105509
0.0732422 0.108388
0.0751953 0.111267
0.0771484 0.114144
0.0791016 0.117021
0.0810547 0.119896
0.0830078 0.122771
0.0849609 0.125644
0.0869141 0.128517
0.0888672 0.131388
0.0908203 0.134258
0.0927734 0.137127
0.0947266 0.139995
0.0966797 0.142862
0.0986328 0.145728
0.100586 0.148592
0.102539 0.151455
0.104492 0.154317
0.106445 0.157178
0.108398 0.160037
0.110352 0.162896
0.112305 0.165752
0.114258 0.168608
0.116211 0.171462
0.118164 0.174314
0.120117 0.177166
0.12207 0.180015
0.124023 0.182864
0.125977 0.185711
0.12793 0.188556
0.129883 0.1914
0.131836 0.194242
0.133789 0.197083
0.135742 0.199922
0.137695 0.202759
0.139648 0.205595
0.141602 0.20843
0.143555 0.211262
0.145508 0.214093
0.147461 0.216923
0.149414 0.21975
0.151367 0.222576
0.15332 0.2254
0.155273 0.228223
0.157227 0.231043
0.15918 0.233862
0.161133 0.236679
0.163086 0.239494
0.165039 0.242307
0.166992 0.245118
0.168945 0.247928
0.170898 0.250735
0.172852 0.253541
0.174805 0.256344
0.176758 0.259146
0.178711 0.261946
0.180664 0.264744
0.182617 0.267539
0.18457 0.270333
0.186523 0.273125
0.188477 0.275914
0.19043 0.278702
0.192383 0.281487
0.194336 0.28427
0.196289 0.287051
0.198242 0.28983
0.200195 0.292607
0.202148 0.295382
0.204102 0.298154
0.206055 0.300924
0.208008 0.303692
0.209961 0.306458
0.211914 0.309221
0.213867 0.311983
0.21582 0.314742
0.217773 0.317498
0.219727 0.320252
0.22168 0.323004
0.223633 0.325754
0.225586 0.328501
0.227539 0.331246
0.229492 0.333989
0.231445 0.336729
0.233398 0.339466
0.235352 0.342201
0.237305 0.344934
0.239258 0.347664
0.241211 0.350392
0.243164 0.353117
0.245117 0.35584
0.24707 0.35856
0.249023 0.361278
0.250977 0.363993
0.25293 0.366706
0.254883 0.369416
0.256836 0.372123
0.258789 0.374828
0.260742 0.37753
0.262695 0.38023
0.264648 0.382927
0.266602 0.385621
0.268555 0.388312
0.270508 0.391001
0.272461 0.393687
0.274414 0.39637
0.276367 0.399051
0.27832 0.401729
0.280273 0.404404
0.282227 0.407076
0.28418 0.409746
0.286133 0.412412
0.288086 0.415076
0.290039 0.417737
0.291992 0.420396
0.293945 0.423051
0.295898 0.425703
0.297852 0.428353
0.299805 0.430999
0.301758 0.433643
0.303711 0.436284
0.305664 0.438922
0.307617 0.441557
0.30957 0.444188
0.311523 0.446817
0.313477 0.449443
0.31543 0.452066
0.317383 0.454686
0.319336 0.457303
0.321289 0.459916
0.323242 0.462527
0.325195 0.465134
0.327148 0.467739
0.329102 0.47034
0.331055 0.472938
0.333008 0.475533
0.334961 0.478125
0.336914 0.480714
0.338867 0.483299
0.34082 0.485882
0.342773 0.488461
0.344727 0.491036
0.34668 0.493609
0.348633 0.496178
0.350586 0.498744
0.352539 0.501307
0.354492 0.503866
0.356445 0.506422
0.358398 0.508975
0.360352 0.511524
0.362305 0.51407
0.364258 0.516613
0.366211 0.519152
0.368164 0.521687
0.370117 0.52422
0.37207 0.526749
0.374023 0.529274
0.375977 0.531796
0.37793 0.534314
0.379883 0.536829
0.381836 0.53934
0.383789 0.541848
0.385742 0.544352
0.387695 0.546853
0.389648 0.54935
0.391602 0.551843
0.393555 0.554333
0.395508 0.556819
0.397461 0.559301
0.399414 0.56178
0.401367 0.564255
0.40332 0.566726
0.405273 0.569193
0.407227 0.571657
0.40918 0.574117
0.411133 0.576573
0.413086 0.579026
0.415039 0.581474
0.416992 0.583919
0.418945 0.58636
0.420898 0.588797
0.422852 0.59123
0.424805 0.593659
0.426758 0.596084
0.428711 0.598505
0.430664 0.600922
0.432617 0.603335
0.43457 0.605744
0.436523 0.608149
0.438477 0.61055
0.44043 0.612947
0.442383 0.61534
0.444336 0.617729
0.446289 0.620113
0.448242 0.622494
0.450195 0.62487
0.452148 0.627242
0.454102 0.62961
0.456055 0.631973
0.458008 0.634332
0.459961 0.636687
0.461914 0.639038
0.463867 0.641384
0.46582 0.643726
0.467773 0.646063
0.469727 0.648397
0.47168 0.650725
0.473633 0.653049
0.475586 0.655369
0.477539 0.657684
0.479492 0.659995
0.481445 0.662301
0.483398 0.664603
0.485352 0.666899
0.487305 0.669192
0.489258 0.671479
0.491211 0.673762
0.493164 0.676041
0.495117 0.678314
0.49707 0.680583
0.499023 0.682847
0.500977 0.685106
0.50293 0.68736
0.504883 0.68961
0.506836 0.691855
0.508789 0.694094
0.510742 0.696329
0.512695 0.698559
0.514648 0.700784
0.516602 0.703003
0.518555 0.705218
0.520508 0.707428
0.522461 0.709632
0.524414 0.711831
0.526367 0.714026
0.52832 0.716215
0.530273 0.718398
0.532227 0.720577
0.53418 0.72275
0.536133 0.724918
0.538086 0.72708
0.540039 0.729237
0.541992 0.731389
0.543945 0.733535
0.545898 0.735676
0.547852 0.737811
0.549805 0.73994
0.551758 0.742064
0.553711 0.744183
0.555664 0.746296
0.557617 0.748403
0.55957 0.750504
0.561523 0.752599
0.563477 0.754689
0.56543 0.756773
0.567383 0.758851
0.569336 0.760923
0.571289 0.762989
0.573242 0.765049
0.575195 0.767103
0.577148 0.769151
0.579102 0.771193
0.581055 0.773229
0.583008 0.775258
0.584961 0.777282
0.586914 0.779299
0.588867 0.78131
0.59082 0.783314
0.592773 0.785312
0.594727 0.787303
0.59668 0.789289
0.598633 0.791267
0.600586 0.793239
0.602539 0.795204
0.604492 0.797163
0.606445 0.799115
0.608398 0.80106
0.610352 0.802998
0.612305 0.80493
0.614258 0.806854
0.616211 0.808772
0.618164 0.810683
0.620117 0.812586
0.62207 0.814483
0.624023 0.816372
0.625977 0.818254
0.62793 0.820129
0.629883 0.821996
0.631836 0.823857
0.633789 0.825709
0.635742 0.827554
0.637695 0.829392
0.639648 0.831222
0.641602 0.833045
0.643555 0.834859
0.645508 0.836666
0.647461 0.838465
0.649414 0.840257
0.651367 0.84204
0.65332 0.843815
0.655273 0.845582
0.657227 0.847341
0.65918 0.849092
0.661133 0.850835
0.663086 0.852569
0.665039 0.854294
0.666992 0.856012
0.668945 0.85772
0.670898 0.85942
0.672852 0.861112
0.674805 0.862794
0.676758 0.864468
0.678711 0.866133
0.680664 0.867789
0.682617 0.869436
0.68457 0.871073
0.686523 0.872702
0.688477 0.874321
0.69043 0.87593
0.692383 0.877531
0.694336 0.879121
0.696289 0.880702
0.698242 0.882273
0.700195 0.883835
0.702148 0.885386
0.704102 0.886928
0.706055 0.888459
0.708008 0.88998
0.709961 0.891491
0.711914 0.892992
0.713867 0.894482
0.71582 0.895961
0.717773 0.89743
0.719727 0.898888
0.72168 0.900335
0.723633 0.901771
0.725586 0.903196
0.727539 0.90461
0.729492 0.906012
0.731445 0.907403
0.733398 0.908782
0.735352 0.91015
0.737305 0.911506
0.739258 0.91285
0.741211 0.914181
0.743164 0.915501
0.745117 0.916808
0.74707 0.918103
0.749023 0.919385
0.750977 0.920655
0.75293 0.921912
0.754883 0.923155
0.756836 0.924386
0.758789 0.925603
0.760742 0.926806
0.762695 0.927996
0.764648 0.929173
0.766602 0.930335
0.768555 0.931483
0.770508 0.932617
0.772461 0.933736
0.774414 0.934841
0.776367 0.935931
0.77832 0.937006
0.780273 0.938066
0.782227 0.939111
0.78418 0.94014
0.786133 0.941153
0.788086 0.94215
0.790039 0.943131
0.791992 0.944096
0.793945 0.945044
0.795898 0.945975
0.797852 0.946889
0.799805 0.947786
0.801758 0.948665
0.803711 0.949526
0.805664 0.95037
0.807617 0.951195
0.80957 0.952001
0.811523 0.952789
0.813477 0.953557
0.81543 0.954306
0.817383 0.955035
0.819336 0.955745
0.821289 0.956434
0.823242 0.957102
0.825195 0.957749
0.827148 0.958375
0.829102 0.958979
0.831055 0.959561
0.833008 0.96012
0.834961 0.960657
0.836914 0.961171
0.838867 0.96166
0.84082 0.962126
0.842773 0.962567
0.844727 0.962983
0.84668 0.963374
0.848633 0.963738
0.850586 0.964076
0.852539 0.964387
0.854492 0.96467
0.856445 0.964925
0.858398 0.965151
0.860352 0.965348
0.862305 0.965515
0.864258 0.96565
0.866211 0.965754
0.868164 0.965826
0.870117 0.965864
0.87207 0.965868
0.874023 0.965838
0.875977 0.965771
0.87793 0.965667
0.879883 0.965524
0.881836 0.965343
0.883789 0.96512
0.885742 0.964856
0.887695 0.964548
0.889648 0.964195
0.891602 0.963794
0.893555 0.963345
0.895508 0.962844
0.897461 0.962291
0.899414 0.961681
0.901367 0.961012
0.90332 0.960281
0.905273 0.959485
0.907227 0.958619
0.90918 0.95768
0.911133 0.956661
0.913086 0.955558
0.915039 0.954364
0.916992 0.953072
0.918945 0.951673
0.920898 0.950159
0.922852 0.948518
0.924805 0.946737
0.926758 0.944803
0.928711 0.942699
0.930664 0.940407
0.932617 0.937903
0.93457 0.935164
0.936523 0.932158
0.938477 0.928853
0.94043 0.925209
0.942383 0.92118
0.944336 0.916714
0.946289 0.911748
0.948242 0.906212
0.950195 0.900025
0.952148 0.893091
0.954102 0.885303
0.956055 0.876537
0.958008 0.86665
0.959961 0.855482
0.961914 0.842852
0.963867 0.828557
0.96582 0.812372
0.967773 0.794049
0.969727 0.773322
0.97168 0.749907
0.973633 0.723509
0.975586 0.693827
0.977539 0.660572
0.979492 0.623472
0.981445 0.582299
0.983398 0.536883
0.985352 0.487136
0.987305 0.433076
0.989258 0.374847
0.991211 0.312732
0.993164 0.247166
0.995117 0.178728
0.99707 0.108132
0.999023 0.0361957
1 0
