0 0
0.000976562 0.00144158
0.00292969 0.00432473
0.00488281 0.00720785
0.00683594 0.0100909
0.00878906 0.0129739
0.0107422 0.0158567
0.0126953 0.0187394
0.0146484 0.021622
0.0166016 0.0245044
0.0185547 0.0273866
0.0205078 0.0302685
0.0224609 0.0331502
0.0244141 0.0360316
0.0263672 0.0389127
0.0283203 0.0417934
0.0302734 0.0446739
0.0322266 0.0475539
0.0341797 0.0504335
0.0361328 0.0533127
0.0380859 0.0561915
0.0400391 0.0590698
0.0419922 0.0619475
0.0439453 0.0648248
0.0458984 0.0677015
0.0478516 0.0705776
0.0498047 0.0734532
0.0517578 0.0763281
0.0537109 0.0792024
0.0556641 0.082076
0.0576172 0.084949
0.0595703 0.0878212
0.0615234 0.0906927
0.0634766 0.0935634
0.0654297 0.0964333
0.0673828 0.0993025
0.0693359 0.102171
0.0712891 0.105038
0.0732422 0.107905
0.0751953 0.110771
0.0771484 0.113635
0.0791016 0.116499
0.0810547 0.119362
0.0830078 0.122224
0.0849609 0.125085
0.0869141 0.127945
0.0888672 0.130803
0.0908203 0.133661
0.0927734 0.136518
0.0947266 0.139373
0.0966797 0.142228
0.0986328 0.145081
0.100586 0.147933
0.102539 0.150784
0.104492 0.153633
0.106445 0.156482
0.108398 0.159329
0.110352 0.162174
0.112305 0.165019
0.114258 0.167862
0.116211 0.170704
0.118164 0.173544
0.120117 0.176383
0.12207 0.179221
0.124023 0.182057
0.125977 0.184892
0.12793 0.187725
0.129883 0.190557
0.131836 0.193387
0.133789 0.196216
0.135742 0.199043
0.137695 0.201869
0.139648 0.204693
0.141602 0.207515
0.143555 0.210336
0.145508 0.213155
0.147461 0.215972
0.149414 0.218788
0.151367 0.221602
0.15332 0.224415
0.155273 0.227225
0.157227 0.230034
0.15918 0.232841
0.161133 0.235646
0.163086 0.23845
0.165039 0.241252
0.166992 0.244051
0.168945 0.246849
0.170898 0.249645
0.172852 0.25244
0.174805 0.255232
0.176758 0.258022
0.178711 0.260811
0.180664 0.263597
0.182617 0.266381
0.18457 0.269164
0.186523 0.271944
0.188477 0.274723
0.19043 0.277499
0.192383 0.280273
0.194336 0.283045
0.196289 0.285816
0.198242 0.288584
0.200195 0.291349
0.202148 0.294113
0.204102 0.296875
0.206055 0.299634
0.208008 0.302391
0.209961 0.305146
0.211914 0.307899
0.213867 0.310649
0.21582 0.313398
0.217773 0.316144
0.219727 0.318887
0.22168 0.321629
0.223633 0.324368
0.225586 0.327105
0.227539 0.329839
0.229492 0.332571
0.231445 0.335301
0.233398 0.338028
0.235352 0.340753
0.237305 0.343475
0.239258 0.346196
0.241211 0.348913
0.243164 0.351628
0.245117 0.354341
0.24707 0.357051
0.249023 0.359759
0.250977 0.362464
0.25293 0.365167
0.254883 0.367867
0.256836 0.370564
0.258789 0.373259
0.260742 0.375952
0.262695 0.378641
0.264648 0.381328
0.266602 0.384013
0.268555 0.386695
0.270508 0.389374
0.272461 0.392051
0.274414 0.394725
0.276367 0.397396
0.27832 0.400064
0.280273 0.40273
0.282227 0.405393
0.28418 0.408053
0.286133 0.410711
0.288086 0.413365
0.290039 0.416017
0.291992 0.418666
0.293945 0.421313
0.295898 0.423956
0.297852 0.426597
0.299805 0.429234
0.301758 0.431869
0.303711 0.434501
0.305664 0.43713
0.307617 0.439756
0.30957 0.442379
0.311523 0.445
0.313477 0.447617
0.31543 0.450231
0.317383 0.452842
0.319336 0.455451
0.321289 0.458056
0.323242 0.460658
0.325195 0.463257
0.327148 0.465854
0.329102 0.468447
0.331055 0.471037
0.333008 0.473623
0.334961 0.476207
0.336914 0.478788
0.338867 0.481365
0.34082 0.48394
0.342773 0.486511
0.344727 0.489079
0.34668 0.491643
0.348633 0.494205
0.350586 0.496763
0.352539 0.499318
0.354492 0.50187
0.356445 0.504418
0.358398 0.506963
0.360352 0.509505
0.362305 0.512044
0.364258 0.514579
0.366211 0.517111
0.368164 0.519639
0.370117 0.522164
0.37207 0.524686
0.374023 0.527204
0.375977 0.529719
0.37793 0.53223
0.379883 0.534738
0.381836 0.537243
0.383789 0.539744
0.385742 0.542241
0.387695 0.544735
0.389648 0.547225
0.391602 0.549712
0.393555 0.552195
0.395508 0.554675
0.397461 0.55715
0.399414 0.559623
0.401367 0.562091
0.40332 0.564556
0.405273 0.567018
0.407227 0.569475
0.40918 0.571929
0.411133 0.574379
0.413086 0.576826
0.415039 0.579268
0.416992 0.581707
0.418945 0.584142
0.420898 0.586573
0.422852 0.589
0.424805 0.591424
0.426758 0.593843
0.428711 0.596259
0.430664 0.598671
0.432617 0.601078
0.43457 0.603482
0.436523 0.605882
0.438477 0.608278
0.44043 0.610669
0.442383 0.613057
0.444336 0.615441
0.446289 0.61782
0.448242 0.620196
0.450195 0.622567
0.452148 0.624934
0.454102 0.627297
0.456055 0.629656
0.458008 0.632011
0.459961 0.634361
0.461914 0.636707
0.463867 0.639049
0.46582 0.641387
0.467773 0.64372
0.469727 0.646049
0.47168 0.648373
0.473633 0.650694
0.475586 0.653009
0.477539 0.655321
0.479492 0.657627
0.481445 0.65993
0.483398 0.662228
0.485352 0.664521
0.487305 0.66681
0.489258 0.669094
0.491211 0.671373
0.493164 0.673648
0.495117 0.675919
0.49707 0.678184
0.499023 0.680445
0.500977 0.682701
0.50293 0.684953
0.504883 0.687199
0.506836 0.689441
0.508789 0.691678
0.510742 0.69391
0.512695 0.696137
0.514648 0.69836
0.516602 0.700577
0.518555 0.702789
0.520508 0.704997
0.522461 0.707199
0.524414 0.709396
0.526367 0.711588
0.52832 0.713775
0.530273 0.715957
0.532227 0.718134
0.53418 0.720305
0.536133 0.722472
0.538086 0.724633
0.540039 0.726788
0.541992 0.728939
0.543945 0.731083
0.545898 0.733223
0.547852 0.735357
0.549805 0.737486
0.551758 0.739609
0.553711 0.741726
0.555664 0.743838
0.557617 0.745945
0.55957 0.748046
0.561523 0.750141
0.563477 0.75223
0.56543 0.754314
0.567383 0.756391
0.569336 0.758464
0.571289 0.76053
0.573242 0.76259
0.575195 0.764644
0.577148 0.766693
0.579102 0.768735
0.581055 0.770771
0.583008 0.772801
0.584961 0.774826
0.586914 0.776843
0.588867 0.778855
0.59082 0.780861
0.592773 0.78286
0.594727 0.784852
0.59668 0.786839
0.598633 0.788819
0.600586 0.790792
0.602539 0.792759
0.604492 0.79472
0.606445 0.796674
0.608398 0.798621
0.610352 0.800561
0.612305 0.802495
0.614258 0.804422
0.616211 0.806342
0.618164 0.808256
0.620117 0.810162
0.62207 0.812061
0.624023 0.813953
0.625977 0.815839
0.62793 0.817717
0.629883 0.819588
0.631836 0.821451
0.633789 0.823307
0.635742 0.825156
0.637695 0.826998
0.639648 0.828832
0.641602 0.830659
0.643555 0.832478
0.645508 0.834289
0.647461 0.836092
0.649414 0.837888
0.651367 0.839676
0.65332 0.841457
0.655273 0.843229
0.657227 0.844993
0.65918 0.846749
0.661133 0.848497
0.663086 0.850237
0.665039 0.851968
0.666992 0.853692
0.668945 0.855406
0.670898 0.857113
0.672852 0.858811
0.674805 0.8605
0.676758 0.86218
0.678711 0.863852
0.680664 0.865515
0.682617 0.867169
0.68457 0.868814
0.686523 0.87045
0.688477 0.872076
0.69043 0.873694
0.692383 0.875302
0.694336 0.876901
0.696289 0.87849
0.698242 0.88007
0.700195 0.88164
0.702148 0.883201
0.704102 0.884751
0.706055 0.886292
0.708008 0.887823
0.709961 0.889343
0.711914 0.890854
0.713867 0.892354
0.71582 0.893843
0.717773 0.895323
0.719727 0.896791
0.72168 0.898249
0.723633 0.899696
0.725586 0.901132
0.727539 0.902557
0.729492 0.903972
0.731445 0.905374
0.733398 0.906766
0.735352 0.908146
0.737305 0.909514
0.739258 0.910871
0.741211 0.912216
0.743164 0.913548
0.745117 0.914869
0.74707 0.916178
0.749023 0.917474
0.750977 0.918758
0.75293 0.920029
0.754883 0.921287
0.756836 0.922533
0.758789 0.923765
0.760742 0.924984
0.762695 0.92619
0.764648 0.927382
0.766602 0.928561
0.768555 0.929726
0.770508 0.930877
0.772461 0.932013
0.774414 0.933136
0.776367 0.934243
0.77832 0.935337
0.780273 0.936415
0.782227 0.937478
0.78418 0.938526
0.786133 0.939559
0.788086 0.940575
0.790039 0.941577
0.791992 0.942562
0.793945 0.94353
0.795898 0.944483
0.797852 0.945418
0.799805 0.946337
0.801758 0.947238
0.803711 0.948122
0.805664 0.948988
0.807617 0.949837
0.80957 0.950667
0.811523 0.951479
0.813477 0.952272
0.81543 0.953046
0.817383 0.953801
0.819336 0.954536
0.821289 0.955251
0.823242 0.955946
0.825195 0.956621
0.827148 0.957274
0.829102 0.957907
0.831055 0.958518
0.833008 0.959107
0.834961 0.959673
0.836914 0.960217
0.838867 0.960738
0.84082 0.961235
0.842773 0.961708
0.844727 0.962157
0.84668 0.962581
0.848633 0.962979
0.850586 0.963352
0.852539 0.963698
0.854492 0.964017
0.856445 0.964309
0.858398 0.964573
0.860352 0.964807
0.862305 0.965013
0.864258 0.965188
0.866211 0.965333
0.868164 0.965446
0.870117 0.965527
0.87207 0.965574
0.874023 0.965587
0.875977 0.965566
0.87793 0.965508
0.879883 0.965413
0.881836 0.965279
0.883789 0.965107
0.885742 0.964893
0.887695 0.964637
0.889648 0.964336
0.891602 0.963991
0.893555 0.963597
0.895508 0.963154
0.897461 0.96266
0.899414 0.962111
0.901367 0.961504
0.90332 0.960838
0.905273 0.960108
0.907227 0.959311
0.90918 0.958442
0.911133 0.957496
0.913086 0.956468
0.915039 0.955352
0.916992 0.954141
0.918945 0.952826
0.920898 0.951398
0.922852 0.949847
0.924805 0.94816
0.926758 0.946324
0.928711 0.944322
0.930664 0.942136
0.932617 0.939743
0.93457 0.937119
0.936523 0.934235
0.938477 0.931057
0.94043 0.927546
0.942383 0.923656
0.944336 0.919335
0.946289 0.914521
0.948242 0.909144
0.950195 0.903122
0.952148 0.896361
0.954102 0.888751
0.956055 0.880169
0.958008 0.87047
0.959961 0.859494
0.961914 0.847057
0.963867 0.832953
0.96582 0.816955
0.967773 0.798809
0.969727 0.778245
0.97168 0.754972
0.973633 0.728686
0.975586 0.69908
0.977539 0.665853
0.979492 0.628724
0.981445 0.587453
0.983398 0.54186
0.985352 0.49185
0.987305 0.437432
0.989258 0.378748
0.991211 0.316083
0.993164 0.249878
0.995117 0.180726
0.99707 0.109356
0.999023 0.0366078
1 0
