0 0
0.000976562 0.00141409
0.00292969 0.00424224
0.00488281 0.00707037
0.00683594 0.00989844
0.00878906 0.0127264
0.0107422 0.0155543
0.0126953 0.0183821
0.0146484 0.0212097
0.0166016 0.0240371
0.0185547 0.0268644
0.0205078 0.0296914
0.0224609 0.0325182
0.0244141 0.0353448
0.0263672 0.038171
0.0283203 0.040997
0.0302734 0.0438226
0.0322266 0.0466479
0.0341797 0.0494728
0.0361328 0.0522973
0.0380859 0.0551214
0.0400391 0.0579451
0.0419922 0.0607683
0.0439453 0.063591
0.0458984 0.0664132
0.0478516 0.0692349
0.0498047 0.072056
0.0517578 0.0748765
0.0537109 0.0776965
0.0556641 0.0805159
0.0576172 0.0833346
0.0595703 0.0861526
0.0615234 0.08897
0.0634766 0.0917867
0.0654297 0.0946026
0.0673828 0.0974179
0.0693359 0.100232
0.0712891 0.103046
0.0732422 0.105859
0.0751953 0.108671
0.0771484 0.111482
0.0791016 0.114292
0.0810547 0.117102
0.0830078 0.11991
0.0849609 0.122718
0.0869141 0.125524
0.0888672 0.12833
0.0908203 0.131135
0.0927734 0.133938
0.0947266 0.136741
0.0966797 0.139542
0.0986328 0.142343
0.100586 0.145142
0.102539 0.14794
0.104492 0.150738
0.106445 0.153533
0.108398 0.156328
0.110352 0.159122
0.112305 0.161914
0.114258 0.164705
0.116211 0.167495
0.118164 0.170284
0.120117 0.173071
0.12207 0.175857
0.124023 0.178642
0.125977 0.181425
0.12793 0.184207
0.129883 0.186988
0.131836 0.189767
0.133789 0.192545
0.135742 0.195321
0.137695 0.198096
0.139648 0.200869
0.141602 0.203641
0.143555 0.206411
0.145508 0.20918
0.147461 0.211948
0.149414 0.214713
0.151367 0.217477
0.15332 0.22024
0.155273 0.223001
0.157227 0.22576
0.15918 0.228518
0.161133 0.231274
0.163086 0.234028
0.165039 0.236781
0.166992 0.239532
0.168945 0.242281
0.170898 0.245028
0.172852 0.247774
0.174805 0.250518
0.176758 0.25326
0.178711 0.256
0.180664 0.258739
0.182617 0.261475
0.18457 0.26421
0.186523 0.266943
0.188477 0.269674
0.19043 0.272403
0.192383 0.27513
0.194336 0.277855
0.196289 0.280578
0.198242 0.283299
0.200195 0.286019
0.202148 0.288736
0.204102 0.291451
0.206055 0.294164
0.208008 0.296876
0.209961 0.299585
0.211914 0.302292
0.213867 0.304997
0.21582 0.3077
0.217773 0.3104
0.219727 0.313099
0.22168 0.315795
0.223633 0.31849
0.225586 0.321182
0.227539 0.323872
0.229492 0.32656
0.231445 0.329245
0.233398 0.331928
0.235352 0.334609
0.237305 0.337288
0.239258 0.339965
0.241211 0.342639
0.243164 0.345311
0.245117 0.347981
0.24707 0.350648
0.249023 0.353313
0.250977 0.355975
0.25293 0.358636
0.254883 0.361293
0.256836 0.363949
0.258789 0.366602
0.260742 0.369253
0.262695 0.371901
0.264648 0.374547
0.266602 0.37719
0.268555 0.379831
0.270508 0.382469
0.272461 0.385105
0.274414 0.387738
0.276367 0.390369
0.27832 0.392997
0.280273 0.395623
0.282227 0.398246
0.28418 0.400867
0.286133 0.403485
0.288086 0.4061
0.290039 0.408713
0.291992 0.411323
0.293945 0.413931
0.295898 0.416535
0.297852 0.419138
0.299805 0.421737
0.301758 0.424334
0.303711 0.426928
0.305664 0.429519
0.307617 0.432108
0.30957 0.434694
0.311523 0.437277
0.313477 0.439857
0.31543 0.442435
0.317383 0.44501
0.319336 0.447581
0.321289 0.450151
0.323242 0.452717
0.325195 0.45528
0.327148 0.457841
0.329102 0.460398
0.331055 0.462953
0.333008 0.465505
0.334961 0.468054
0.336914 0.4706
0.338867 0.473143
0.34082 0.475683
0.342773 0.47822
0.344727 0.480754
0.34668 0.483285
0.348633 0.485813
0.350586 0.488339
0.352539 0.490861
0.354492 0.493379
0.356445 0.495895
0.358398 0.498408
0.360352 0.500918
0.362305 0.503424
0.364258 0.505928
0.366211 0.508428
0.368164 0.510925
0.370117 0.513419
0.37207 0.51591
0.374023 0.518397
0.375977 0.520882
0.37793 0.523363
0.379883 0.525841
0.381836 0.528315
0.383789 0.530787
0.385742 0.533255
0.387695 0.535719
0.389648 0.538181
0.391602 0.540639
0.393555 0.543093
0.395508 0.545545
0.397461 0.547993
0.399414 0.550437
0.401367 0.552878
0.40332 0.555316
0.405273 0.55775
0.407227 0.560181
0.40918 0.562608
0.411133 0.565032
0.413086 0.567452
0.415039 0.569868
0.416992 0.572281
0.418945 0.574691
0.420898 0.577097
0.422852 0.579499
0.424805 0.581898
0.426758 0.584293
0.428711 0.586685
0.430664 0.589072
0.432617 0.591456
0.43457 0.593837
0.436523 0.596213
0.438477 0.598586
0.44043 0.600955
0.442383 0.60332
0.444336 0.605682
0.446289 0.60804
0.448242 0.610393
0.450195 0.612743
0.452148 0.615089
0.454102 0.617432
0.456055 0.61977
0.458008 0.622104
0.459961 0.624435
0.461914 0.626761
0.463867 0.629083
0.46582 0.631402
0.467773 0.633716
0.469727 0.636026
0.47168 0.638332
0.473633 0.640634
0.475586 0.642932
0.477539 0.645226
0.479492 0.647516
0.481445 0.649801
0.483398 0.652082
0.485352 0.654359
0.487305 0.656632
0.489258 0.6589
0.491211 0.661165
0.493164 0.663424
0.495117 0.66568
0.49707 0.667931
0.499023 0.670178
0.500977 0.67242
0.50293 0.674658
0.504883 0.676891
0.506836 0.67912
0.508789 0.681344
0.510742 0.683564
0.512695 0.685779
0.514648 0.68799
0.516602 0.690196
0.518555 0.692397
0.520508 0.694593
0.522461 0.696785
0.524414 0.698973
0.526367 0.701155
0.52832 0.703333
0.530273 0.705506
0.532227 0.707674
0.53418 0.709837
0.536133 0.711995
0.538086 0.714148
0.540039 0.716297
0.541992 0.71844
0.543945 0.720578
0.545898 0.722712
0.547852 0.72484
0.549805 0.726963
0.551758 0.729081
0.553711 0.731194
0.555664 0.733302
0.557617 0.735404
0.55957 0.737501
0.561523 0.739593
0.563477 0.74168
0.56543 0.743761
0.567383 0.745837
0.569336 0.747907
0.571289 0.749972
0.573242 0.752032
0.575195 0.754085
0.577148 0.756134
0.579102 0.758177
0.581055 0.760214
0.583008 0.762245
0.584961 0.764271
0.586914 0.766291
0.588867 0.768305
0.59082 0.770313
0.592773 0.772316
0.594727 0.774312
0.59668 0.776303
0.598633 0.778288
0.600586 0.780266
0.602539 0.782239
0.604492 0.784206
0.606445 0.786166
0.608398 0.78812
0.610352 0.790068
0.612305 0.79201
0.614258 0.793945
0.616211 0.795874
0.618164 0.797797
0.620117 0.799713
0.62207 0.801623
0.624023 0.803526
0.625977 0.805422
0.62793 0.807312
0.629883 0.809195
0.631836 0.811072
0.633789 0.812942
0.635742 0.814804
0.637695 0.81666
0.639648 0.81851
0.641602 0.820352
0.643555 0.822187
0.645508 0.824015
0.647461 0.825835
0.649414 0.827649
0.651367 0.829455
0.65332 0.831254
0.655273 0.833046
0.657227 0.83483
0.65918 0.836607
0.661133 0.838376
0.663086 0.840138
0.665039 0.841892
0.666992 0.843638
0.668945 0.845377
0.670898 0.847107
0.672852 0.84883
0.674805 0.850545
0.676758 0.852251
0.678711 0.85395
0.680664 0.85564
0.682617 0.857322
0.68457 0.858996
0.686523 0.860662
0.688477 0.862319
0.69043 0.863967
0.692383 0.865607
0.694336 0.867238
0.696289 0.86886
0.698242 0.870474
0.700195 0.872079
0.702148 0.873674
0.704102 0.875261
0.706055 0.876838
0.708008 0.878406
0.709961 0.879965
0.711914 0.881515
0.713867 0.883055
0.71582 0.884585
0.717773 0.886106
0.719727 0.887616
0.72168 0.889118
0.723633 0.890609
0.725586 0.89209
0.727539 0.893561
0.729492 0.895021
0.731445 0.896471
0.733398 0.897911
0.735352 0.89934
0.737305 0.900759
0.739258 0.902167
0.741211 0.903564
0.743164 0.90495
0.745117 0.906325
0.74707 0.907688
0.749023 0.90904
0.750977 0.910381
0.75293 0.91171
0.754883 0.913028
0.756836 0.914333
0.758789 0.915627
0.760742 0.916908
0.762695 0.918178
0.764648 0.919434
0.766602 0.920679
0.768555 0.92191
0.770508 0.923129
0.772461 0.924335
0.774414 0.925528
0.776367 0.926707
0.77832 0.927873
0.780273 0.929026
0.782227 0.930164
0.78418 0.931289
0.786133 0.9324
0.788086 0.933496
0.790039 0.934578
0.791992 0.935645
0.793945 0.936698
0.795898 0.937735
0.797852 0.938757
0.799805 0.939764
0.801758 0.940755
0.803711 0.94173
0.805664 0.942689
0.807617 0.943632
0.80957 0.944558
0.811523 0.945467
0.813477 0.94636
0.81543 0.947235
0.817383 0.948093
0.819336 0.948932
0.821289 0.949754
0.823242 0.950558
0.825195 0.951343
0.827148 0.952109
0.829102 0.952856
0.831055 0.953583
0.833008 0.95429
0.834961 0.954978
0.836914 0.955644
0.838867 0.95629
0.84082 0.956915
0.842773 0.957518
0.844727 0.958099
0.84668 0.958658
0.848633 0.959194
0.850586 0.959706
0.852539 0.960195
0.854492 0.96066
0.856445 0.9611
0.858398 0.961515
0.860352 0.961904
0.862305 0.962267
0.864258 0.962603
0.866211 0.962912
0.868164 0.963192
0.870117 0.963444
0.87207 0.963666
0.874023 0.963858
0.875977 0.964018
0.87793 0.964147
0.879883 0.964243
0.881836 0.964304
0.883789 0.964331
0.885742 0.964322
0.887695 0.964275
0.889648 0.96419
0.891602 0.964064
0.893555 0.963896
0.895508 0.963685
0.897461 0.963428
0.899414 0.963124
0.901367 0.962769
0.90332 0.962362
0.905273 0.961898
0.907227 0.961376
0.90918 0.96079
0.911133 0.960137
0.913086 0.959412
0.915039 0.958608
0.916992 0.957721
0.918945 0.956742
0.920898 0.955662
0.922852 0.954473
0.924805 0.953163
0.926758 0.951719
0.928711 0.950125
0.930664 0.948365
0.932617 0.946417
0.93457 0.944258
0.936523 0.94186
0.938477 0.939191
0.94043 0.936213
0.942383 0.932881
0.944336 0.929145
0.946289 0.924944
0.948242 0.920207
0.950195 0.914854
0.952148 0.908789
0.954102 0.901902
0.956055 0.894068
0.958008 0.885139
0.959961 0.874948
0.961914 0.863305
0.963867 0.849994
0.96582 0.834773
0.967773 0.817374
0.969727 0.797504
0.97168 0.774845
0.973633 0.749064
0.975586 0.719817
0.977539 0.686762
0.979492 0.649577
0.981445 0.607975
0.983398 0.561733
0.985352 0.510716
0.987305 0.454908
0.989258 0.394434
0.991211 0.329584
0.993164 0.260824
0.995117 0.188797
0.99707 0.114303
0.999023 0.0382749
1 0
