0 0
0.000976562 0.00140584
0.00292969 0.0042175
0.00488281 0.00702913
0.00683594 0.00984071
0.00878906 0.0126522
0.0107422 0.0154636
0.0126953 0.0182749
0.0146484 0.021086
0.0166016 0.023897
0.0185547 0.0267078
0.0205078 0.0295183
0.0224609 0.0323287
0.0244141 0.0351388
0.0263672 0.0379486
0.0283203 0.0407581
0.0302734 0.0435673
0.0322266 0.0463761
0.0341797 0.0491846
0.0361328 0.0519927
0.0380859 0.0548004
0.0400391 0.0576077
0.0419922 0.0604145
0.0439453 0.0632208
0.0458984 0.0660267
0.0478516 0.068832
0.0498047 0.0716368
0.0517578 0.0744411
0.0537109 0.0772447
0.0556641 0.0800478
0.0576172 0.0828502
0.0595703 0.085652
0.0615234 0.0884532
0.0634766 0.0912536
0.0654297 0.0940534
0.0673828 0.0968524
0.0693359 0.0996507
0.0712891 0.102448
0.0732422 0.105245
0.0751953 0.108041
0.0771484 0.110836
0.0791016 0.11363
0.0810547 0.116423
0.0830078 0.119216
0.0849609 0.122007
0.0869141 0.124798
0.0888672 0.127588
0.0908203 0.130376
0.0927734 0.133164
0.0947266 0.135951
0.0966797 0.138736
0.0986328 0.141521
0.100586 0.144305
0.102539 0.147087
0.104492 0.149868
0.106445 0.152649
0.108398 0.155428
0.110352 0.158206
0.112305 0.160982
0.114258 0.163758
0.116211 0.166532
0.118164 0.169305
0.120117 0.172077
0.12207 0.174847
0.124023 0.177616
0.125977 0.180384
0.12793 0.183151
0.129883 0.185916
0.131836 0.18868
0.133789 0.191442
0.135742 0.194203
0.137695 0.196963
0.139648 0.199721
0.141602 0.202478
0.143555 0.205233
0.145508 0.207987
0.147461 0.210739
0.149414 0.21349
0.151367 0.216239
0.15332 0.218986
0.155273 0.221732
0.157227 0.224477
0.15918 0.227219
0.161133 0.229961
0.163086 0.2327
0.165039 0.235438
0.166992 0.238174
0.168945 0.240909
0.170898 0.243641
0.172852 0.246372
0.174805 0.249102
0.176758 0.251829
0.178711 0.254555
0.180664 0.257279
0.182617 0.260001
0.18457 0.262721
0.186523 0.26544
0.188477 0.268156
0.19043 0.270871
0.192383 0.273584
0.194336 0.276295
0.196289 0.279004
0.198242 0.281711
0.200195 0.284416
0.202148 0.28712
0.204102 0.289821
0.206055 0.29252
0.208008 0.295218
0.209961 0.297913
0.211914 0.300606
0.213867 0.303297
0.21582 0.305986
0.217773 0.308674
0.219727 0.311358
0.22168 0.314041
0.223633 0.316722
0.225586 0.319401
0.227539 0.322077
0.229492 0.324752
0.231445 0.327424
0.233398 0.330094
0.235352 0.332762
0.237305 0.335427
0.239258 0.33809
0.241211 0.340752
0.243164 0.34341
0.245117 0.346067
0.24707 0.348721
0.249023 0.351373
0.250977 0.354023
0.25293 0.356671
0.254883 0.359316
0.256836 0.361958
0.258789 0.364599
0.260742 0.367237
0.262695 0.369872
0.264648 0.372506
0.266602 0.375136
0.268555 0.377765
0.270508 0.380391
0.272461 0.383014
0.274414 0.385635
0.276367 0.388254
0.27832 0.39087
0.280273 0.393483
0.282227 0.396095
0.28418 0.398703
0.286133 0.401309
0.288086 0.403912
0.290039 0.406513
0.291992 0.409112
0.293945 0.411707
0.295898 0.414301
0.297852 0.416891
0.299805 0.419479
0.301758 0.422064
0.303711 0.424647
0.305664 0.427227
0.307617 0.429804
0.30957 0.432378
0.311523 0.43495
0.313477 0.437519
0.31543 0.440086
0.317383 0.442649
0.319336 0.44521
0.321289 0.447768
0.323242 0.450323
0.325195 0.452876
0.327148 0.455426
0.329102 0.457972
0.331055 0.460516
0.333008 0.463058
0.334961 0.465596
0.336914 0.468131
0.338867 0.470664
0.34082 0.473194
0.342773 0.47572
0.344727 0.478244
0.34668 0.480765
0.348633 0.483283
0.350586 0.485798
0.352539 0.48831
0.354492 0.490819
0.356445 0.493324
0.358398 0.495827
0.360352 0.498327
0.362305 0.500824
0.364258 0.503318
0.366211 0.505808
0.368164 0.508296
0.370117 0.51078
0.37207 0.513261
0.374023 0.51574
0.375977 0.518215
0.37793 0.520686
0.379883 0.523155
0.381836 0.52562
0.383789 0.528083
0.385742 0.530542
0.387695 0.532997
0.389648 0.53545
0.391602 0.537899
0.393555 0.540345
0.395508 0.542787
0.397461 0.545227
0.399414 0.547663
0.401367 0.550095
0.40332 0.552524
0.405273 0.55495
0.407227 0.557373
0.40918 0.559791
0.411133 0.562207
0.413086 0.564619
0.415039 0.567028
0.416992 0.569433
0.418945 0.571835
0.420898 0.574233
0.422852 0.576627
0.424805 0.579018
0.426758 0.581406
0.428711 0.58379
0.430664 0.58617
0.432617 0.588547
0.43457 0.59092
0.436523 0.593289
0.438477 0.595655
0.44043 0.598017
0.442383 0.600375
0.444336 0.60273
0.446289 0.60508
0.448242 0.607428
0.450195 0.609771
0.452148 0.61211
0.454102 0.614446
0.456055 0.616778
0.458008 0.619106
0.459961 0.62143
0.461914 0.62375
0.463867 0.626066
0.46582 0.628378
0.467773 0.630687
0.469727 0.632991
0.47168 0.635291
0.473633 0.637588
0.475586 0.63988
0.477539 0.642168
0.479492 0.644452
0.481445 0.646732
0.483398 0.649008
0.485352 0.65128
0.487305 0.653548
0.489258 0.655811
0.491211 0.65807
0.493164 0.660325
0.495117 0.662576
0.49707 0.664822
0.499023 0.667064
0.500977 0.669302
0.50293 0.671535
0.504883 0.673764
0.506836 0.675989
0.508789 0.678209
0.510742 0.680425
0.512695 0.682636
0.514648 0.684842
0.516602 0.687045
0.518555 0.689242
0.520508 0.691435
0.522461 0.693624
0.524414 0.695808
0.526367 0.697987
0.52832 0.700161
0.530273 0.702331
0.532227 0.704496
0.53418 0.706656
0.536133 0.708812
0.538086 0.710962
0.540039 0.713108
0.541992 0.715249
0.543945 0.717385
0.545898 0.719516
0.547852 0.721642
0.549805 0.723763
0.551758 0.725879
0.553711 0.727991
0.555664 0.730096
0.557617 0.732197
0.55957 0.734293
0.561523 0.736383
0.563477 0.738469
0.56543 0.740549
0.567383 0.742624
0.569336 0.744693
0.571289 0.746757
0.573242 0.748816
0.575195 0.750869
0.577148 0.752917
0.579102 0.754959
0.581055 0.756996
0.583008 0.759028
0.584961 0.761053
0.586914 0.763073
0.588867 0.765088
0.59082 0.767097
0.592773 0.7691
0.594727 0.771097
0.59668 0.773088
0.598633 0.775074
0.600586 0.777054
0.602539 0.779028
0.604492 0.780995
0.606445 0.782957
0.608398 0.784913
0.610352 0.786863
0.612305 0.788806
0.614258 0.790743
0.616211 0.792675
0.618164 0.794599
0.620117 0.796518
0.62207 0.79843
0.624023 0.800336
0.625977 0.802235
0.62793 0.804128
0.629883 0.806015
0.631836 0.807895
0.633789 0.809768
0.635742 0.811634
0.637695 0.813494
0.639648 0.815347
0.641602 0.817193
0.643555 0.819032
0.645508 0.820865
0.647461 0.82269
0.649414 0.824508
0.651367 0.826319
0.65332 0.828124
0.655273 0.82992
0.657227 0.83171
0.65918 0.833492
0.661133 0.835267
0.663086 0.837035
0.665039 0.838795
0.666992 0.840547
0.668945 0.842292
0.670898 0.844029
0.672852 0.845759
0.674805 0.847481
0.676758 0.849194
0.678711 0.8509
0.680664 0.852598
0.682617 0.854288
0.68457 0.85597
0.686523 0.857643
0.688477 0.859309
0.69043 0.860966
0.692383 0.862614
0.694336 0.864254
0.696289 0.865886
0.698242 0.867509
0.700195 0.869123
0.702148 0.870728
0.704102 0.872325
0.706055 0.873913
0.708008 0.875491
0.709961 0.877061
0.711914 0.878621
0.713867 0.880172
0.71582 0.881714
0.717773 0.883246
0.719727 0.884769
0.72168 0.886282
0.723633 0.887785
0.725586 0.889279
0.727539 0.890763
0.729492 0.892236
0.731445 0.8937
0.733398 0.895153
0.735352 0.896597
0.737305 0.898029
0.739258 0.899451
0.741211 0.900863
0.743164 0.902264
0.745117 0.903654
0.74707 0.905033
0.749023 0.906401
0.750977 0.907758
0.75293 0.909103
0.754883 0.910438
0.756836 0.91176
0.758789 0.913071
0.760742 0.91437
0.762695 0.915657
0.764648 0.916933
0.766602 0.918195
0.768555 0.919446
0.770508 0.920684
0.772461 0.92191
0.774414 0.923122
0.776367 0.924322
0.77832 0.925509
0.780273 0.926682
0.782227 0.927842
0.78418 0.928989
0.786133 0.930122
0.788086 0.931241
0.790039 0.932345
0.791992 0.933436
0.793945 0.934512
0.795898 0.935574
0.797852 0.93662
0.799805 0.937652
0.801758 0.938669
0.803711 0.93967
0.805664 0.940655
0.807617 0.941625
0.80957 0.942578
0.811523 0.943516
0.813477 0.944436
0.81543 0.94534
0.817383 0.946227
0.819336 0.947097
0.821289 0.947949
0.823242 0.948784
0.825195 0.9496
0.827148 0.950398
0.829102 0.951178
0.831055 0.951938
0.833008 0.95268
0.834961 0.953401
0.836914 0.954103
0.838867 0.954785
0.84082 0.955446
0.842773 0.956086
0.844727 0.956705
0.84668 0.957302
0.848633 0.957877
0.850586 0.95843
0.852539 0.958959
0.854492 0.959466
0.856445 0.959948
0.858398 0.960406
0.860352 0.960839
0.862305 0.961247
0.864258 0.961629
0.866211 0.961984
0.868164 0.962313
0.870117 0.962613
0.87207 0.962885
0.874023 0.963127
0.875977 0.96334
0.87793 0.963522
0.879883 0.963672
0.881836 0.963789
0.883789 0.963872
0.885742 0.963921
0.887695 0.963934
0.889648 0.96391
0.891602 0.963846
0.893555 0.963743
0.895508 0.963598
0.897461 0.963408
0.899414 0.963173
0.901367 0.96289
0.90332 0.962556
0.905273 0.962168
0.907227 0.961724
0.90918 0.961218
0.911133 0.960648
0.913086 0.960008
0.915039 0.959294
0.916992 0.958498
0.918945 0.957614
0.920898 0.956633
0.922852 0.955546
0.924805 0.954342
0.926758 0.953008
0.928711 0.95153
0.930664 0.94989
0.932617 0.948067
0.93457 0.94604
0.936523 0.943779
0.938477 0.941254
0.94043 0.938426
0.942383 0.935252
0.944336 0.931681
0.946289 0.927653
0.948242 0.923098
0.950195 0.917934
0.952148 0.912067
0.954102 0.905387
0.956055 0.897766
0.958008 0.889057
0.959961 0.879092
0.961914 0.867679
0.963867 0.854598
0.96582 0.839604
0.967773 0.822426
0.969727 0.802762
0.97168 0.78029
0.973633 0.754666
0.975586 0.725536
0.977539 0.692548
0.979492 0.655365
0.981445 0.613688
0.983398 0.567282
0.985352 0.515999
0.987305 0.459814
0.989258 0.398848
0.991211 0.33339
0.993164 0.263915
0.995117 0.191079
0.99707 0.115704
0.999023 0.038747
1 0
