0 0
0.000976562 0.00138763
0.00292969 0.00416288
0.00488281 0.00693811
0.00683594 0.00971328
0.00878906 0.0124884
0.0107422 0.0152634
0.0126953 0.0180383
0.0146484 0.020813
0.0166016 0.0235876
0.0185547 0.026362
0.0205078 0.0291362
0.0224609 0.0319102
0.0244141 0.034684
0.0263672 0.0374575
0.0283203 0.0402307
0.0302734 0.0430036
0.0322266 0.0457762
0.0341797 0.0485484
0.0361328 0.0513203
0.0380859 0.0540918
0.0400391 0.0568629
0.0419922 0.0596336
0.0439453 0.0624038
0.0458984 0.0651735
0.0478516 0.0679428
0.0498047 0.0707115
0.0517578 0.0734797
0.0537109 0.0762474
0.0556641 0.0790145
0.0576172 0.081781
0.0595703 0.0845469
0.0615234 0.0873122
0.0634766 0.0900768
0.0654297 0.0928408
0.0673828 0.095604
0.0693359 0.0983666
0.0712891 0.101128
0.0732422 0.10389
0.0751953 0.10665
0.0771484 0.109409
0.0791016 0.112168
0.0810547 0.114926
0.0830078 0.117683
0.0849609 0.120439
0.0869141 0.123194
0.0888672 0.125949
0.0908203 0.128702
0.0927734 0.131455
0.0947266 0.134206
0.0966797 0.136957
0.0986328 0.139707
0.100586 0.142455
0.102539 0.145203
0.104492 0.147949
0.106445 0.150695
0.108398 0.153439
0.110352 0.156182
0.112305 0.158924
0.114258 0.161665
0.116211 0.164405
0.118164 0.167143
0.120117 0.169881
0.12207 0.172617
0.124023 0.175352
0.125977 0.178086
0.12793 0.180818
0.129883 0.183549
0.131836 0.186279
0.133789 0.189008
0.135742 0.191735
0.137695 0.194461
0.139648 0.197185
0.141602 0.199908
0.143555 0.20263
0.145508 0.20535
0.147461 0.208069
0.149414 0.210786
0.151367 0.213502
0.15332 0.216216
0.155273 0.218929
0.157227 0.221641
0.15918 0.22435
0.161133 0.227059
0.163086 0.229765
0.165039 0.23247
0.166992 0.235174
0.168945 0.237876
0.170898 0.240576
0.172852 0.243275
0.174805 0.245972
0.176758 0.248667
0.178711 0.251361
0.180664 0.254053
0.182617 0.256743
0.18457 0.259431
0.186523 0.262118
0.188477 0.264803
0.19043 0.267486
0.192383 0.270167
0.194336 0.272847
0.196289 0.275525
0.198242 0.2782
0.200195 0.280875
0.202148 0.283547
0.204102 0.286217
0.206055 0.288885
0.208008 0.291552
0.209961 0.294216
0.211914 0.296879
0.213867 0.29954
0.21582 0.302198
0.217773 0.304855
0.219727 0.30751
0.22168 0.310163
0.223633 0.312813
0.225586 0.315462
0.227539 0.318109
0.229492 0.320753
0.231445 0.323396
0.233398 0.326036
0.235352 0.328675
0.237305 0.331311
0.239258 0.333945
0.241211 0.336577
0.243164 0.339207
0.245117 0.341834
0.24707 0.34446
0.249023 0.347083
0.250977 0.349704
0.25293 0.352323
0.254883 0.35494
0.256836 0.357554
0.258789 0.360166
0.260742 0.362776
0.262695 0.365384
0.264648 0.367989
0.266602 0.370592
0.268555 0.373193
0.270508 0.375791
0.272461 0.378387
0.274414 0.380981
0.276367 0.383572
0.27832 0.386161
0.280273 0.388748
0.282227 0.391332
0.28418 0.393914
0.286133 0.396493
0.288086 0.39907
0.290039 0.401644
0.291992 0.404216
0.293945 0.406786
0.295898 0.409353
0.297852 0.411917
0.299805 0.414479
0.301758 0.417039
0.303711 0.419596
0.305664 0.42215
0.307617 0.424702
0.30957 0.427251
0.311523 0.429797
0.313477 0.432341
0.31543 0.434883
0.317383 0.437422
0.319336 0.439958
0.321289 0.442491
0.323242 0.445022
0.325195 0.44755
0.327148 0.450076
0.329102 0.452599
0.331055 0.455119
0.333008 0.457636
0.334961 0.46015
0.336914 0.462662
0.338867 0.465171
0.34082 0.467678
0.342773 0.470181
0.344727 0.472682
0.34668 0.47518
0.348633 0.477675
0.350586 0.480167
0.352539 0.482656
0.354492 0.485143
0.356445 0.487626
0.358398 0.490107
0.360352 0.492585
0.362305 0.495059
0.364258 0.497531
0.366211 0.5
0.368164 0.502466
0.370117 0.504929
0.37207 0.507389
0.374023 0.509846
0.375977 0.5123
0.37793 0.514751
0.379883 0.517199
0.381836 0.519644
0.383789 0.522086
0.385742 0.524524
0.387695 0.52696
0.389648 0.529392
0.391602 0.531822
0.393555 0.534248
0.395508 0.536671
0.397461 0.539091
0.399414 0.541507
0.401367 0.543921
0.40332 0.546331
0.405273 0.548738
0.407227 0.551142
0.40918 0.553542
0.411133 0.555939
0.413086 0.558333
0.415039 0.560724
0.416992 0.563111
0.418945 0.565495
0.420898 0.567875
0.422852 0.570252
0.424805 0.572626
0.426758 0.574996
0.428711 0.577363
0.430664 0.579727
0.432617 0.582087
0.43457 0.584443
0.436523 0.586796
0.438477 0.589145
0.44043 0.591491
0.442383 0.593834
0.444336 0.596173
0.446289 0.598508
0.448242 0.60084
0.450195 0.603168
0.452148 0.605492
0.454102 0.607813
0.456055 0.61013
0.458008 0.612443
0.459961 0.614753
0.461914 0.617059
0.463867 0.619361
0.46582 0.621659
0.467773 0.623954
0.469727 0.626245
0.47168 0.628532
0.473633 0.630815
0.475586 0.633094
0.477539 0.63537
0.479492 0.637641
0.481445 0.639909
0.483398 0.642172
0.485352 0.644432
0.487305 0.646688
0.489258 0.64894
0.491211 0.651187
0.493164 0.653431
0.495117 0.65567
0.49707 0.657906
0.499023 0.660137
0.500977 0.662364
0.50293 0.664587
0.504883 0.666806
0.506836 0.669021
0.508789 0.671231
0.510742 0.673437
0.512695 0.675639
0.514648 0.677837
0.516602 0.68003
0.518555 0.682219
0.520508 0.684404
0.522461 0.686584
0.524414 0.688759
0.526367 0.690931
0.52832 0.693098
0.530273 0.69526
0.532227 0.697418
0.53418 0.699571
0.536133 0.70172
0.538086 0.703864
0.540039 0.706003
0.541992 0.708138
0.543945 0.710268
0.545898 0.712393
0.547852 0.714514
0.549805 0.71663
0.551758 0.718741
0.553711 0.720847
0.555664 0.722949
0.557617 0.725045
0.55957 0.727137
0.561523 0.729224
0.563477 0.731306
0.56543 0.733382
0.567383 0.735454
0.569336 0.737521
0.571289 0.739582
0.573242 0.741639
0.575195 0.74369
0.577148 0.745736
0.579102 0.747777
0.581055 0.749813
0.583008 0.751843
0.584961 0.753868
0.586914 0.755888
0.588867 0.757902
0.59082 0.759911
0.592773 0.761914
0.594727 0.763912
0.59668 0.765904
0.598633 0.767891
0.600586 0.769872
0.602539 0.771848
0.604492 0.773818
0.606445 0.775782
0.608398 0.77774
0.610352 0.779693
0.612305 0.78164
0.614258 0.783581
0.616211 0.785516
0.618164 0.787445
0.620117 0.789368
0.62207 0.791284
0.624023 0.793195
0.625977 0.7951
0.62793 0.796999
0.629883 0.798891
0.631836 0.800777
0.633789 0.802657
0.635742 0.80453
0.637695 0.806397
0.639648 0.808258
0.641602 0.810112
0.643555 0.81196
0.645508 0.813801
0.647461 0.815635
0.649414 0.817463
0.651367 0.819284
0.65332 0.821098
0.655273 0.822905
0.657227 0.824706
0.65918 0.826499
0.661133 0.828286
0.663086 0.830065
0.665039 0.831838
0.666992 0.833603
0.668945 0.835361
0.670898 0.837111
0.672852 0.838855
0.674805 0.840591
0.676758 0.842319
0.678711 0.84404
0.680664 0.845754
0.682617 0.847459
0.68457 0.849158
0.686523 0.850848
0.688477 0.85253
0.69043 0.854205
0.692383 0.855872
0.694336 0.85753
0.696289 0.859181
0.698242 0.860823
0.700195 0.862457
0.702148 0.864083
0.704102 0.8657
0.706055 0.867309
0.708008 0.868909
0.709961 0.870501
0.711914 0.872084
0.713867 0.873658
0.71582 0.875224
0.717773 0.87678
0.719727 0.878328
0.72168 0.879866
0.723633 0.881395
0.725586 0.882915
0.727539 0.884426
0.729492 0.885927
0.731445 0.887419
0.733398 0.888901
0.735352 0.890373
0.737305 0.891835
0.739258 0.893288
0.741211 0.89473
0.743164 0.896162
0.745117 0.897584
0.74707 0.898996
0.749023 0.900397
0.750977 0.901788
0.75293 0.903168
0.754883 0.904538
0.756836 0.905896
0.758789 0.907243
0.760742 0.90858
0.762695 0.909905
0.764648 0.911218
0.766602 0.912521
0.768555 0.913811
0.770508 0.91509
0.772461 0.916357
0.774414 0.917612
0.776367 0.918855
0.77832 0.920085
0.780273 0.921303
0.782227 0.922508
0.78418 0.923701
0.786133 0.924881
0.788086 0.926047
0.790039 0.927201
0.791992 0.928341
0.793945 0.929467
0.795898 0.93058
0.797852 0.931679
0.799805 0.932764
0.801758 0.933834
0.803711 0.934891
0.805664 0.935932
0.807617 0.936959
0.80957 0.93797
0.811523 0.938966
0.813477 0.939947
0.81543 0.940912
0.817383 0.941861
0.819336 0.942794
0.821289 0.943711
0.823242 0.944611
0.825195 0.945494
0.827148 0.94636
0.829102 0.947209
0.831055 0.94804
0.833008 0.948853
0.834961 0.949648
0.836914 0.950424
0.838867 0.951182
0.84082 0.95192
0.842773 0.952639
0.844727 0.953338
0.84668 0.954017
0.848633 0.954675
0.850586 0.955312
0.852539 0.955928
0.854492 0.956523
0.856445 0.957095
0.858398 0.957645
0.860352 0.958171
0.862305 0.958675
0.864258 0.959154
0.866211 0.959608
0.868164 0.960038
0.870117 0.960441
0.87207 0.960819
0.874023 0.961169
0.875977 0.961492
0.87793 0.961786
0.879883 0.962051
0.881836 0.962287
0.883789 0.962491
0.885742 0.962663
0.887695 0.962802
0.889648 0.962907
0.891602 0.962976
0.893555 0.963008
0.895508 0.963002
0.897461 0.962956
0.899414 0.962868
0.901367 0.962736
0.90332 0.962557
0.905273 0.962329
0.907227 0.962049
0.90918 0.961713
0.911133 0.961318
0.913086 0.960859
0.915039 0.960331
0.916992 0.959728
0.918945 0.959044
0.920898 0.95827
0.922852 0.957399
0.924805 0.956419
0.926758 0.955318
0.928711 0.954082
0.930664 0.952694
0.932617 0.951136
0.93457 0.949384
0.936523 0.947412
0.938477 0.945189
0.94043 0.942677
0.942383 0.939835
0.944336 0.936612
0.946289 0.932948
0.948242 0.928774
0.950195 0.92401
0.952148 0.918561
0.954102 0.912316
0.956055 0.905147
0.958008 0.896905
0.959961 0.88742
0.961914 0.876494
0.963867 0.863905
0.96582 0.8494
0.967773 0.832696
0.969727 0.813482
0.97168 0.791419
0.973633 0.766145
0.975586 0.737285
0.977539 0.704462
0.979492 0.667313
0.981445 0.625509
0.983398 0.578786
0.985352 0.526974
0.987305 0.470025
0.989258 0.408049
0.991211 0.341337
0.993164 0.270377
0.995117 0.195854
0.99707 0.118635
0.999023 0.0397355
1 0
