0 0
0.000976562 0.00138167
0.00292969 0.004145
0.00488281 0.00690829
0.00683594 0.00967154
0.00878906 0.0124347
0.0107422 0.0151978
0.0126953 0.0179608
0.0146484 0.0207236
0.0166016 0.0234863
0.0185547 0.0262488
0.0205078 0.0290111
0.0224609 0.0317732
0.0244141 0.034535
0.0263672 0.0372966
0.0283203 0.040058
0.0302734 0.042819
0.0322266 0.0455797
0.0341797 0.0483401
0.0361328 0.0511001
0.0380859 0.0538597
0.0400391 0.056619
0.0419922 0.0593778
0.0439453 0.0621361
0.0458984 0.0648941
0.0478516 0.0676515
0.0498047 0.0704084
0.0517578 0.0731648
0.0537109 0.0759207
0.0556641 0.078676
0.0576172 0.0814308
0.0595703 0.0841849
0.0615234 0.0869384
0.0634766 0.0896913
0.0654297 0.0924436
0.0673828 0.0951951
0.0693359 0.097946
0.0712891 0.100696
0.0732422 0.103445
0.0751953 0.106194
0.0771484 0.108942
0.0791016 0.111689
0.0810547 0.114435
0.0830078 0.117181
0.0849609 0.119925
0.0869141 0.122669
0.0888672 0.125412
0.0908203 0.128154
0.0927734 0.130895
0.0947266 0.133635
0.0966797 0.136374
0.0986328 0.139112
0.100586 0.141849
0.102539 0.144585
0.104492 0.14732
0.106445 0.150054
0.108398 0.152787
0.110352 0.155519
0.112305 0.15825
0.114258 0.160979
0.116211 0.163708
0.118164 0.166435
0.120117 0.169161
0.12207 0.171886
0.124023 0.17461
0.125977 0.177332
0.12793 0.180054
0.129883 0.182774
0.131836 0.185492
0.133789 0.18821
0.135742 0.190926
0.137695 0.19364
0.139648 0.196354
0.141602 0.199066
0.143555 0.201776
0.145508 0.204486
0.147461 0.207194
0.149414 0.2099
0.151367 0.212605
0.15332 0.215308
0.155273 0.21801
0.157227 0.220711
0.15918 0.22341
0.161133 0.226107
0.163086 0.228803
0.165039 0.231498
0.166992 0.23419
0.168945 0.236882
0.170898 0.239571
0.172852 0.242259
0.174805 0.244946
0.176758 0.24763
0.178711 0.250313
0.180664 0.252995
0.182617 0.255674
0.18457 0.258352
0.186523 0.261029
0.188477 0.263703
0.19043 0.266376
0.192383 0.269047
0.194336 0.271716
0.196289 0.274383
0.198242 0.277049
0.200195 0.279713
0.202148 0.282375
0.204102 0.285035
0.206055 0.287693
0.208008 0.29035
0.209961 0.293004
0.211914 0.295657
0.213867 0.298307
0.21582 0.300956
0.217773 0.303603
0.219727 0.306247
0.22168 0.30889
0.223633 0.311531
0.225586 0.31417
0.227539 0.316807
0.229492 0.319442
0.231445 0.322074
0.233398 0.324705
0.235352 0.327334
0.237305 0.32996
0.239258 0.332585
0.241211 0.335207
0.243164 0.337827
0.245117 0.340445
0.24707 0.343061
0.249023 0.345675
0.250977 0.348287
0.25293 0.350896
0.254883 0.353504
0.256836 0.356109
0.258789 0.358712
0.260742 0.361312
0.262695 0.363911
0.264648 0.366507
0.266602 0.369101
0.268555 0.371692
0.270508 0.374281
0.272461 0.376868
0.274414 0.379453
0.276367 0.382035
0.27832 0.384615
0.280273 0.387193
0.282227 0.389768
0.28418 0.392341
0.286133 0.394912
0.288086 0.39748
0.290039 0.400045
0.291992 0.402609
0.293945 0.405169
0.295898 0.407728
0.297852 0.410284
0.299805 0.412837
0.301758 0.415388
0.303711 0.417937
0.305664 0.420482
0.307617 0.423026
0.30957 0.425567
0.311523 0.428105
0.313477 0.430641
0.31543 0.433174
0.317383 0.435704
0.319336 0.438232
0.321289 0.440758
0.323242 0.44328
0.325195 0.445801
0.327148 0.448318
0.329102 0.450833
0.331055 0.453345
0.333008 0.455854
0.334961 0.458361
0.336914 0.460865
0.338867 0.463366
0.34082 0.465865
0.342773 0.468361
0.344727 0.470854
0.34668 0.473344
0.348633 0.475831
0.350586 0.478316
0.352539 0.480798
0.354492 0.483277
0.356445 0.485753
0.358398 0.488226
0.360352 0.490697
0.362305 0.493164
0.364258 0.495629
0.366211 0.498091
0.368164 0.50055
0.370117 0.503005
0.37207 0.505458
0.374023 0.507908
0.375977 0.510355
0.37793 0.512799
0.379883 0.51524
0.381836 0.517678
0.383789 0.520113
0.385742 0.522545
0.387695 0.524974
0.389648 0.5274
0.391602 0.529823
0.393555 0.532242
0.395508 0.534659
0.397461 0.537072
0.399414 0.539482
0.401367 0.541889
0.40332 0.544293
0.405273 0.546694
0.407227 0.549091
0.40918 0.551486
0.411133 0.553877
0.413086 0.556264
0.415039 0.558649
0.416992 0.56103
0.418945 0.563408
0.420898 0.565782
0.422852 0.568154
0.424805 0.570522
0.426758 0.572886
0.428711 0.575247
0.430664 0.577605
0.432617 0.579959
0.43457 0.58231
0.436523 0.584658
0.438477 0.587002
0.44043 0.589342
0.442383 0.591679
0.444336 0.594013
0.446289 0.596343
0.448242 0.59867
0.450195 0.600992
0.452148 0.603312
0.454102 0.605627
0.456055 0.60794
0.458008 0.610248
0.459961 0.612553
0.461914 0.614854
0.463867 0.617151
0.46582 0.619445
0.467773 0.621735
0.469727 0.624021
0.47168 0.626304
0.473633 0.628583
0.475586 0.630858
0.477539 0.633129
0.479492 0.635396
0.481445 0.637659
0.483398 0.639919
0.485352 0.642174
0.487305 0.644426
0.489258 0.646674
0.491211 0.648917
0.493164 0.651157
0.495117 0.653393
0.49707 0.655624
0.499023 0.657852
0.500977 0.660076
0.50293 0.662295
0.504883 0.664511
0.506836 0.666722
0.508789 0.668929
0.510742 0.671132
0.512695 0.67333
0.514648 0.675525
0.516602 0.677715
0.518555 0.679901
0.520508 0.682082
0.522461 0.68426
0.524414 0.686433
0.526367 0.688601
0.52832 0.690765
0.530273 0.692925
0.532227 0.69508
0.53418 0.697231
0.536133 0.699377
0.538086 0.701519
0.540039 0.703656
0.541992 0.705789
0.543945 0.707917
0.545898 0.71004
0.547852 0.712159
0.549805 0.714273
0.551758 0.716382
0.553711 0.718487
0.555664 0.720586
0.557617 0.722681
0.55957 0.724772
0.561523 0.726857
0.563477 0.728937
0.56543 0.731013
0.567383 0.733083
0.569336 0.735149
0.571289 0.737209
0.573242 0.739265
0.575195 0.741315
0.577148 0.74336
0.579102 0.745401
0.581055 0.747436
0.583008 0.749465
0.584961 0.75149
0.586914 0.753509
0.588867 0.755523
0.59082 0.757532
0.592773 0.759535
0.594727 0.761533
0.59668 0.763525
0.598633 0.765512
0.600586 0.767494
0.602539 0.76947
0.604492 0.77144
0.606445 0.773404
0.608398 0.775363
0.610352 0.777317
0.612305 0.779264
0.614258 0.781206
0.616211 0.783142
0.618164 0.785072
0.620117 0.786996
0.62207 0.788915
0.624023 0.790827
0.625977 0.792733
0.62793 0.794633
0.629883 0.796527
0.631836 0.798415
0.633789 0.800297
0.635742 0.802172
0.637695 0.804041
0.639648 0.805904
0.641602 0.807761
0.643555 0.809611
0.645508 0.811454
0.647461 0.813291
0.649414 0.815122
0.651367 0.816946
0.65332 0.818763
0.655273 0.820573
0.657227 0.822377
0.65918 0.824174
0.661133 0.825964
0.663086 0.827747
0.665039 0.829523
0.666992 0.831292
0.668945 0.833054
0.670898 0.834809
0.672852 0.836556
0.674805 0.838297
0.676758 0.840029
0.678711 0.841755
0.680664 0.843473
0.682617 0.845184
0.68457 0.846887
0.686523 0.848582
0.688477 0.85027
0.69043 0.85195
0.692383 0.853622
0.694336 0.855287
0.696289 0.856943
0.698242 0.858591
0.700195 0.860231
0.702148 0.861863
0.704102 0.863487
0.706055 0.865103
0.708008 0.86671
0.709961 0.868308
0.711914 0.869898
0.713867 0.87148
0.71582 0.873053
0.717773 0.874617
0.719727 0.876172
0.72168 0.877718
0.723633 0.879255
0.725586 0.880784
0.727539 0.882302
0.729492 0.883812
0.731445 0.885312
0.733398 0.886803
0.735352 0.888284
0.737305 0.889756
0.739258 0.891218
0.741211 0.89267
0.743164 0.894112
0.745117 0.895544
0.74707 0.896966
0.749023 0.898378
0.750977 0.899779
0.75293 0.90117
0.754883 0.902551
0.756836 0.90392
0.758789 0.905279
0.760742 0.906627
0.762695 0.907964
0.764648 0.90929
0.766602 0.910604
0.768555 0.911907
0.770508 0.913199
0.772461 0.914479
0.774414 0.915747
0.776367 0.917003
0.77832 0.918247
0.780273 0.919479
0.782227 0.920699
0.78418 0.921906
0.786133 0.923101
0.788086 0.924282
0.790039 0.925451
0.791992 0.926607
0.793945 0.927749
0.795898 0.928878
0.797852 0.929993
0.799805 0.931095
0.801758 0.932182
0.803711 0.933256
0.805664 0.934315
0.807617 0.935359
0.80957 0.936389
0.811523 0.937404
0.813477 0.938404
0.81543 0.939388
0.817383 0.940357
0.819336 0.94131
0.821289 0.942247
0.823242 0.943168
0.825195 0.944072
0.827148 0.94496
0.829102 0.94583
0.831055 0.946683
0.833008 0.947519
0.834961 0.948337
0.836914 0.949137
0.838867 0.949918
0.84082 0.950681
0.842773 0.951424
0.844727 0.952149
0.84668 0.952853
0.848633 0.953538
0.850586 0.954202
0.852539 0.954845
0.854492 0.955468
0.856445 0.956068
0.858398 0.956647
0.860352 0.957203
0.862305 0.957736
0.864258 0.958246
0.866211 0.958732
0.868164 0.959193
0.870117 0.95963
0.87207 0.96004
0.874023 0.960425
0.875977 0.960782
0.87793 0.961112
0.879883 0.961414
0.881836 0.961686
0.883789 0.961928
0.885742 0.962139
0.887695 0.962317
0.889648 0.962463
0.891602 0.962574
0.893555 0.962649
0.895508 0.962687
0.897461 0.962686
0.899414 0.962644
0.901367 0.962559
0.90332 0.962429
0.905273 0.962251
0.907227 0.962023
0.90918 0.96174
0.911133 0.9614
0.913086 0.960998
0.915039 0.960528
0.916992 0.959986
0.918945 0.959365
0.920898 0.958656
0.922852 0.957852
0.924805 0.956942
0.926758 0.955914
0.928711 0.954754
0.930664 0.953445
0.932617 0.95197
0.93457 0.950304
0.936523 0.948422
0.938477 0.946293
0.94043 0.94388
0.942383 0.941142
0.944336 0.938027
0.946289 0.934477
0.948242 0.930423
0.950195 0.925784
0.952148 0.920465
0.954102 0.914356
0.956055 0.907329
0.958008 0.899234
0.959961 0.889899
0.961914 0.879128
0.963867 0.866695
0.96582 0.852344
0.967773 0.835792
0.969727 0.816722
0.97168 0.794791
0.973633 0.769632
0.975586 0.740864
0.977539 0.708099
0.979492 0.670968
0.981445 0.629133
0.983398 0.582321
0.985352 0.530352
0.987305 0.473173
0.989258 0.41089
0.991211 0.343794
0.993164 0.272377
0.995117 0.197333
0.99707 0.119544
0.999023 0.0400421
1 0
