0 0
0.000976562 0.00130862
0.00292969 0.00392586
0.00488281 0.00654308
0.00683594 0.00916025
0.00878906 0.0117774
0.0107422 0.0143944
0.0126953 0.0170114
0.0146484 0.0196282
0.0166016 0.0222449
0.0185547 0.0248615
0.0205078 0.0274779
0.0224609 0.0300942
0.0244141 0.0327102
0.0263672 0.0353261
0.0283203 0.0379417
0.0302734 0.0405571
0.0322266 0.0431723
0.0341797 0.0457871
0.0361328 0.0484017
0.0380859 0.051016
0.0400391 0.05363
0.0419922 0.0562436
0.0439453 0.0588569
0.0458984 0.0614698
0.0478516 0.0640823
0.0498047 0.0666944
0.0517578 0.0693061
0.0537109 0.0719174
0.0556641 0.0745282
0.0576172 0.0771386
0.0595703 0.0797485
0.0615234 0.0823578
0.0634766 0.0849667
0.0654297 0.087575
0.0673828 0.0901828
0.0693359 0.0927901
0.0712891 0.0953968
0.0732422 0.0980028
0.0751953 0.100608
0.0771484 0.103213
0.0791016 0.105817
0.0810547 0.108421
0.0830078 0.111024
0.0849609 0.113626
0.0869141 0.116227
0.0888672 0.118828
0.0908203 0.121428
0.0927734 0.124028
0.0947266 0.126626
0.0966797 0.129224
0.0986328 0.131821
0.100586 0.134417
0.102539 0.137013
0.104492 0.139607
0.106445 0.142201
0.108398 0.144794
0.110352 0.147385
0.112305 0.149977
0.114258 0.152567
0.116211 0.155156
0.118164 0.157744
0.120117 0.160331
0.12207 0.162918
0.124023 0.165503
0.125977 0.168088
0.12793 0.170671
0.129883 0.173253
0.131836 0.175835
0.133789 0.178415
0.135742 0.180994
0.137695 0.183572
0.139648 0.186149
0.141602 0.188725
0.143555 0.1913
0.145508 0.193874
0.147461 0.196446
0.149414 0.199017
0.151367 0.201588
0.15332 0.204157
0.155273 0.206724
0.157227 0.209291
0.15918 0.211856
0.161133 0.21442
0.163086 0.216983
0.165039 0.219545
0.166992 0.222105
0.168945 0.224664
0.170898 0.227222
0.172852 0.229778
0.174805 0.232333
0.176758 0.234887
0.178711 0.23744
0.180664 0.239991
0.182617 0.24254
0.18457 0.245088
0.186523 0.247635
0.188477 0.250181
0.19043 0.252725
0.192383 0.255267
0.194336 0.257808
0.196289 0.260348
0.198242 0.262886
0.200195 0.265423
0.202148 0.267958
0.204102 0.270491
0.206055 0.273023
0.208008 0.275554
0.209961 0.278083
0.211914 0.28061
0.213867 0.283136
0.21582 0.285661
0.217773 0.288183
0.219727 0.290704
0.22168 0.293224
0.223633 0.295742
0.225586 0.298258
0.227539 0.300772
0.229492 0.303285
0.231445 0.305797
0.233398 0.308306
0.235352 0.310814
0.237305 0.31332
0.239258 0.315824
0.241211 0.318327
0.243164 0.320828
0.245117 0.323327
0.24707 0.325825
0.249023 0.32832
0.250977 0.330814
0.25293 0.333306
0.254883 0.335796
0.256836 0.338285
0.258789 0.340771
0.260742 0.343256
0.262695 0.345739
0.264648 0.34822
0.266602 0.350699
0.268555 0.353177
0.270508 0.355652
0.272461 0.358126
0.274414 0.360597
0.276367 0.363067
0.27832 0.365534
0.280273 0.368
0.282227 0.370464
0.28418 0.372926
0.286133 0.375386
0.288086 0.377844
0.290039 0.3803
0.291992 0.382754
0.293945 0.385205
0.295898 0.387655
0.297852 0.390103
0.299805 0.392549
0.301758 0.394992
0.303711 0.397434
0.305664 0.399874
0.307617 0.402311
0.30957 0.404746
0.311523 0.40718
0.313477 0.409611
0.31543 0.41204
0.317383 0.414467
0.319336 0.416891
0.321289 0.419314
0.323242 0.421734
0.325195 0.424152
0.327148 0.426568
0.329102 0.428982
0.331055 0.431393
0.333008 0.433803
0.334961 0.43621
0.336914 0.438615
0.338867 0.441017
0.34082 0.443417
0.342773 0.445815
0.344727 0.448211
0.34668 0.450605
0.348633 0.452996
0.350586 0.455384
0.352539 0.457771
0.354492 0.460155
0.356445 0.462537
0.358398 0.464916
0.360352 0.467293
0.362305 0.469668
0.364258 0.47204
0.366211 0.47441
0.368164 0.476777
0.370117 0.479142
0.37207 0.481504
0.374023 0.483864
0.375977 0.486222
0.37793 0.488577
0.379883 0.490929
0.381836 0.493279
0.383789 0.495627
0.385742 0.497972
0.387695 0.500315
0.389648 0.502654
0.391602 0.504992
0.393555 0.507327
0.395508 0.509659
0.397461 0.511988
0.399414 0.514315
0.401367 0.51664
0.40332 0.518962
0.405273 0.521281
0.407227 0.523597
0.40918 0.525911
0.411133 0.528222
0.413086 0.53053
0.415039 0.532836
0.416992 0.535139
0.418945 0.537439
0.420898 0.539737
0.422852 0.542032
0.424805 0.544323
0.426758 0.546613
0.428711 0.548899
0.430664 0.551183
0.432617 0.553463
0.43457 0.555741
0.436523 0.558016
0.438477 0.560288
0.44043 0.562558
0.442383 0.564824
0.444336 0.567088
0.446289 0.569348
0.448242 0.571606
0.450195 0.573861
0.452148 0.576112
0.454102 0.578361
0.456055 0.580607
0.458008 0.58285
0.459961 0.585089
0.461914 0.587326
0.463867 0.58956
0.46582 0.59179
0.467773 0.594018
0.469727 0.596242
0.47168 0.598464
0.473633 0.600682
0.475586 0.602897
0.477539 0.605109
0.479492 0.607318
0.481445 0.609523
0.483398 0.611725
0.485352 0.613925
0.487305 0.61612
0.489258 0.618313
0.491211 0.620502
0.493164 0.622688
0.495117 0.624871
0.49707 0.627051
0.499023 0.629227
0.500977 0.631399
0.50293 0.633569
0.504883 0.635735
0.506836 0.637897
0.508789 0.640056
0.510742 0.642212
0.512695 0.644364
0.514648 0.646513
0.516602 0.648658
0.518555 0.6508
0.520508 0.652938
0.522461 0.655073
0.524414 0.657204
0.526367 0.659332
0.52832 0.661455
0.530273 0.663576
0.532227 0.665692
0.53418 0.667805
0.536133 0.669914
0.538086 0.67202
0.540039 0.674122
0.541992 0.67622
0.543945 0.678314
0.545898 0.680404
0.547852 0.682491
0.549805 0.684574
0.551758 0.686653
0.553711 0.688728
0.555664 0.690799
0.557617 0.692866
0.55957 0.694929
0.561523 0.696989
0.563477 0.699044
0.56543 0.701095
0.567383 0.703142
0.569336 0.705185
0.571289 0.707224
0.573242 0.709259
0.575195 0.71129
0.577148 0.713317
0.579102 0.715339
0.581055 0.717358
0.583008 0.719371
0.584961 0.721381
0.586914 0.723387
0.588867 0.725388
0.59082 0.727385
0.592773 0.729377
0.594727 0.731365
0.59668 0.733348
0.598633 0.735328
0.600586 0.737302
0.602539 0.739272
0.604492 0.741238
0.606445 0.743199
0.608398 0.745155
0.610352 0.747107
0.612305 0.749054
0.614258 0.750997
0.616211 0.752934
0.618164 0.754867
0.620117 0.756796
0.62207 0.758719
0.624023 0.760638
0.625977 0.762551
0.62793 0.76446
0.629883 0.766364
0.631836 0.768263
0.633789 0.770156
0.635742 0.772045
0.637695 0.773929
0.639648 0.775808
0.641602 0.777681
0.643555 0.779549
0.645508 0.781412
0.647461 0.78327
0.649414 0.785123
0.651367 0.78697
0.65332 0.788812
0.655273 0.790648
0.657227 0.792479
0.65918 0.794304
0.661133 0.796124
0.663086 0.797939
0.665039 0.799748
0.666992 0.801551
0.668945 0.803348
0.670898 0.80514
0.672852 0.806926
0.674805 0.808706
0.676758 0.81048
0.678711 0.812248
0.680664 0.814011
0.682617 0.815767
0.68457 0.817518
0.686523 0.819262
0.688477 0.821
0.69043 0.822732
0.692383 0.824457
0.694336 0.826177
0.696289 0.82789
0.698242 0.829597
0.700195 0.831297
0.702148 0.832991
0.704102 0.834678
0.706055 0.836358
0.708008 0.838032
0.709961 0.839699
0.711914 0.84136
0.713867 0.843013
0.71582 0.84466
0.717773 0.8463
0.719727 0.847933
0.72168 0.849558
0.723633 0.851177
0.725586 0.852788
0.727539 0.854393
0.729492 0.855989
0.731445 0.857579
0.733398 0.859161
0.735352 0.860735
0.737305 0.862302
0.739258 0.863861
0.741211 0.865413
0.743164 0.866957
0.745117 0.868493
0.74707 0.87002
0.749023 0.87154
0.750977 0.873052
0.75293 0.874556
0.754883 0.876051
0.756836 0.877538
0.758789 0.879017
0.760742 0.880487
0.762695 0.881948
0.764648 0.883401
0.766602 0.884845
0.768555 0.88628
0.770508 0.887707
0.772461 0.889124
0.774414 0.890532
0.776367 0.891931
0.77832 0.893321
0.780273 0.894701
0.782227 0.896071
0.78418 0.897432
0.786133 0.898784
0.788086 0.900125
0.790039 0.901456
0.791992 0.902778
0.793945 0.904089
0.795898 0.90539
0.797852 0.90668
0.799805 0.90796
0.801758 0.909229
0.803711 0.910488
0.805664 0.911735
0.807617 0.912972
0.80957 0.914197
0.811523 0.915411
0.813477 0.916613
0.81543 0.917804
0.817383 0.918983
0.819336 0.920151
0.821289 0.921306
0.823242 0.922448
0.825195 0.923579
0.827148 0.924697
0.829102 0.925802
0.831055 0.926894
0.833008 0.927973
0.834961 0.929039
0.836914 0.930091
0.838867 0.93113
0.84082 0.932155
0.842773 0.933166
0.844727 0.934162
0.84668 0.935144
0.848633 0.936111
0.850586 0.937063
0.852539 0.938
0.854492 0.938922
0.856445 0.939827
0.858398 0.940717
0.860352 0.94159
0.862305 0.942447
0.864258 0.943287
0.866211 0.944109
0.868164 0.944914
0.870117 0.945701
0.87207 0.946469
0.874023 0.947219
0.875977 0.94795
0.87793 0.948661
0.879883 0.949351
0.881836 0.950022
0.883789 0.95067
0.885742 0.951297
0.887695 0.951902
0.889648 0.952483
0.891602 0.95304
0.893555 0.953571
0.895508 0.954077
0.897461 0.954556
0.899414 0.955006
0.901367 0.955426
0.90332 0.955814
0.905273 0.956169
0.907227 0.956488
0.90918 0.956769
0.911133 0.95701
0.913086 0.957206
0.915039 0.957353
0.916992 0.957448
0.918945 0.957485
0.920898 0.957458
0.922852 0.95736
0.924805 0.957181
0.926758 0.956912
0.928711 0.956541
0.930664 0.956054
0.932617 0.955433
0.93457 0.95466
0.936523 0.953709
0.938477 0.952554
0.94043 0.95116
0.942383 0.949487
0.944336 0.94749
0.946289 0.94511
0.948242 0.942283
0.950195 0.938929
0.952148 0.934954
0.954102 0.93025
0.956055 0.924685
0.958008 0.918108
0.959961 0.910342
0.961914 0.901179
0.963867 0.890381
0.96582 0.877673
0.967773 0.862744
0.969727 0.845244
0.97168 0.824786
0.973633 0.800948
0.975586 0.773282
0.977539 0.741327
0.979492 0.704624
0.981445 0.662744
0.983398 0.61532
0.985352 0.562085
0.987305 0.502912
0.989258 0.437863
0.991211 0.367218
0.993164 0.291509
0.995117 0.21152
0.99707 0.128275
0.999023 0.0429899
1 0
