0 0
0.000976562 0.00127076
0.00292969 0.00381229
0.00488281 0.00635379
0.00683594 0.00889525
0.00878906 0.0114367
0.0107422 0.013978
0.0126953 0.0165193
0.0146484 0.0190604
0.0166016 0.0216015
0.0185547 0.0241424
0.0205078 0.0266832
0.0224609 0.0292239
0.0244141 0.0317644
0.0263672 0.0343047
0.0283203 0.0368448
0.0302734 0.0393847
0.0322266 0.0419243
0.0341797 0.0444637
0.0361328 0.0470029
0.0380859 0.0495418
0.0400391 0.0520804
0.0419922 0.0546187
0.0439453 0.0571567
0.0458984 0.0596944
0.0478516 0.0622318
0.0498047 0.0647687
0.0517578 0.0673053
0.0537109 0.0698416
0.0556641 0.0723774
0.0576172 0.0749128
0.0595703 0.0774478
0.0615234 0.0799824
0.0634766 0.0825165
0.0654297 0.0850501
0.0673828 0.0875832
0.0693359 0.0901159
0.0712891 0.092648
0.0732422 0.0951796
0.0751953 0.0977107
0.0771484 0.100241
0.0791016 0.102771
0.0810547 0.105301
0.0830078 0.107829
0.0849609 0.110358
0.0869141 0.112885
0.0888672 0.115412
0.0908203 0.117938
0.0927734 0.120464
0.0947266 0.122989
0.0966797 0.125513
0.0986328 0.128037
0.100586 0.130559
0.102539 0.133081
0.104492 0.135603
0.106445 0.138123
0.108398 0.140643
0.110352 0.143162
0.112305 0.145681
0.114258 0.148198
0.116211 0.150715
0.118164 0.15323
0.120117 0.155745
0.12207 0.158259
0.124023 0.160773
0.125977 0.163285
0.12793 0.165796
0.129883 0.168307
0.131836 0.170816
0.133789 0.173325
0.135742 0.175833
0.137695 0.178339
0.139648 0.180845
0.141602 0.18335
0.143555 0.185854
0.145508 0.188356
0.147461 0.190858
0.149414 0.193359
0.151367 0.195859
0.15332 0.198357
0.155273 0.200855
0.157227 0.203351
0.15918 0.205846
0.161133 0.208341
0.163086 0.210834
0.165039 0.213326
0.166992 0.215817
0.168945 0.218306
0.170898 0.220795
0.172852 0.223282
0.174805 0.225768
0.176758 0.228253
0.178711 0.230737
0.180664 0.233219
0.182617 0.235701
0.18457 0.238181
0.186523 0.240659
0.188477 0.243137
0.19043 0.245613
0.192383 0.248088
0.194336 0.250562
0.196289 0.253034
0.198242 0.255505
0.200195 0.257975
0.202148 0.260443
0.204102 0.26291
0.206055 0.265376
0.208008 0.26784
0.209961 0.270303
0.211914 0.272764
0.213867 0.275224
0.21582 0.277683
0.217773 0.28014
0.219727 0.282595
0.22168 0.28505
0.223633 0.287502
0.225586 0.289954
0.227539 0.292404
0.229492 0.294852
0.231445 0.297299
0.233398 0.299744
0.235352 0.302188
0.237305 0.30463
0.239258 0.307071
0.241211 0.30951
0.243164 0.311948
0.245117 0.314384
0.24707 0.316818
0.249023 0.319251
0.250977 0.321682
0.25293 0.324112
0.254883 0.32654
0.256836 0.328966
0.258789 0.331391
0.260742 0.333814
0.262695 0.336235
0.264648 0.338655
0.266602 0.341073
0.268555 0.343489
0.270508 0.345904
0.272461 0.348317
0.274414 0.350728
0.276367 0.353138
0.27832 0.355545
0.280273 0.357951
0.282227 0.360355
0.28418 0.362758
0.286133 0.365159
0.288086 0.367557
0.290039 0.369955
0.291992 0.37235
0.293945 0.374743
0.295898 0.377135
0.297852 0.379525
0.299805 0.381913
0.301758 0.384299
0.303711 0.386683
0.305664 0.389065
0.307617 0.391446
0.30957 0.393824
0.311523 0.396201
0.313477 0.398575
0.31543 0.400948
0.317383 0.403319
0.319336 0.405688
0.321289 0.408055
0.323242 0.41042
0.325195 0.412783
0.327148 0.415144
0.329102 0.417503
0.331055 0.41986
0.333008 0.422215
0.334961 0.424568
0.336914 0.426919
0.338867 0.429268
0.34082 0.431615
0.342773 0.43396
0.344727 0.436303
0.34668 0.438643
0.348633 0.440982
0.350586 0.443318
0.352539 0.445653
0.354492 0.447985
0.356445 0.450315
0.358398 0.452643
0.360352 0.454969
0.362305 0.457293
0.364258 0.459614
0.366211 0.461934
0.368164 0.464251
0.370117 0.466566
0.37207 0.468879
0.374023 0.471189
0.375977 0.473498
0.37793 0.475804
0.379883 0.478107
0.381836 0.480409
0.383789 0.482708
0.385742 0.485005
0.387695 0.4873
0.389648 0.489593
0.391602 0.491883
0.393555 0.49417
0.395508 0.496456
0.397461 0.498739
0.399414 0.50102
0.401367 0.503298
0.40332 0.505574
0.405273 0.507848
0.407227 0.510119
0.40918 0.512388
0.411133 0.514654
0.413086 0.516918
0.415039 0.51918
0.416992 0.521439
0.418945 0.523695
0.420898 0.525949
0.422852 0.528201
0.424805 0.53045
0.426758 0.532697
0.428711 0.534941
0.430664 0.537182
0.432617 0.539421
0.43457 0.541658
0.436523 0.543892
0.438477 0.546123
0.44043 0.548352
0.442383 0.550578
0.444336 0.552801
0.446289 0.555022
0.448242 0.55724
0.450195 0.559456
0.452148 0.561669
0.454102 0.563879
0.456055 0.566086
0.458008 0.568291
0.459961 0.570493
0.461914 0.572693
0.463867 0.574889
0.46582 0.577083
0.467773 0.579274
0.469727 0.581462
0.47168 0.583648
0.473633 0.58583
0.475586 0.58801
0.477539 0.590187
0.479492 0.592361
0.481445 0.594532
0.483398 0.596701
0.485352 0.598866
0.487305 0.601029
0.489258 0.603188
0.491211 0.605345
0.493164 0.607499
0.495117 0.609649
0.49707 0.611797
0.499023 0.613942
0.500977 0.616084
0.50293 0.618222
0.504883 0.620358
0.506836 0.622491
0.508789 0.62462
0.510742 0.626747
0.512695 0.62887
0.514648 0.63099
0.516602 0.633107
0.518555 0.635221
0.520508 0.637332
0.522461 0.639439
0.524414 0.641543
0.526367 0.643644
0.52832 0.645742
0.530273 0.647837
0.532227 0.649928
0.53418 0.652016
0.536133 0.654101
0.538086 0.656182
0.540039 0.65826
0.541992 0.660334
0.543945 0.662406
0.545898 0.664474
0.547852 0.666538
0.549805 0.668599
0.551758 0.670656
0.553711 0.67271
0.555664 0.674761
0.557617 0.676808
0.55957 0.678851
0.561523 0.680891
0.563477 0.682927
0.56543 0.68496
0.567383 0.686989
0.569336 0.689015
0.571289 0.691036
0.573242 0.693054
0.575195 0.695069
0.577148 0.69708
0.579102 0.699086
0.581055 0.70109
0.583008 0.703089
0.584961 0.705084
0.586914 0.707076
0.588867 0.709064
0.59082 0.711048
0.592773 0.713028
0.594727 0.715004
0.59668 0.716976
0.598633 0.718944
0.600586 0.720909
0.602539 0.722869
0.604492 0.724825
0.606445 0.726777
0.608398 0.728725
0.610352 0.730669
0.612305 0.732608
0.614258 0.734544
0.616211 0.736475
0.618164 0.738402
0.620117 0.740325
0.62207 0.742243
0.624023 0.744157
0.625977 0.746067
0.62793 0.747973
0.629883 0.749874
0.631836 0.75177
0.633789 0.753662
0.635742 0.75555
0.637695 0.757433
0.639648 0.759312
0.641602 0.761186
0.643555 0.763055
0.645508 0.76492
0.647461 0.76678
0.649414 0.768636
0.651367 0.770486
0.65332 0.772332
0.655273 0.774173
0.657227 0.776009
0.65918 0.777841
0.661133 0.779667
0.663086 0.781489
0.665039 0.783306
0.666992 0.785117
0.668945 0.786924
0.670898 0.788725
0.672852 0.790521
0.674805 0.792313
0.676758 0.794099
0.678711 0.795879
0.680664 0.797655
0.682617 0.799425
0.68457 0.80119
0.686523 0.802949
0.688477 0.804703
0.69043 0.806452
0.692383 0.808195
0.694336 0.809932
0.696289 0.811664
0.698242 0.813391
0.700195 0.815111
0.702148 0.816826
0.704102 0.818535
0.706055 0.820238
0.708008 0.821936
0.709961 0.823627
0.711914 0.825313
0.713867 0.826992
0.71582 0.828665
0.717773 0.830333
0.719727 0.831994
0.72168 0.833649
0.723633 0.835297
0.725586 0.83694
0.727539 0.838576
0.729492 0.840205
0.731445 0.841828
0.733398 0.843445
0.735352 0.845055
0.737305 0.846658
0.739258 0.848255
0.741211 0.849845
0.743164 0.851427
0.745117 0.853004
0.74707 0.854573
0.749023 0.856135
0.750977 0.85769
0.75293 0.859238
0.754883 0.860778
0.756836 0.862312
0.758789 0.863838
0.760742 0.865356
0.762695 0.866867
0.764648 0.868371
0.766602 0.869867
0.768555 0.871355
0.770508 0.872835
0.772461 0.874308
0.774414 0.875773
0.776367 0.877229
0.77832 0.878678
0.780273 0.880118
0.782227 0.88155
0.78418 0.882974
0.786133 0.884389
0.788086 0.885795
0.790039 0.887193
0.791992 0.888583
0.793945 0.889963
0.795898 0.891335
0.797852 0.892697
0.799805 0.894051
0.801758 0.895395
0.803711 0.89673
0.805664 0.898056
0.807617 0.899372
0.80957 0.900678
0.811523 0.901974
0.813477 0.903261
0.81543 0.904538
0.817383 0.905805
0.819336 0.907061
0.821289 0.908307
0.823242 0.909543
0.825195 0.910767
0.827148 0.911982
0.829102 0.913185
0.831055 0.914377
0.833008 0.915558
0.834961 0.916728
0.836914 0.917886
0.838867 0.919033
0.84082 0.920168
0.842773 0.921291
0.844727 0.922401
0.84668 0.9235
0.848633 0.924586
0.850586 0.925659
0.852539 0.926719
0.854492 0.927766
0.856445 0.9288
0.858398 0.929821
0.860352 0.930827
0.862305 0.93182
0.864258 0.932798
0.866211 0.933762
0.868164 0.934712
0.870117 0.935646
0.87207 0.936565
0.874023 0.937468
0.875977 0.938355
0.87793 0.939226
0.879883 0.940079
0.881836 0.940916
0.883789 0.941735
0.885742 0.942536
0.887695 0.943318
0.889648 0.944081
0.891602 0.944824
0.893555 0.945546
0.895508 0.946246
0.897461 0.946924
0.899414 0.947577
0.901367 0.948206
0.90332 0.948809
0.905273 0.949384
0.907227 0.949928
0.90918 0.950441
0.911133 0.950918
0.913086 0.951359
0.915039 0.951758
0.916992 0.952111
0.918945 0.952415
0.920898 0.952663
0.922852 0.952848
0.924805 0.952962
0.926758 0.952997
0.928711 0.952939
0.930664 0.952777
0.932617 0.952494
0.93457 0.952071
0.936523 0.951484
0.938477 0.950708
0.94043 0.949709
0.942383 0.948448
0.944336 0.94688
0.946289 0.94495
0.948242 0.942591
0.950195 0.939726
0.952148 0.936262
0.954102 0.932091
0.956055 0.927081
0.958008 0.921081
0.959961 0.913911
0.961914 0.905362
0.963867 0.895192
0.96582 0.88312
0.967773 0.868829
0.969727 0.851956
0.97168 0.832103
0.973633 0.80883
0.975586 0.781668
0.977539 0.750131
0.979492 0.713732
0.981445 0.672012
0.983398 0.624569
0.985352 0.571107
0.987305 0.511473
0.989258 0.445709
0.991211 0.374092
0.993164 0.297163
0.995117 0.215735
0.99707 0.130878
0.999023 0.0438703
1 0
