0 0
0.000976562 0.00116517
0.00292969 0.00349552
0.00488281 0.00582585
0.00683594 0.00815615
0.00878906 0.0104864
0.0107422 0.0128166
0.0126953 0.0151468
0.0146484 0.0174769
0.0166016 0.0198069
0.0185547 0.0221369
0.0205078 0.0244667
0.0224609 0.0267964
0.0244141 0.029126
0.0263672 0.0314555
0.0283203 0.0337849
0.0302734 0.0361141
0.0322266 0.0384431
0.0341797 0.040772
0.0361328 0.0431007
0.0380859 0.0454292
0.0400391 0.0477575
0.0419922 0.0500856
0.0439453 0.0524134
0.0458984 0.0547411
0.0478516 0.0570685
0.0498047 0.0593956
0.0517578 0.0617225
0.0537109 0.0640492
0.0556641 0.0663755
0.0576172 0.0687016
0.0595703 0.0710273
0.0615234 0.0733528
0.0634766 0.0756779
0.0654297 0.0780027
0.0673828 0.0803271
0.0693359 0.0826512
0.0712891 0.084975
0.0732422 0.0872983
0.0751953 0.0896213
0.0771484 0.0919439
0.0791016 0.0942661
0.0810547 0.0965879
0.0830078 0.0989093
0.0849609 0.10123
0.0869141 0.103551
0.0888672 0.105871
0.0908203 0.10819
0.0927734 0.11051
0.0947266 0.112828
0.0966797 0.115146
0.0986328 0.117464
0.100586 0.119781
0.102539 0.122098
0.104492 0.124414
0.106445 0.12673
0.108398 0.129045
0.110352 0.131359
0.112305 0.133673
0.114258 0.135986
0.116211 0.138299
0.118164 0.140611
0.120117 0.142923
0.12207 0.145234
0.124023 0.147544
0.125977 0.149854
0.12793 0.152163
0.129883 0.154471
0.131836 0.156779
0.133789 0.159086
0.135742 0.161393
0.137695 0.163699
0.139648 0.166004
0.141602 0.168308
0.143555 0.170612
0.145508 0.172915
0.147461 0.175217
0.149414 0.177518
0.151367 0.179819
0.15332 0.182119
0.155273 0.184418
0.157227 0.186716
0.15918 0.189014
0.161133 0.191311
0.163086 0.193607
0.165039 0.195902
0.166992 0.198197
0.168945 0.20049
0.170898 0.202783
0.172852 0.205075
0.174805 0.207366
0.176758 0.209656
0.178711 0.211945
0.180664 0.214234
0.182617 0.216521
0.18457 0.218808
0.186523 0.221094
0.188477 0.223379
0.19043 0.225662
0.192383 0.227945
0.194336 0.230227
0.196289 0.232509
0.198242 0.234789
0.200195 0.237068
0.202148 0.239346
0.204102 0.241623
0.206055 0.2439
0.208008 0.246175
0.209961 0.248449
0.211914 0.250722
0.213867 0.252995
0.21582 0.255266
0.217773 0.257536
0.219727 0.259805
0.22168 0.262073
0.223633 0.26434
0.225586 0.266606
0.227539 0.268871
0.229492 0.271135
0.231445 0.273398
0.233398 0.275659
0.235352 0.27792
0.237305 0.280179
0.239258 0.282437
0.241211 0.284695
0.243164 0.286951
0.245117 0.289205
0.24707 0.291459
0.249023 0.293712
0.250977 0.295963
0.25293 0.298213
0.254883 0.300462
0.256836 0.30271
0.258789 0.304957
0.260742 0.307202
0.262695 0.309447
0.264648 0.31169
0.266602 0.313931
0.268555 0.316172
0.270508 0.318411
0.272461 0.320649
0.274414 0.322886
0.276367 0.325122
0.27832 0.327356
0.280273 0.329589
0.282227 0.33182
0.28418 0.334051
0.286133 0.33628
0.288086 0.338508
0.290039 0.340734
0.291992 0.342959
0.293945 0.345183
0.295898 0.347406
0.297852 0.349627
0.299805 0.351847
0.301758 0.354065
0.303711 0.356282
0.305664 0.358498
0.307617 0.360712
0.30957 0.362925
0.311523 0.365136
0.313477 0.367346
0.31543 0.369555
0.317383 0.371762
0.319336 0.373968
0.321289 0.376173
0.323242 0.378376
0.325195 0.380577
0.327148 0.382777
0.329102 0.384976
0.331055 0.387173
0.333008 0.389369
0.334961 0.391563
0.336914 0.393756
0.338867 0.395947
0.34082 0.398136
0.342773 0.400325
0.344727 0.402511
0.34668 0.404696
0.348633 0.40688
0.350586 0.409062
0.352539 0.411242
0.354492 0.413421
0.356445 0.415599
0.358398 0.417775
0.360352 0.419949
0.362305 0.422121
0.364258 0.424292
0.366211 0.426462
0.368164 0.42863
0.370117 0.430796
0.37207 0.432961
0.374023 0.435123
0.375977 0.437285
0.37793 0.439444
0.379883 0.441602
0.381836 0.443759
0.383789 0.445913
0.385742 0.448066
0.387695 0.450218
0.389648 0.452367
0.391602 0.454515
0.393555 0.456662
0.395508 0.458806
0.397461 0.460949
0.399414 0.46309
0.401367 0.465229
0.40332 0.467367
0.405273 0.469502
0.407227 0.471636
0.40918 0.473769
0.411133 0.475899
0.413086 0.478028
0.415039 0.480155
0.416992 0.48228
0.418945 0.484403
0.420898 0.486525
0.422852 0.488644
0.424805 0.490762
0.426758 0.492878
0.428711 0.494992
0.430664 0.497104
0.432617 0.499215
0.43457 0.501323
0.436523 0.50343
0.438477 0.505534
0.44043 0.507637
0.442383 0.509738
0.444336 0.511837
0.446289 0.513934
0.448242 0.516029
0.450195 0.518122
0.452148 0.520213
0.454102 0.522303
0.456055 0.52439
0.458008 0.526475
0.459961 0.528558
0.461914 0.53064
0.463867 0.532719
0.46582 0.534796
0.467773 0.536871
0.469727 0.538944
0.47168 0.541015
0.473633 0.543084
0.475586 0.545151
0.477539 0.547216
0.479492 0.549279
0.481445 0.55134
0.483398 0.553398
0.485352 0.555455
0.487305 0.557509
0.489258 0.559561
0.491211 0.561612
0.493164 0.563659
0.495117 0.565705
0.49707 0.567749
0.499023 0.56979
0.500977 0.571829
0.50293 0.573866
0.504883 0.575901
0.506836 0.577934
0.508789 0.579964
0.510742 0.581992
0.512695 0.584018
0.514648 0.586041
0.516602 0.588062
0.518555 0.590081
0.520508 0.592098
0.522461 0.594112
0.524414 0.596124
0.526367 0.598134
0.52832 0.600141
0.530273 0.602146
0.532227 0.604148
0.53418 0.606148
0.536133 0.608146
0.538086 0.610141
0.540039 0.612134
0.541992 0.614125
0.543945 0.616113
0.545898 0.618098
0.547852 0.620081
0.549805 0.622062
0.551758 0.62404
0.553711 0.626016
0.555664 0.627989
0.557617 0.629959
0.55957 0.631927
0.561523 0.633893
0.563477 0.635855
0.56543 0.637816
0.567383 0.639773
0.569336 0.641728
0.571289 0.643681
0.573242 0.64563
0.575195 0.647577
0.577148 0.649522
0.579102 0.651464
0.581055 0.653403
0.583008 0.655339
0.584961 0.657272
0.586914 0.659203
0.588867 0.661131
0.59082 0.663056
0.592773 0.664979
0.594727 0.666899
0.59668 0.668815
0.598633 0.670729
0.600586 0.672641
0.602539 0.674549
0.604492 0.676454
0.606445 0.678357
0.608398 0.680256
0.610352 0.682153
0.612305 0.684046
0.614258 0.685937
0.616211 0.687825
0.618164 0.68971
0.620117 0.691591
0.62207 0.69347
0.624023 0.695345
0.625977 0.697218
0.62793 0.699087
0.629883 0.700954
0.631836 0.702817
0.633789 0.704677
0.635742 0.706534
0.637695 0.708387
0.639648 0.710238
0.641602 0.712085
0.643555 0.713929
0.645508 0.71577
0.647461 0.717607
0.649414 0.719441
0.651367 0.721272
0.65332 0.723099
0.655273 0.724923
0.657227 0.726744
0.65918 0.728561
0.661133 0.730375
0.663086 0.732186
0.665039 0.733992
0.666992 0.735796
0.668945 0.737596
0.670898 0.739392
0.672852 0.741185
0.674805 0.742974
0.676758 0.74476
0.678711 0.746541
0.680664 0.74832
0.682617 0.750094
0.68457 0.751865
0.686523 0.753632
0.688477 0.755396
0.69043 0.757155
0.692383 0.758911
0.694336 0.760663
0.696289 0.762411
0.698242 0.764155
0.700195 0.765895
0.702148 0.767632
0.704102 0.769364
0.706055 0.771092
0.708008 0.772817
0.709961 0.774537
0.711914 0.776253
0.713867 0.777965
0.71582 0.779673
0.717773 0.781376
0.719727 0.783076
0.72168 0.784771
0.723633 0.786462
0.725586 0.788149
0.727539 0.789831
0.729492 0.791509
0.731445 0.793182
0.733398 0.794852
0.735352 0.796516
0.737305 0.798176
0.739258 0.799832
0.741211 0.801483
0.743164 0.803129
0.745117 0.804771
0.74707 0.806408
0.749023 0.80804
0.750977 0.809668
0.75293 0.811291
0.754883 0.812909
0.756836 0.814522
0.758789 0.81613
0.760742 0.817733
0.762695 0.819331
0.764648 0.820924
0.766602 0.822512
0.768555 0.824095
0.770508 0.825673
0.772461 0.827246
0.774414 0.828813
0.776367 0.830375
0.77832 0.831932
0.780273 0.833483
0.782227 0.835029
0.78418 0.836569
0.786133 0.838104
0.788086 0.839633
0.790039 0.841156
0.791992 0.842674
0.793945 0.844186
0.795898 0.845692
0.797852 0.847193
0.799805 0.848687
0.801758 0.850176
0.803711 0.851658
0.805664 0.853135
0.807617 0.854605
0.80957 0.856069
0.811523 0.857527
0.813477 0.858978
0.81543 0.860423
0.817383 0.861862
0.819336 0.863294
0.821289 0.864719
0.823242 0.866138
0.825195 0.86755
0.827148 0.868955
0.829102 0.870354
0.831055 0.871745
0.833008 0.87313
0.834961 0.874507
0.836914 0.875877
0.838867 0.87724
0.84082 0.878595
0.842773 0.879943
0.844727 0.881284
0.84668 0.882617
0.848633 0.883942
0.850586 0.885259
0.852539 0.886569
0.854492 0.88787
0.856445 0.889163
0.858398 0.890448
0.860352 0.891725
0.862305 0.892993
0.864258 0.894253
0.866211 0.895504
0.868164 0.896746
0.870117 0.897979
0.87207 0.899202
0.874023 0.900417
0.875977 0.901621
0.87793 0.902816
0.879883 0.904001
0.881836 0.905175
0.883789 0.906339
0.885742 0.907492
0.887695 0.908634
0.889648 0.909764
0.891602 0.910882
0.893555 0.911988
0.895508 0.91308
0.897461 0.914158
0.899414 0.915221
0.901367 0.916268
0.90332 0.917299
0.905273 0.918311
0.907227 0.919304
0.90918 0.920275
0.911133 0.921222
0.913086 0.922142
0.915039 0.923034
0.916992 0.923892
0.918945 0.924713
0.920898 0.925491
0.922852 0.92622
0.924805 0.926893
0.926758 0.927501
0.928711 0.928033
0.930664 0.928476
0.932617 0.928815
0.93457 0.929032
0.936523 0.929105
0.938477 0.929007
0.94043 0.928707
0.942383 0.928167
0.944336 0.927342
0.946289 0.926177
0.948242 0.924607
0.950195 0.922557
0.952148 0.919933
0.954102 0.916627
0.956055 0.91251
0.958008 0.907428
0.959961 0.901201
0.961914 0.893621
0.963867 0.884441
0.96582 0.873379
0.967773 0.860111
0.969727 0.844271
0.97168 0.825451
0.973633 0.803201
0.975586 0.777041
0.977539 0.746468
0.979492 0.710978
0.981445 0.670093
0.983398 0.623392
0.985352 0.570557
0.987305 0.511421
0.989258 0.446012
0.991211 0.374603
0.993164 0.29774
0.995117 0.21625
0.99707 0.13123
0.999023 0.0439951
1 0
