0 0
0.000976562 0.00114452
0.00292969 0.00343356
0.00488281 0.00572258
0.00683594 0.00801159
0.00878906 0.0103006
0.0107422 0.0125895
0.0126953 0.0148783
0.0146484 0.0171672
0.0166016 0.0194559
0.0185547 0.0217446
0.0205078 0.0240331
0.0224609 0.0263216
0.0244141 0.0286099
0.0263672 0.0308982
0.0283203 0.0331863
0.0302734 0.0354743
0.0322266 0.0377621
0.0341797 0.0400498
0.0361328 0.0423373
0.0380859 0.0446246
0.0400391 0.0469117
0.0419922 0.0491987
0.0439453 0.0514854
0.0458984 0.0537719
0.0478516 0.0560582
0.0498047 0.0583443
0.0517578 0.0606301
0.0537109 0.0629157
0.0556641 0.065201
0.0576172 0.0674861
0.0595703 0.0697709
0.0615234 0.0720553
0.0634766 0.0743395
0.0654297 0.0766234
0.0673828 0.078907
0.0693359 0.0811902
0.0712891 0.0834731
0.0732422 0.0857556
0.0751953 0.0880378
0.0771484 0.0903197
0.0791016 0.0926012
0.0810547 0.0948822
0.0830078 0.0971629
0.0849609 0.0994432
0.0869141 0.101723
0.0888672 0.104003
0.0908203 0.106282
0.0927734 0.10856
0.0947266 0.110838
0.0966797 0.113116
0.0986328 0.115393
0.100586 0.11767
0.102539 0.119946
0.104492 0.122222
0.106445 0.124498
0.108398 0.126772
0.110352 0.129047
0.112305 0.13132
0.114258 0.133594
0.116211 0.135866
0.118164 0.138138
0.120117 0.14041
0.12207 0.142681
0.124023 0.144951
0.125977 0.147221
0.12793 0.149491
0.129883 0.151759
0.131836 0.154027
0.133789 0.156295
0.135742 0.158561
0.137695 0.160828
0.139648 0.163093
0.141602 0.165358
0.143555 0.167622
0.145508 0.169886
0.147461 0.172148
0.149414 0.174411
0.151367 0.176672
0.15332 0.178933
0.155273 0.181193
0.157227 0.183452
0.15918 0.185711
0.161133 0.187968
0.163086 0.190225
0.165039 0.192482
0.166992 0.194737
0.168945 0.196992
0.170898 0.199246
0.172852 0.201499
0.174805 0.203752
0.176758 0.206003
0.178711 0.208254
0.180664 0.210504
0.182617 0.212753
0.18457 0.215002
0.186523 0.217249
0.188477 0.219496
0.19043 0.221742
0.192383 0.223987
0.194336 0.226231
0.196289 0.228474
0.198242 0.230716
0.200195 0.232957
0.202148 0.235198
0.204102 0.237437
0.206055 0.239676
0.208008 0.241914
0.209961 0.24415
0.211914 0.246386
0.213867 0.248621
0.21582 0.250855
0.217773 0.253088
0.219727 0.25532
0.22168 0.257551
0.223633 0.259781
0.225586 0.26201
0.227539 0.264238
0.229492 0.266465
0.231445 0.268691
0.233398 0.270916
0.235352 0.27314
0.237305 0.275363
0.239258 0.277584
0.241211 0.279805
0.243164 0.282025
0.245117 0.284243
0.24707 0.286461
0.249023 0.288677
0.250977 0.290893
0.25293 0.293107
0.254883 0.29532
0.256836 0.297532
0.258789 0.299743
0.260742 0.301953
0.262695 0.304162
0.264648 0.306369
0.266602 0.308576
0.268555 0.310781
0.270508 0.312985
0.272461 0.315188
0.274414 0.317389
0.276367 0.31959
0.27832 0.321789
0.280273 0.323987
0.282227 0.326184
0.28418 0.32838
0.286133 0.330575
0.288086 0.332768
0.290039 0.33496
0.291992 0.337151
0.293945 0.33934
0.295898 0.341529
0.297852 0.343716
0.299805 0.345901
0.301758 0.348086
0.303711 0.350269
0.305664 0.352451
0.307617 0.354632
0.30957 0.356811
0.311523 0.358989
0.313477 0.361166
0.31543 0.363341
0.317383 0.365515
0.319336 0.367688
0.321289 0.369859
0.323242 0.372029
0.325195 0.374198
0.327148 0.376365
0.329102 0.378531
0.331055 0.380696
0.333008 0.382859
0.334961 0.385021
0.336914 0.387181
0.338867 0.38934
0.34082 0.391498
0.342773 0.393654
0.344727 0.395808
0.34668 0.397962
0.348633 0.400114
0.350586 0.402264
0.352539 0.404413
0.354492 0.40656
0.356445 0.408706
0.358398 0.410851
0.360352 0.412994
0.362305 0.415136
0.364258 0.417276
0.366211 0.419414
0.368164 0.421551
0.370117 0.423687
0.37207 0.425821
0.374023 0.427953
0.375977 0.430084
0.37793 0.432214
0.379883 0.434342
0.381836 0.436468
0.383789 0.438593
0.385742 0.440716
0.387695 0.442837
0.389648 0.444957
0.391602 0.447076
0.393555 0.449193
0.395508 0.451308
0.397461 0.453421
0.399414 0.455533
0.401367 0.457644
0.40332 0.459752
0.405273 0.461859
0.407227 0.463965
0.40918 0.466068
0.411133 0.46817
0.413086 0.470271
0.415039 0.472369
0.416992 0.474466
0.418945 0.476562
0.420898 0.478655
0.422852 0.480747
0.424805 0.482837
0.426758 0.484926
0.428711 0.487012
0.430664 0.489097
0.432617 0.49118
0.43457 0.493262
0.436523 0.495341
0.438477 0.497419
0.44043 0.499495
0.442383 0.50157
0.444336 0.503642
0.446289 0.505713
0.448242 0.507782
0.450195 0.509849
0.452148 0.511914
0.454102 0.513977
0.456055 0.516039
0.458008 0.518098
0.459961 0.520156
0.461914 0.522212
0.463867 0.524266
0.46582 0.526318
0.467773 0.528368
0.469727 0.530417
0.47168 0.532463
0.473633 0.534507
0.475586 0.53655
0.477539 0.53859
0.479492 0.540629
0.481445 0.542666
0.483398 0.5447
0.485352 0.546733
0.487305 0.548764
0.489258 0.550792
0.491211 0.552819
0.493164 0.554844
0.495117 0.556866
0.49707 0.558887
0.499023 0.560906
0.500977 0.562922
0.50293 0.564936
0.504883 0.566949
0.506836 0.568959
0.508789 0.570967
0.510742 0.572973
0.512695 0.574977
0.514648 0.576979
0.516602 0.578979
0.518555 0.580976
0.520508 0.582971
0.522461 0.584965
0.524414 0.586956
0.526367 0.588944
0.52832 0.590931
0.530273 0.592915
0.532227 0.594898
0.53418 0.596877
0.536133 0.598855
0.538086 0.600831
0.540039 0.602804
0.541992 0.604775
0.543945 0.606743
0.545898 0.60871
0.547852 0.610674
0.549805 0.612635
0.551758 0.614595
0.553711 0.616552
0.555664 0.618506
0.557617 0.620458
0.55957 0.622408
0.561523 0.624356
0.563477 0.626301
0.56543 0.628243
0.567383 0.630184
0.569336 0.632121
0.571289 0.634057
0.573242 0.63599
0.575195 0.63792
0.577148 0.639848
0.579102 0.641773
0.581055 0.643696
0.583008 0.645616
0.584961 0.647534
0.586914 0.649449
0.588867 0.651362
0.59082 0.653272
0.592773 0.655179
0.594727 0.657084
0.59668 0.658986
0.598633 0.660885
0.600586 0.662782
0.602539 0.664676
0.604492 0.666568
0.606445 0.668457
0.608398 0.670343
0.610352 0.672226
0.612305 0.674107
0.614258 0.675984
0.616211 0.677859
0.618164 0.679731
0.620117 0.681601
0.62207 0.683467
0.624023 0.685331
0.625977 0.687192
0.62793 0.68905
0.629883 0.690905
0.631836 0.692757
0.633789 0.694606
0.635742 0.696452
0.637695 0.698296
0.639648 0.700136
0.641602 0.701973
0.643555 0.703808
0.645508 0.705639
0.647461 0.707467
0.649414 0.709292
0.651367 0.711114
0.65332 0.712933
0.655273 0.714749
0.657227 0.716562
0.65918 0.718371
0.661133 0.720177
0.663086 0.72198
0.665039 0.72378
0.666992 0.725577
0.668945 0.72737
0.670898 0.72916
0.672852 0.730947
0.674805 0.73273
0.676758 0.73451
0.678711 0.736287
0.680664 0.73806
0.682617 0.73983
0.68457 0.741596
0.686523 0.743359
0.688477 0.745119
0.69043 0.746875
0.692383 0.748627
0.694336 0.750376
0.696289 0.752121
0.698242 0.753863
0.700195 0.755601
0.702148 0.757335
0.704102 0.759066
0.706055 0.760793
0.708008 0.762516
0.709961 0.764235
0.711914 0.765951
0.713867 0.767663
0.71582 0.769371
0.717773 0.771075
0.719727 0.772776
0.72168 0.774472
0.723633 0.776164
0.725586 0.777853
0.727539 0.779537
0.729492 0.781218
0.731445 0.782894
0.733398 0.784566
0.735352 0.786234
0.737305 0.787898
0.739258 0.789558
0.741211 0.791214
0.743164 0.792865
0.745117 0.794512
0.74707 0.796155
0.749023 0.797793
0.750977 0.799427
0.75293 0.801056
0.754883 0.802681
0.756836 0.804302
0.758789 0.805918
0.760742 0.80753
0.762695 0.809136
0.764648 0.810739
0.766602 0.812336
0.768555 0.813929
0.770508 0.815517
0.772461 0.817101
0.774414 0.818679
0.776367 0.820253
0.77832 0.821821
0.780273 0.823385
0.782227 0.824944
0.78418 0.826498
0.786133 0.828046
0.788086 0.82959
0.790039 0.831128
0.791992 0.832661
0.793945 0.834189
0.795898 0.835711
0.797852 0.837229
0.799805 0.83874
0.801758 0.840246
0.803711 0.841747
0.805664 0.843242
0.807617 0.844732
0.80957 0.846216
0.811523 0.847694
0.813477 0.849166
0.81543 0.850633
0.817383 0.852093
0.819336 0.853548
0.821289 0.854997
0.823242 0.856439
0.825195 0.857876
0.827148 0.859306
0.829102 0.86073
0.831055 0.862148
0.833008 0.863559
0.834961 0.864964
0.836914 0.866362
0.838867 0.867754
0.84082 0.869139
0.842773 0.870517
0.844727 0.871888
0.84668 0.873253
0.848633 0.87461
0.850586 0.875961
0.852539 0.877304
0.854492 0.87864
0.856445 0.879968
0.858398 0.88129
0.860352 0.882603
0.862305 0.883909
0.864258 0.885207
0.866211 0.886497
0.868164 0.887779
0.870117 0.889053
0.87207 0.890319
0.874023 0.891576
0.875977 0.892824
0.87793 0.894064
0.879883 0.895294
0.881836 0.896516
0.883789 0.897727
0.885742 0.898929
0.887695 0.90012
0.889648 0.901301
0.891602 0.90247
0.893555 0.903628
0.895508 0.904774
0.897461 0.905907
0.899414 0.907026
0.901367 0.908131
0.90332 0.90922
0.905273 0.910292
0.907227 0.911345
0.90918 0.912378
0.911133 0.913388
0.913086 0.914373
0.915039 0.91533
0.916992 0.916255
0.918945 0.917144
0.920898 0.917991
0.922852 0.91879
0.924805 0.919535
0.926758 0.920215
0.928711 0.920821
0.930664 0.921339
0.932617 0.921754
0.93457 0.922047
0.936523 0.922197
0.938477 0.922177
0.94043 0.921955
0.942383 0.921494
0.944336 0.920748
0.946289 0.919662
0.948242 0.918172
0.950195 0.916201
0.952148 0.913656
0.954102 0.910428
0.956055 0.906389
0.958008 0.901385
0.959961 0.895237
0.961914 0.887735
0.963867 0.878635
0.96582 0.867655
0.967773 0.854474
0.969727 0.838728
0.97168 0.820009
0.973633 0.797874
0.975586 0.771846
0.977539 0.741427
0.979492 0.706121
0.981445 0.665454
0.983398 0.619015
0.985352 0.566492
0.987305 0.507723
0.989258 0.442741
0.991211 0.37182
0.993164 0.295503
0.995117 0.214611
0.99707 0.130229
0.999023 0.0436584
1 0
