0 0
0.000976562 0.00111425
0.00292969 0.00334274
0.00488281 0.00557123
0.00683594 0.00779969
0.00878906 0.0100281
0.0107422 0.0122565
0.0126953 0.0144849
0.0146484 0.0167131
0.0166016 0.0189414
0.0185547 0.0211695
0.0205078 0.0233976
0.0224609 0.0256256
0.0244141 0.0278535
0.0263672 0.0300812
0.0283203 0.0323089
0.0302734 0.0345364
0.0322266 0.0367639
0.0341797 0.0389911
0.0361328 0.0412182
0.0380859 0.0434452
0.0400391 0.045672
0.0419922 0.0478986
0.0439453 0.050125
0.0458984 0.0523513
0.0478516 0.0545773
0.0498047 0.0568032
0.0517578 0.0590288
0.0537109 0.0612542
0.0556641 0.0634793
0.0576172 0.0657042
0.0595703 0.0679289
0.0615234 0.0701533
0.0634766 0.0723775
0.0654297 0.0746013
0.0673828 0.0768249
0.0693359 0.0790482
0.0712891 0.0812712
0.0732422 0.0834938
0.0751953 0.0857162
0.0771484 0.0879382
0.0791016 0.0901599
0.0810547 0.0923813
0.0830078 0.0946023
0.0849609 0.096823
0.0869141 0.0990432
0.0888672 0.101263
0.0908203 0.103483
0.0927734 0.105702
0.0947266 0.107921
0.0966797 0.110139
0.0986328 0.112357
0.100586 0.114574
0.102539 0.116791
0.104492 0.119008
0.106445 0.121224
0.108398 0.12344
0.110352 0.125655
0.112305 0.12787
0.114258 0.130084
0.116211 0.132298
0.118164 0.134511
0.120117 0.136724
0.12207 0.138936
0.124023 0.141148
0.125977 0.143359
0.12793 0.14557
0.129883 0.14778
0.131836 0.14999
0.133789 0.152199
0.135742 0.154408
0.137695 0.156615
0.139648 0.158823
0.141602 0.16103
0.143555 0.163236
0.145508 0.165441
0.147461 0.167646
0.149414 0.169851
0.151367 0.172054
0.15332 0.174257
0.155273 0.17646
0.157227 0.178661
0.15918 0.180863
0.161133 0.183063
0.163086 0.185263
0.165039 0.187462
0.166992 0.18966
0.168945 0.191858
0.170898 0.194055
0.172852 0.196251
0.174805 0.198447
0.176758 0.200642
0.178711 0.202836
0.180664 0.205029
0.182617 0.207222
0.18457 0.209414
0.186523 0.211605
0.188477 0.213795
0.19043 0.215985
0.192383 0.218174
0.194336 0.220362
0.196289 0.222549
0.198242 0.224735
0.200195 0.226921
0.202148 0.229106
0.204102 0.23129
0.206055 0.233473
0.208008 0.235655
0.209961 0.237836
0.211914 0.240017
0.213867 0.242197
0.21582 0.244376
0.217773 0.246554
0.219727 0.248731
0.22168 0.250907
0.223633 0.253082
0.225586 0.255257
0.227539 0.25743
0.229492 0.259603
0.231445 0.261774
0.233398 0.263945
0.235352 0.266115
0.237305 0.268284
0.239258 0.270452
0.241211 0.272619
0.243164 0.274785
0.245117 0.27695
0.24707 0.279114
0.249023 0.281277
0.250977 0.283439
0.25293 0.2856
0.254883 0.28776
0.256836 0.28992
0.258789 0.292078
0.260742 0.294235
0.262695 0.296391
0.264648 0.298546
0.266602 0.3007
0.268555 0.302853
0.270508 0.305005
0.272461 0.307155
0.274414 0.309305
0.276367 0.311454
0.27832 0.313601
0.280273 0.315748
0.282227 0.317893
0.28418 0.320038
0.286133 0.322181
0.288086 0.324323
0.290039 0.326464
0.291992 0.328604
0.293945 0.330743
0.295898 0.33288
0.297852 0.335017
0.299805 0.337152
0.301758 0.339286
0.303711 0.341419
0.305664 0.343551
0.307617 0.345681
0.30957 0.347811
0.311523 0.349939
0.313477 0.352066
0.31543 0.354192
0.317383 0.356317
0.319336 0.35844
0.321289 0.360563
0.323242 0.362684
0.325195 0.364803
0.327148 0.366922
0.329102 0.369039
0.331055 0.371155
0.333008 0.37327
0.334961 0.375384
0.336914 0.377496
0.338867 0.379607
0.34082 0.381717
0.342773 0.383825
0.344727 0.385932
0.34668 0.388038
0.348633 0.390143
0.350586 0.392246
0.352539 0.394348
0.354492 0.396448
0.356445 0.398548
0.358398 0.400646
0.360352 0.402742
0.362305 0.404837
0.364258 0.406931
0.366211 0.409024
0.368164 0.411115
0.370117 0.413205
0.37207 0.415293
0.374023 0.41738
0.375977 0.419465
0.37793 0.42155
0.379883 0.423632
0.381836 0.425714
0.383789 0.427794
0.385742 0.429872
0.387695 0.431949
0.389648 0.434025
0.391602 0.436099
0.393555 0.438172
0.395508 0.440243
0.397461 0.442313
0.399414 0.444381
0.401367 0.446448
0.40332 0.448513
0.405273 0.450577
0.407227 0.452639
0.40918 0.4547
0.411133 0.456759
0.413086 0.458817
0.415039 0.460874
0.416992 0.462928
0.418945 0.464981
0.420898 0.467033
0.422852 0.469083
0.424805 0.471132
0.426758 0.473179
0.428711 0.475224
0.430664 0.477268
0.432617 0.47931
0.43457 0.481351
0.436523 0.483389
0.438477 0.485427
0.44043 0.487463
0.442383 0.489497
0.444336 0.491529
0.446289 0.49356
0.448242 0.495589
0.450195 0.497617
0.452148 0.499643
0.454102 0.501667
0.456055 0.503689
0.458008 0.50571
0.459961 0.507729
0.461914 0.509747
0.463867 0.511762
0.46582 0.513777
0.467773 0.515789
0.469727 0.517799
0.47168 0.519808
0.473633 0.521815
0.475586 0.52382
0.477539 0.525824
0.479492 0.527826
0.481445 0.529826
0.483398 0.531824
0.485352 0.53382
0.487305 0.535815
0.489258 0.537808
0.491211 0.539799
0.493164 0.541788
0.495117 0.543775
0.49707 0.54576
0.499023 0.547744
0.500977 0.549726
0.50293 0.551706
0.504883 0.553684
0.506836 0.55566
0.508789 0.557634
0.510742 0.559606
0.512695 0.561576
0.514648 0.563545
0.516602 0.565511
0.518555 0.567476
0.520508 0.569438
0.522461 0.571399
0.524414 0.573358
0.526367 0.575314
0.52832 0.577269
0.530273 0.579222
0.532227 0.581172
0.53418 0.583121
0.536133 0.585068
0.538086 0.587012
0.540039 0.588955
0.541992 0.590895
0.543945 0.592834
0.545898 0.59477
0.547852 0.596704
0.549805 0.598636
0.551758 0.600566
0.553711 0.602494
0.555664 0.60442
0.557617 0.606343
0.55957 0.608265
0.561523 0.610184
0.563477 0.612101
0.56543 0.614016
0.567383 0.615929
0.569336 0.61784
0.571289 0.619748
0.573242 0.621654
0.575195 0.623558
0.577148 0.62546
0.579102 0.627359
0.581055 0.629256
0.583008 0.631151
0.584961 0.633043
0.586914 0.634933
0.588867 0.636821
0.59082 0.638707
0.592773 0.64059
0.594727 0.642471
0.59668 0.644349
0.598633 0.646225
0.600586 0.648099
0.602539 0.64997
0.604492 0.651839
0.606445 0.653705
0.608398 0.655569
0.610352 0.657431
0.612305 0.65929
0.614258 0.661146
0.616211 0.663
0.618164 0.664852
0.620117 0.666701
0.62207 0.668547
0.624023 0.670391
0.625977 0.672232
0.62793 0.674071
0.629883 0.675907
0.631836 0.67774
0.633789 0.679571
0.635742 0.681399
0.637695 0.683225
0.639648 0.685048
0.641602 0.686868
0.643555 0.688685
0.645508 0.6905
0.647461 0.692312
0.649414 0.694121
0.651367 0.695928
0.65332 0.697731
0.655273 0.699532
0.657227 0.70133
0.65918 0.703125
0.661133 0.704918
0.663086 0.706707
0.665039 0.708494
0.666992 0.710277
0.668945 0.712058
0.670898 0.713836
0.672852 0.715611
0.674805 0.717383
0.676758 0.719152
0.678711 0.720917
0.680664 0.72268
0.682617 0.72444
0.68457 0.726197
0.686523 0.72795
0.688477 0.729701
0.69043 0.731448
0.692383 0.733192
0.694336 0.734933
0.696289 0.736671
0.698242 0.738406
0.700195 0.740137
0.702148 0.741865
0.704102 0.74359
0.706055 0.745312
0.708008 0.74703
0.709961 0.748745
0.711914 0.750456
0.713867 0.752164
0.71582 0.753869
0.717773 0.75557
0.719727 0.757268
0.72168 0.758962
0.723633 0.760653
0.725586 0.76234
0.727539 0.764024
0.729492 0.765704
0.731445 0.767381
0.733398 0.769054
0.735352 0.770723
0.737305 0.772388
0.739258 0.77405
0.741211 0.775708
0.743164 0.777362
0.745117 0.779013
0.74707 0.78066
0.749023 0.782303
0.750977 0.783941
0.75293 0.785577
0.754883 0.787208
0.756836 0.788835
0.758789 0.790458
0.760742 0.792077
0.762695 0.793692
0.764648 0.795303
0.766602 0.79691
0.768555 0.798513
0.770508 0.800111
0.772461 0.801705
0.774414 0.803295
0.776367 0.804881
0.77832 0.806462
0.780273 0.808039
0.782227 0.809612
0.78418 0.81118
0.786133 0.812744
0.788086 0.814303
0.790039 0.815858
0.791992 0.817408
0.793945 0.818953
0.795898 0.820494
0.797852 0.82203
0.799805 0.823561
0.801758 0.825088
0.803711 0.82661
0.805664 0.828126
0.807617 0.829638
0.80957 0.831145
0.811523 0.832647
0.813477 0.834144
0.81543 0.835636
0.817383 0.837123
0.819336 0.838604
0.821289 0.84008
0.823242 0.841551
0.825195 0.843017
0.827148 0.844477
0.829102 0.845932
0.831055 0.847381
0.833008 0.848825
0.834961 0.850263
0.836914 0.851695
0.838867 0.853122
0.84082 0.854543
0.842773 0.855958
0.844727 0.857367
0.84668 0.85877
0.848633 0.860167
0.850586 0.861558
0.852539 0.862943
0.854492 0.864321
0.856445 0.865693
0.858398 0.867059
0.860352 0.868418
0.862305 0.86977
0.864258 0.871116
0.866211 0.872455
0.868164 0.873787
0.870117 0.875112
0.87207 0.87643
0.874023 0.87774
0.875977 0.879043
0.87793 0.880338
0.879883 0.881625
0.881836 0.882904
0.883789 0.884175
0.885742 0.885437
0.887695 0.88669
0.889648 0.887934
0.891602 0.889168
0.893555 0.890392
0.895508 0.891605
0.897461 0.892807
0.899414 0.893996
0.901367 0.895171
0.90332 0.896333
0.905273 0.897479
0.907227 0.898607
0.90918 0.899717
0.911133 0.900805
0.913086 0.901869
0.915039 0.902906
0.916992 0.903913
0.918945 0.904885
0.920898 0.905816
0.922852 0.9067
0.924805 0.907531
0.926758 0.908297
0.928711 0.90899
0.930664 0.909596
0.932617 0.910098
0.93457 0.910479
0.936523 0.910717
0.938477 0.910783
0.94043 0.910648
0.942383 0.910271
0.944336 0.909607
0.946289 0.908603
0.948242 0.907191
0.950195 0.905296
0.952148 0.902824
0.954102 0.899667
0.956055 0.895694
0.958008 0.890755
0.959961 0.884669
0.961914 0.877228
0.963867 0.86819
0.96582 0.857276
0.967773 0.844167
0.969727 0.828504
0.97168 0.809889
0.973633 0.787883
0.975586 0.76202
0.977539 0.731815
0.979492 0.696786
0.981445 0.656474
0.983398 0.610483
0.985352 0.558518
0.987305 0.500429
0.989258 0.436258
0.991211 0.366281
0.993164 0.291035
0.995117 0.211329
0.99707 0.128222
0.999023 0.0429827
1 0
