0 0
0.000976562 0.00108071
0.00292969 0.00324213
0.00488281 0.00540353
0.00683594 0.00756492
0.00878906 0.00972628
0.0107422 0.0118876
0.0126953 0.0140489
0.0146484 0.0162101
0.0166016 0.0183713
0.0185547 0.0205324
0.0205078 0.0226935
0.0224609 0.0248544
0.0244141 0.0270153
0.0263672 0.0291761
0.0283203 0.0313368
0.0302734 0.0334973
0.0322266 0.0356578
0.0341797 0.0378181
0.0361328 0.0399783
0.0380859 0.0421384
0.0400391 0.0442983
0.0419922 0.0464581
0.0439453 0.0486177
0.0458984 0.0507771
0.0478516 0.0529363
0.0498047 0.0550954
0.0517578 0.0572543
0.0537109 0.059413
0.0556641 0.0615714
0.0576172 0.0637297
0.0595703 0.0658877
0.0615234 0.0680455
0.0634766 0.0702031
0.0654297 0.0723604
0.0673828 0.0745175
0.0693359 0.0766743
0.0712891 0.0788308
0.0732422 0.0809871
0.0751953 0.0831431
0.0771484 0.0852988
0.0791016 0.0874542
0.0810547 0.0896094
0.0830078 0.0917642
0.0849609 0.0939186
0.0869141 0.0960728
0.0888672 0.0982266
0.0908203 0.10038
0.0927734 0.102533
0.0947266 0.104686
0.0966797 0.106838
0.0986328 0.108991
0.100586 0.111142
0.102539 0.113294
0.104492 0.115444
0.106445 0.117595
0.108398 0.119745
0.110352 0.121895
0.112305 0.124044
0.114258 0.126193
0.116211 0.128341
0.118164 0.130489
0.120117 0.132637
0.12207 0.134784
0.124023 0.136931
0.125977 0.139077
0.12793 0.141222
0.129883 0.143368
0.131836 0.145512
0.133789 0.147657
0.135742 0.1498
0.137695 0.151944
0.139648 0.154086
0.141602 0.156228
0.143555 0.15837
0.145508 0.160511
0.147461 0.162652
0.149414 0.164792
0.151367 0.166931
0.15332 0.16907
0.155273 0.171208
0.157227 0.173346
0.15918 0.175483
0.161133 0.17762
0.163086 0.179756
0.165039 0.181891
0.166992 0.184026
0.168945 0.18616
0.170898 0.188294
0.172852 0.190427
0.174805 0.192559
0.176758 0.194691
0.178711 0.196822
0.180664 0.198952
0.182617 0.201082
0.18457 0.20321
0.186523 0.205339
0.188477 0.207466
0.19043 0.209593
0.192383 0.21172
0.194336 0.213845
0.196289 0.21597
0.198242 0.218094
0.200195 0.220217
0.202148 0.22234
0.204102 0.224462
0.206055 0.226583
0.208008 0.228704
0.209961 0.230823
0.211914 0.232942
0.213867 0.235061
0.21582 0.237178
0.217773 0.239295
0.219727 0.24141
0.22168 0.243525
0.223633 0.24564
0.225586 0.247753
0.227539 0.249866
0.229492 0.251978
0.231445 0.254089
0.233398 0.256199
0.235352 0.258308
0.237305 0.260417
0.239258 0.262524
0.241211 0.264631
0.243164 0.266737
0.245117 0.268842
0.24707 0.270946
0.249023 0.27305
0.250977 0.275152
0.25293 0.277254
0.254883 0.279355
0.256836 0.281454
0.258789 0.283553
0.260742 0.285651
0.262695 0.287748
0.264648 0.289845
0.266602 0.29194
0.268555 0.294034
0.270508 0.296127
0.272461 0.29822
0.274414 0.300311
0.276367 0.302402
0.27832 0.304491
0.280273 0.30658
0.282227 0.308667
0.28418 0.310754
0.286133 0.31284
0.288086 0.314924
0.290039 0.317008
0.291992 0.319091
0.293945 0.321172
0.295898 0.323253
0.297852 0.325332
0.299805 0.327411
0.301758 0.329488
0.303711 0.331565
0.305664 0.33364
0.307617 0.335715
0.30957 0.337788
0.311523 0.33986
0.313477 0.341932
0.31543 0.344002
0.317383 0.346071
0.319336 0.348139
0.321289 0.350206
0.323242 0.352271
0.325195 0.354336
0.327148 0.3564
0.329102 0.358462
0.331055 0.360524
0.333008 0.362584
0.334961 0.364643
0.336914 0.366701
0.338867 0.368758
0.34082 0.370813
0.342773 0.372868
0.344727 0.374921
0.34668 0.376974
0.348633 0.379025
0.350586 0.381075
0.352539 0.383123
0.354492 0.385171
0.356445 0.387217
0.358398 0.389262
0.360352 0.391306
0.362305 0.393349
0.364258 0.39539
0.366211 0.397431
0.368164 0.39947
0.370117 0.401507
0.37207 0.403544
0.374023 0.405579
0.375977 0.407613
0.37793 0.409646
0.379883 0.411678
0.381836 0.413708
0.383789 0.415737
0.385742 0.417765
0.387695 0.419791
0.389648 0.421816
0.391602 0.42384
0.393555 0.425863
0.395508 0.427884
0.397461 0.429904
0.399414 0.431923
0.401367 0.43394
0.40332 0.435956
0.405273 0.437971
0.407227 0.439984
0.40918 0.441996
0.411133 0.444006
0.413086 0.446016
0.415039 0.448023
0.416992 0.45003
0.418945 0.452035
0.420898 0.454039
0.422852 0.456041
0.424805 0.458042
0.426758 0.460041
0.428711 0.462039
0.430664 0.464036
0.432617 0.466031
0.43457 0.468025
0.436523 0.470018
0.438477 0.472009
0.44043 0.473998
0.442383 0.475986
0.444336 0.477973
0.446289 0.479958
0.448242 0.481941
0.450195 0.483923
0.452148 0.485904
0.454102 0.487883
0.456055 0.489861
0.458008 0.491837
0.459961 0.493812
0.461914 0.495785
0.463867 0.497756
0.46582 0.499726
0.467773 0.501695
0.469727 0.503662
0.47168 0.505627
0.473633 0.507591
0.475586 0.509553
0.477539 0.511514
0.479492 0.513473
0.481445 0.515431
0.483398 0.517387
0.485352 0.519341
0.487305 0.521294
0.489258 0.523245
0.491211 0.525194
0.493164 0.527142
0.495117 0.529088
0.49707 0.531032
0.499023 0.532975
0.500977 0.534917
0.50293 0.536856
0.504883 0.538794
0.506836 0.54073
0.508789 0.542664
0.510742 0.544597
0.512695 0.546528
0.514648 0.548458
0.516602 0.550385
0.518555 0.552311
0.520508 0.554235
0.522461 0.556157
0.524414 0.558078
0.526367 0.559997
0.52832 0.561914
0.530273 0.563829
0.532227 0.565743
0.53418 0.567654
0.536133 0.569564
0.538086 0.571472
0.540039 0.573379
0.541992 0.575283
0.543945 0.577185
0.545898 0.579086
0.547852 0.580985
0.549805 0.582882
0.551758 0.584777
0.553711 0.58667
0.555664 0.588562
0.557617 0.590451
0.55957 0.592338
0.561523 0.594224
0.563477 0.596108
0.56543 0.597989
0.567383 0.599869
0.569336 0.601747
0.571289 0.603623
0.573242 0.605496
0.575195 0.607368
0.577148 0.609238
0.579102 0.611106
0.581055 0.612972
0.583008 0.614835
0.584961 0.616697
0.586914 0.618557
0.588867 0.620414
0.59082 0.62227
0.592773 0.624123
0.594727 0.625975
0.59668 0.627824
0.598633 0.629671
0.600586 0.631516
0.602539 0.633359
0.604492 0.635199
0.606445 0.637038
0.608398 0.638874
0.610352 0.640709
0.612305 0.642541
0.614258 0.64437
0.616211 0.646198
0.618164 0.648023
0.620117 0.649846
0.62207 0.651667
0.624023 0.653486
0.625977 0.655302
0.62793 0.657116
0.629883 0.658928
0.631836 0.660737
0.633789 0.662544
0.635742 0.664349
0.637695 0.666151
0.639648 0.667951
0.641602 0.669749
0.643555 0.671544
0.645508 0.673337
0.647461 0.675128
0.649414 0.676916
0.651367 0.678701
0.65332 0.680484
0.655273 0.682265
0.657227 0.684043
0.65918 0.685818
0.661133 0.687592
0.663086 0.689362
0.665039 0.69113
0.666992 0.692896
0.668945 0.694658
0.670898 0.696419
0.672852 0.698176
0.674805 0.699931
0.676758 0.701684
0.678711 0.703434
0.680664 0.705181
0.682617 0.706925
0.68457 0.708667
0.686523 0.710406
0.688477 0.712142
0.69043 0.713875
0.692383 0.715606
0.694336 0.717334
0.696289 0.719059
0.698242 0.720782
0.700195 0.722501
0.702148 0.724218
0.704102 0.725931
0.706055 0.727642
0.708008 0.72935
0.709961 0.731055
0.711914 0.732757
0.713867 0.734456
0.71582 0.736152
0.717773 0.737845
0.719727 0.739535
0.72168 0.741222
0.723633 0.742906
0.725586 0.744587
0.727539 0.746265
0.729492 0.74794
0.731445 0.749611
0.733398 0.751279
0.735352 0.752944
0.737305 0.754606
0.739258 0.756265
0.741211 0.75792
0.743164 0.759572
0.745117 0.761221
0.74707 0.762867
0.749023 0.764509
0.750977 0.766148
0.75293 0.767783
0.754883 0.769415
0.756836 0.771043
0.758789 0.772668
0.760742 0.77429
0.762695 0.775908
0.764648 0.777522
0.766602 0.779133
0.768555 0.78074
0.770508 0.782344
0.772461 0.783944
0.774414 0.78554
0.776367 0.787132
0.77832 0.788721
0.780273 0.790306
0.782227 0.791887
0.78418 0.793465
0.786133 0.795038
0.788086 0.796608
0.790039 0.798173
0.791992 0.799735
0.793945 0.801293
0.795898 0.802846
0.797852 0.804396
0.799805 0.805942
0.801758 0.807483
0.803711 0.80902
0.805664 0.810553
0.807617 0.812082
0.80957 0.813607
0.811523 0.815127
0.813477 0.816643
0.81543 0.818155
0.817383 0.819662
0.819336 0.821165
0.821289 0.822663
0.823242 0.824157
0.825195 0.825646
0.827148 0.82713
0.829102 0.82861
0.831055 0.830085
0.833008 0.831556
0.834961 0.833022
0.836914 0.834482
0.838867 0.835938
0.84082 0.837389
0.842773 0.838835
0.844727 0.840276
0.84668 0.841712
0.848633 0.843143
0.850586 0.844568
0.852539 0.845988
0.854492 0.847403
0.856445 0.848813
0.858398 0.850217
0.860352 0.851615
0.862305 0.853008
0.864258 0.854395
0.866211 0.855777
0.868164 0.857152
0.870117 0.858521
0.87207 0.859885
0.874023 0.861242
0.875977 0.862592
0.87793 0.863936
0.879883 0.865273
0.881836 0.866604
0.883789 0.867927
0.885742 0.869242
0.887695 0.87055
0.889648 0.87185
0.891602 0.873141
0.893555 0.874422
0.895508 0.875695
0.897461 0.876956
0.899414 0.878207
0.901367 0.879445
0.90332 0.88067
0.905273 0.881881
0.907227 0.883075
0.90918 0.884252
0.911133 0.885407
0.913086 0.88654
0.915039 0.887647
0.916992 0.888723
0.918945 0.889765
0.920898 0.890767
0.922852 0.891723
0.924805 0.892624
0.926758 0.893461
0.928711 0.894223
0.930664 0.894898
0.932617 0.895468
0.93457 0.895915
0.936523 0.896216
0.938477 0.896344
0.94043 0.896266
0.942383 0.895944
0.944336 0.89533
0.946289 0.894371
0.948242 0.892999
0.950195 0.891137
0.952148 0.888693
0.954102 0.885556
0.956055 0.881598
0.958008 0.876666
0.959961 0.870584
0.961914 0.863143
0.963867 0.854105
0.96582 0.843195
0.967773 0.8301
0.969727 0.814469
0.97168 0.795911
0.973633 0.774004
0.975586 0.748296
0.977539 0.718321
0.979492 0.683616
0.981445 0.643748
0.983398 0.598344
0.985352 0.547132
0.987305 0.489981
0.989258 0.426947
0.991211 0.35831
0.993164 0.284596
0.995117 0.206592
0.99707 0.125322
0.999023 0.0420064
1 0
