0 0
0.000976562 0.00106762
0.00292969 0.00320286
0.00488281 0.0053381
0.00683594 0.00747331
0.00878906 0.0096085
0.0107422 0.0117437
0.0126953 0.0138788
0.0146484 0.0160138
0.0166016 0.0181489
0.0185547 0.0202838
0.0205078 0.0224187
0.0224609 0.0245535
0.0244141 0.0266882
0.0263672 0.0288229
0.0283203 0.0309574
0.0302734 0.0330918
0.0322266 0.0352262
0.0341797 0.0373604
0.0361328 0.0394945
0.0380859 0.0416284
0.0400391 0.0437622
0.0419922 0.0458959
0.0439453 0.0480294
0.0458984 0.0501627
0.0478516 0.0522959
0.0498047 0.0544289
0.0517578 0.0565618
0.0537109 0.0586944
0.0556641 0.0608268
0.0576172 0.062959
0.0595703 0.0650911
0.0615234 0.0672229
0.0634766 0.0693544
0.0654297 0.0714858
0.0673828 0.0736169
0.0693359 0.0757478
0.0712891 0.0778784
0.0732422 0.0800087
0.0751953 0.0821388
0.0771484 0.0842686
0.0791016 0.0863981
0.0810547 0.0885274
0.0830078 0.0906563
0.0849609 0.092785
0.0869141 0.0949133
0.0888672 0.0970413
0.0908203 0.099169
0.0927734 0.101296
0.0947266 0.103423
0.0966797 0.10555
0.0986328 0.107676
0.100586 0.109802
0.102539 0.111928
0.104492 0.114053
0.106445 0.116178
0.108398 0.118303
0.110352 0.120427
0.112305 0.12255
0.114258 0.124674
0.116211 0.126797
0.118164 0.128919
0.120117 0.131041
0.12207 0.133163
0.124023 0.135284
0.125977 0.137404
0.12793 0.139525
0.129883 0.141645
0.131836 0.143764
0.133789 0.145883
0.135742 0.148001
0.137695 0.150119
0.139648 0.152236
0.141602 0.154353
0.143555 0.15647
0.145508 0.158586
0.147461 0.160701
0.149414 0.162816
0.151367 0.16493
0.15332 0.167044
0.155273 0.169157
0.157227 0.17127
0.15918 0.173382
0.161133 0.175494
0.163086 0.177605
0.165039 0.179715
0.166992 0.181825
0.168945 0.183934
0.170898 0.186043
0.172852 0.188151
0.174805 0.190259
0.176758 0.192365
0.178711 0.194472
0.180664 0.196577
0.182617 0.198682
0.18457 0.200787
0.186523 0.20289
0.188477 0.204993
0.19043 0.207096
0.192383 0.209197
0.194336 0.211298
0.196289 0.213399
0.198242 0.215498
0.200195 0.217597
0.202148 0.219696
0.204102 0.221793
0.206055 0.22389
0.208008 0.225986
0.209961 0.228082
0.211914 0.230177
0.213867 0.232271
0.21582 0.234364
0.217773 0.236457
0.219727 0.238548
0.22168 0.240639
0.223633 0.24273
0.225586 0.244819
0.227539 0.246908
0.229492 0.248996
0.231445 0.251083
0.233398 0.25317
0.235352 0.255255
0.237305 0.25734
0.239258 0.259424
0.241211 0.261507
0.243164 0.263589
0.245117 0.265671
0.24707 0.267752
0.249023 0.269832
0.250977 0.271911
0.25293 0.273989
0.254883 0.276066
0.256836 0.278143
0.258789 0.280218
0.260742 0.282293
0.262695 0.284367
0.264648 0.28644
0.266602 0.288512
0.268555 0.290583
0.270508 0.292654
0.272461 0.294723
0.274414 0.296791
0.276367 0.298859
0.27832 0.300926
0.280273 0.302991
0.282227 0.305056
0.28418 0.30712
0.286133 0.309183
0.288086 0.311245
0.290039 0.313306
0.291992 0.315366
0.293945 0.317425
0.295898 0.319483
0.297852 0.321541
0.299805 0.323597
0.301758 0.325652
0.303711 0.327706
0.305664 0.329759
0.307617 0.331812
0.30957 0.333863
0.311523 0.335913
0.313477 0.337962
0.31543 0.34001
0.317383 0.342057
0.319336 0.344103
0.321289 0.346149
0.323242 0.348193
0.325195 0.350235
0.327148 0.352277
0.329102 0.354318
0.331055 0.356358
0.333008 0.358397
0.334961 0.360434
0.336914 0.362471
0.338867 0.364506
0.34082 0.36654
0.342773 0.368574
0.344727 0.370606
0.34668 0.372637
0.348633 0.374667
0.350586 0.376695
0.352539 0.378723
0.354492 0.380749
0.356445 0.382775
0.358398 0.384799
0.360352 0.386822
0.362305 0.388844
0.364258 0.390865
0.366211 0.392884
0.368164 0.394903
0.370117 0.39692
0.37207 0.398936
0.374023 0.400951
0.375977 0.402964
0.37793 0.404977
0.379883 0.406988
0.381836 0.408998
0.383789 0.411007
0.385742 0.413015
0.387695 0.415021
0.389648 0.417026
0.391602 0.41903
0.393555 0.421033
0.395508 0.423034
0.397461 0.425034
0.399414 0.427033
0.401367 0.42903
0.40332 0.431027
0.405273 0.433022
0.407227 0.435016
0.40918 0.437008
0.411133 0.438999
0.413086 0.440989
0.415039 0.442978
0.416992 0.444965
0.418945 0.446951
0.420898 0.448935
0.422852 0.450919
0.424805 0.452901
0.426758 0.454881
0.428711 0.45686
0.430664 0.458838
0.432617 0.460815
0.43457 0.46279
0.436523 0.464764
0.438477 0.466736
0.44043 0.468707
0.442383 0.470677
0.444336 0.472645
0.446289 0.474612
0.448242 0.476577
0.450195 0.478541
0.452148 0.480504
0.454102 0.482465
0.456055 0.484424
0.458008 0.486383
0.459961 0.488339
0.461914 0.490295
0.463867 0.492249
0.46582 0.494201
0.467773 0.496152
0.469727 0.498101
0.47168 0.500049
0.473633 0.501996
0.475586 0.503941
0.477539 0.505884
0.479492 0.507826
0.481445 0.509767
0.483398 0.511705
0.485352 0.513643
0.487305 0.515579
0.489258 0.517513
0.491211 0.519445
0.493164 0.521377
0.495117 0.523306
0.49707 0.525234
0.499023 0.527161
0.500977 0.529085
0.50293 0.531009
0.504883 0.53293
0.506836 0.53485
0.508789 0.536769
0.510742 0.538685
0.512695 0.5406
0.514648 0.542514
0.516602 0.544426
0.518555 0.546336
0.520508 0.548244
0.522461 0.550151
0.524414 0.552056
0.526367 0.55396
0.52832 0.555862
0.530273 0.557762
0.532227 0.55966
0.53418 0.561557
0.536133 0.563451
0.538086 0.565345
0.540039 0.567236
0.541992 0.569126
0.543945 0.571014
0.545898 0.5729
0.547852 0.574784
0.549805 0.576667
0.551758 0.578547
0.553711 0.580426
0.555664 0.582304
0.557617 0.584179
0.55957 0.586052
0.561523 0.587924
0.563477 0.589794
0.56543 0.591662
0.567383 0.593528
0.569336 0.595392
0.571289 0.597255
0.573242 0.599115
0.575195 0.600974
0.577148 0.60283
0.579102 0.604685
0.581055 0.606538
0.583008 0.608389
0.584961 0.610238
0.586914 0.612085
0.588867 0.61393
0.59082 0.615773
0.592773 0.617614
0.594727 0.619453
0.59668 0.62129
0.598633 0.623125
0.600586 0.624958
0.602539 0.626789
0.604492 0.628618
0.606445 0.630444
0.608398 0.632269
0.610352 0.634092
0.612305 0.635913
0.614258 0.637731
0.616211 0.639547
0.618164 0.641362
0.620117 0.643174
0.62207 0.644984
0.624023 0.646792
0.625977 0.648597
0.62793 0.650401
0.629883 0.652202
0.631836 0.654001
0.633789 0.655798
0.635742 0.657593
0.637695 0.659385
0.639648 0.661175
0.641602 0.662963
0.643555 0.664749
0.645508 0.666532
0.647461 0.668313
0.649414 0.670092
0.651367 0.671868
0.65332 0.673642
0.655273 0.675414
0.657227 0.677183
0.65918 0.67895
0.661133 0.680714
0.663086 0.682476
0.665039 0.684236
0.666992 0.685993
0.668945 0.687748
0.670898 0.689501
0.672852 0.69125
0.674805 0.692998
0.676758 0.694743
0.678711 0.696485
0.680664 0.698225
0.682617 0.699962
0.68457 0.701697
0.686523 0.703429
0.688477 0.705158
0.69043 0.706885
0.692383 0.708609
0.694336 0.710331
0.696289 0.71205
0.698242 0.713766
0.700195 0.71548
0.702148 0.717191
0.704102 0.718899
0.706055 0.720604
0.708008 0.722307
0.709961 0.724007
0.711914 0.725704
0.713867 0.727398
0.71582 0.729089
0.717773 0.730778
0.719727 0.732464
0.72168 0.734146
0.723633 0.735826
0.725586 0.737503
0.727539 0.739177
0.729492 0.740848
0.731445 0.742516
0.733398 0.744181
0.735352 0.745843
0.737305 0.747502
0.739258 0.749158
0.741211 0.750811
0.743164 0.752461
0.745117 0.754107
0.74707 0.755751
0.749023 0.757391
0.750977 0.759028
0.75293 0.760662
0.754883 0.762292
0.756836 0.76392
0.758789 0.765544
0.760742 0.767164
0.762695 0.768782
0.764648 0.770396
0.766602 0.772007
0.768555 0.773614
0.770508 0.775218
0.772461 0.776818
0.774414 0.778415
0.776367 0.780008
0.77832 0.781598
0.780273 0.783184
0.782227 0.784767
0.78418 0.786346
0.786133 0.787921
0.788086 0.789493
0.790039 0.791061
0.791992 0.792626
0.793945 0.794186
0.795898 0.795743
0.797852 0.797296
0.799805 0.798845
0.801758 0.80039
0.803711 0.801931
0.805664 0.803469
0.807617 0.805002
0.80957 0.806531
0.811523 0.808057
0.813477 0.809578
0.81543 0.811095
0.817383 0.812608
0.819336 0.814117
0.821289 0.815621
0.823242 0.817121
0.825195 0.818617
0.827148 0.820109
0.829102 0.821596
0.831055 0.823079
0.833008 0.824557
0.834961 0.826031
0.836914 0.827501
0.838867 0.828965
0.84082 0.830426
0.842773 0.831881
0.844727 0.833332
0.84668 0.834778
0.848633 0.836219
0.850586 0.837655
0.852539 0.839086
0.854492 0.840512
0.856445 0.841934
0.858398 0.84335
0.860352 0.84476
0.862305 0.846166
0.864258 0.847566
0.866211 0.848961
0.868164 0.85035
0.870117 0.851734
0.87207 0.853112
0.874023 0.854484
0.875977 0.855849
0.87793 0.857209
0.879883 0.858562
0.881836 0.859909
0.883789 0.861249
0.885742 0.862582
0.887695 0.863907
0.889648 0.865224
0.891602 0.866534
0.893555 0.867834
0.895508 0.869125
0.897461 0.870407
0.899414 0.871677
0.901367 0.872935
0.90332 0.874181
0.905273 0.875412
0.907227 0.876628
0.90918 0.877825
0.911133 0.879002
0.913086 0.880157
0.915039 0.881285
0.916992 0.882384
0.918945 0.883447
0.920898 0.884471
0.922852 0.885448
0.924805 0.88637
0.926758 0.887228
0.928711 0.88801
0.930664 0.888704
0.932617 0.889293
0.93457 0.889758
0.936523 0.890075
0.938477 0.890217
0.94043 0.890152
0.942383 0.88984
0.944336 0.889235
0.946289 0.888281
0.948242 0.886912
0.950195 0.88505
0.952148 0.882602
0.954102 0.879459
0.956055 0.87549
0.958008 0.870546
0.959961 0.864448
0.961914 0.85699
0.963867 0.847935
0.96582 0.837009
0.967773 0.823903
0.969727 0.808269
0.97168 0.789721
0.973633 0.767843
0.975586 0.742189
0.977539 0.712304
0.979492 0.677733
0.981445 0.638054
0.983398 0.592905
0.985352 0.542025
0.987305 0.48529
0.989258 0.422764
0.991211 0.354726
0.993164 0.2817
0.995117 0.204461
0.99707 0.124018
0.999023 0.0415671
1 0
