0 0
0.000976562 0.00106294
0.00292969 0.00318882
0.00488281 0.00531469
0.00683594 0.00744055
0.00878906 0.00956638
0.0107422 0.0116922
0.0126953 0.0138179
0.0146484 0.0159436
0.0166016 0.0180693
0.0185547 0.0201949
0.0205078 0.0223204
0.0224609 0.0244459
0.0244141 0.0265713
0.0263672 0.0286966
0.0283203 0.0308217
0.0302734 0.0329468
0.0322266 0.0350718
0.0341797 0.0371967
0.0361328 0.0393214
0.0380859 0.041446
0.0400391 0.0435705
0.0419922 0.0456948
0.0439453 0.047819
0.0458984 0.049943
0.0478516 0.0520669
0.0498047 0.0541906
0.0517578 0.0563141
0.0537109 0.0584374
0.0556641 0.0605605
0.0576172 0.0626834
0.0595703 0.0648062
0.0615234 0.0669287
0.0634766 0.0690509
0.0654297 0.071173
0.0673828 0.0732948
0.0693359 0.0754164
0.0712891 0.0775377
0.0732422 0.0796588
0.0751953 0.0817796
0.0771484 0.0839002
0.0791016 0.0860204
0.0810547 0.0881404
0.0830078 0.0902601
0.0849609 0.0923795
0.0869141 0.0944986
0.0888672 0.0966174
0.0908203 0.0987358
0.0927734 0.100854
0.0947266 0.102972
0.0966797 0.105089
0.0986328 0.107206
0.100586 0.109323
0.102539 0.11144
0.104492 0.113556
0.106445 0.115671
0.108398 0.117787
0.110352 0.119902
0.112305 0.122016
0.114258 0.12413
0.116211 0.126244
0.118164 0.128357
0.120117 0.13047
0.12207 0.132583
0.124023 0.134695
0.125977 0.136806
0.12793 0.138917
0.129883 0.141028
0.131836 0.143138
0.133789 0.145248
0.135742 0.147358
0.137695 0.149466
0.139648 0.151575
0.141602 0.153683
0.143555 0.15579
0.145508 0.157897
0.147461 0.160003
0.149414 0.162109
0.151367 0.164214
0.15332 0.166319
0.155273 0.168424
0.157227 0.170527
0.15918 0.17263
0.161133 0.174733
0.163086 0.176835
0.165039 0.178937
0.166992 0.181038
0.168945 0.183138
0.170898 0.185238
0.172852 0.187337
0.174805 0.189435
0.176758 0.191533
0.178711 0.193631
0.180664 0.195728
0.182617 0.197824
0.18457 0.199919
0.186523 0.202014
0.188477 0.204108
0.19043 0.206202
0.192383 0.208295
0.194336 0.210387
0.196289 0.212479
0.198242 0.21457
0.200195 0.21666
0.202148 0.21875
0.204102 0.220838
0.206055 0.222927
0.208008 0.225014
0.209961 0.227101
0.211914 0.229187
0.213867 0.231272
0.21582 0.233357
0.217773 0.235441
0.219727 0.237524
0.22168 0.239607
0.223633 0.241688
0.225586 0.243769
0.227539 0.245849
0.229492 0.247929
0.231445 0.250007
0.233398 0.252085
0.235352 0.254162
0.237305 0.256239
0.239258 0.258314
0.241211 0.260389
0.243164 0.262463
0.245117 0.264536
0.24707 0.266608
0.249023 0.26868
0.250977 0.27075
0.25293 0.27282
0.254883 0.274889
0.256836 0.276957
0.258789 0.279025
0.260742 0.281091
0.262695 0.283156
0.264648 0.285221
0.266602 0.287285
0.268555 0.289348
0.270508 0.29141
0.272461 0.293471
0.274414 0.295531
0.276367 0.297591
0.27832 0.299649
0.280273 0.301707
0.282227 0.303763
0.28418 0.305819
0.286133 0.307874
0.288086 0.309928
0.290039 0.311981
0.291992 0.314033
0.293945 0.316084
0.295898 0.318134
0.297852 0.320183
0.299805 0.322231
0.301758 0.324278
0.303711 0.326325
0.305664 0.32837
0.307617 0.330414
0.30957 0.332457
0.311523 0.334499
0.313477 0.336541
0.31543 0.338581
0.317383 0.34062
0.319336 0.342658
0.321289 0.344696
0.323242 0.346732
0.325195 0.348767
0.327148 0.350801
0.329102 0.352834
0.331055 0.354866
0.333008 0.356897
0.334961 0.358927
0.336914 0.360955
0.338867 0.362983
0.34082 0.36501
0.342773 0.367035
0.344727 0.36906
0.34668 0.371083
0.348633 0.373105
0.350586 0.375127
0.352539 0.377147
0.354492 0.379166
0.356445 0.381183
0.358398 0.3832
0.360352 0.385216
0.362305 0.38723
0.364258 0.389243
0.366211 0.391255
0.368164 0.393266
0.370117 0.395276
0.37207 0.397285
0.374023 0.399292
0.375977 0.401299
0.37793 0.403304
0.379883 0.405308
0.381836 0.40731
0.383789 0.409312
0.385742 0.411312
0.387695 0.413311
0.389648 0.415309
0.391602 0.417306
0.393555 0.419302
0.395508 0.421296
0.397461 0.423289
0.399414 0.425281
0.401367 0.427271
0.40332 0.42926
0.405273 0.431248
0.407227 0.433235
0.40918 0.43522
0.411133 0.437205
0.413086 0.439187
0.415039 0.441169
0.416992 0.443149
0.418945 0.445128
0.420898 0.447106
0.422852 0.449083
0.424805 0.451058
0.426758 0.453031
0.428711 0.455004
0.430664 0.456975
0.432617 0.458945
0.43457 0.460913
0.436523 0.46288
0.438477 0.464846
0.44043 0.46681
0.442383 0.468773
0.444336 0.470735
0.446289 0.472695
0.448242 0.474654
0.450195 0.476611
0.452148 0.478567
0.454102 0.480522
0.456055 0.482475
0.458008 0.484427
0.459961 0.486377
0.461914 0.488326
0.463867 0.490273
0.46582 0.492219
0.467773 0.494164
0.469727 0.496107
0.47168 0.498049
0.473633 0.499989
0.475586 0.501928
0.477539 0.503865
0.479492 0.5058
0.481445 0.507735
0.483398 0.509667
0.485352 0.511599
0.487305 0.513528
0.489258 0.515457
0.491211 0.517383
0.493164 0.519308
0.495117 0.521232
0.49707 0.523154
0.499023 0.525074
0.500977 0.526993
0.50293 0.52891
0.504883 0.530826
0.506836 0.53274
0.508789 0.534653
0.510742 0.536564
0.512695 0.538473
0.514648 0.540381
0.516602 0.542287
0.518555 0.544191
0.520508 0.546094
0.522461 0.547995
0.524414 0.549895
0.526367 0.551793
0.52832 0.553689
0.530273 0.555584
0.532227 0.557476
0.53418 0.559368
0.536133 0.561257
0.538086 0.563145
0.540039 0.565031
0.541992 0.566915
0.543945 0.568798
0.545898 0.570679
0.547852 0.572558
0.549805 0.574435
0.551758 0.576311
0.553711 0.578184
0.555664 0.580056
0.557617 0.581927
0.55957 0.583795
0.561523 0.585662
0.563477 0.587526
0.56543 0.589389
0.567383 0.591251
0.569336 0.59311
0.571289 0.594967
0.573242 0.596823
0.575195 0.598677
0.577148 0.600529
0.579102 0.602379
0.581055 0.604227
0.583008 0.606073
0.584961 0.607917
0.586914 0.609759
0.588867 0.6116
0.59082 0.613438
0.592773 0.615275
0.594727 0.617109
0.59668 0.618942
0.598633 0.620772
0.600586 0.622601
0.602539 0.624428
0.604492 0.626252
0.606445 0.628075
0.608398 0.629895
0.610352 0.631714
0.612305 0.63353
0.614258 0.635344
0.616211 0.637157
0.618164 0.638967
0.620117 0.640775
0.62207 0.642581
0.624023 0.644385
0.625977 0.646186
0.62793 0.647986
0.629883 0.649783
0.631836 0.651579
0.633789 0.653372
0.635742 0.655163
0.637695 0.656951
0.639648 0.658738
0.641602 0.660522
0.643555 0.662304
0.645508 0.664084
0.647461 0.665861
0.649414 0.667637
0.651367 0.669409
0.65332 0.67118
0.655273 0.672948
0.657227 0.674714
0.65918 0.676478
0.661133 0.678239
0.663086 0.679998
0.665039 0.681755
0.666992 0.683509
0.668945 0.685261
0.670898 0.68701
0.672852 0.688757
0.674805 0.690502
0.676758 0.692244
0.678711 0.693983
0.680664 0.69572
0.682617 0.697455
0.68457 0.699187
0.686523 0.700916
0.688477 0.702643
0.69043 0.704368
0.692383 0.706089
0.694336 0.707809
0.696289 0.709525
0.698242 0.711239
0.700195 0.71295
0.702148 0.714659
0.704102 0.716365
0.706055 0.718068
0.708008 0.719769
0.709961 0.721467
0.711914 0.723162
0.713867 0.724854
0.71582 0.726544
0.717773 0.72823
0.719727 0.729914
0.72168 0.731595
0.723633 0.733274
0.725586 0.734949
0.727539 0.736621
0.729492 0.738291
0.731445 0.739958
0.733398 0.741621
0.735352 0.743282
0.737305 0.74494
0.739258 0.746594
0.741211 0.748246
0.743164 0.749895
0.745117 0.75154
0.74707 0.753183
0.749023 0.754822
0.750977 0.756458
0.75293 0.758092
0.754883 0.759721
0.756836 0.761348
0.758789 0.762972
0.760742 0.764592
0.762695 0.766209
0.764648 0.767823
0.766602 0.769433
0.768555 0.77104
0.770508 0.772644
0.772461 0.774244
0.774414 0.775841
0.776367 0.777434
0.77832 0.779024
0.780273 0.780611
0.782227 0.782194
0.78418 0.783773
0.786133 0.785349
0.788086 0.786921
0.790039 0.78849
0.791992 0.790055
0.793945 0.791616
0.795898 0.793174
0.797852 0.794727
0.799805 0.796277
0.801758 0.797824
0.803711 0.799366
0.805664 0.800905
0.807617 0.802439
0.80957 0.80397
0.811523 0.805497
0.813477 0.80702
0.81543 0.808538
0.817383 0.810053
0.819336 0.811564
0.821289 0.81307
0.823242 0.814573
0.825195 0.816071
0.827148 0.817565
0.829102 0.819054
0.831055 0.820539
0.833008 0.82202
0.834961 0.823497
0.836914 0.824969
0.838867 0.826436
0.84082 0.827899
0.842773 0.829358
0.844727 0.830812
0.84668 0.832261
0.848633 0.833705
0.850586 0.835145
0.852539 0.83658
0.854492 0.83801
0.856445 0.839435
0.858398 0.840855
0.860352 0.84227
0.862305 0.843679
0.864258 0.845084
0.866211 0.846483
0.868164 0.847877
0.870117 0.849265
0.87207 0.850648
0.874023 0.852024
0.875977 0.853395
0.87793 0.85476
0.879883 0.856119
0.881836 0.857471
0.883789 0.858816
0.885742 0.860154
0.887695 0.861486
0.889648 0.862809
0.891602 0.864124
0.893555 0.865431
0.895508 0.866729
0.897461 0.868016
0.899414 0.869293
0.901367 0.870558
0.90332 0.871811
0.905273 0.873049
0.907227 0.874271
0.90918 0.875475
0.911133 0.87666
0.913086 0.877821
0.915039 0.878957
0.916992 0.880062
0.918945 0.881133
0.920898 0.882163
0.922852 0.883147
0.924805 0.884076
0.926758 0.88494
0.928711 0.885729
0.930664 0.886429
0.932617 0.887023
0.93457 0.887493
0.936523 0.887815
0.938477 0.887961
0.94043 0.8879
0.942383 0.88759
0.944336 0.886987
0.946289 0.886033
0.948242 0.884664
0.950195 0.8828
0.952148 0.880349
0.954102 0.877201
0.956055 0.873227
0.958008 0.868275
0.959961 0.862169
0.961914 0.854703
0.963867 0.84564
0.96582 0.834706
0.967773 0.821594
0.969727 0.805957
0.97168 0.787412
0.973633 0.765543
0.975586 0.739908
0.977539 0.710055
0.979492 0.675533
0.981445 0.635924
0.983398 0.59087
0.985352 0.540113
0.987305 0.483534
0.989258 0.421198
0.991211 0.353384
0.993164 0.280616
0.995117 0.203664
0.99707 0.123529
0.999023 0.0414026
1 0
