0 0
0.000976562 0.00104688
0.00292969 0.00314064
0.00488281 0.00523439
0.00683594 0.00732812
0.00878906 0.00942183
0.0107422 0.0115155
0.0126953 0.0136092
0.0146484 0.0157028
0.0166016 0.0177963
0.0185547 0.0198898
0.0205078 0.0219832
0.0224609 0.0240766
0.0244141 0.0261699
0.0263672 0.0282631
0.0283203 0.0303562
0.0302734 0.0324492
0.0322266 0.0345421
0.0341797 0.0366349
0.0361328 0.0387276
0.0380859 0.0408202
0.0400391 0.0429126
0.0419922 0.0450049
0.0439453 0.0470971
0.0458984 0.0491891
0.0478516 0.051281
0.0498047 0.0533726
0.0517578 0.0554642
0.0537109 0.0575555
0.0556641 0.0596467
0.0576172 0.0617377
0.0595703 0.0638285
0.0615234 0.065919
0.0634766 0.0680094
0.0654297 0.0700996
0.0673828 0.0721895
0.0693359 0.0742792
0.0712891 0.0763687
0.0732422 0.0784579
0.0751953 0.0805469
0.0771484 0.0826357
0.0791016 0.0847241
0.0810547 0.0868124
0.0830078 0.0889003
0.0849609 0.090988
0.0869141 0.0930753
0.0888672 0.0951624
0.0908203 0.0972492
0.0927734 0.0993357
0.0947266 0.101422
0.0966797 0.103508
0.0986328 0.105593
0.100586 0.107678
0.102539 0.109763
0.104492 0.111848
0.106445 0.113932
0.108398 0.116016
0.110352 0.118099
0.112305 0.120182
0.114258 0.122265
0.116211 0.124347
0.118164 0.126429
0.120117 0.128511
0.12207 0.130592
0.124023 0.132673
0.125977 0.134753
0.12793 0.136833
0.129883 0.138913
0.131836 0.140992
0.133789 0.14307
0.135742 0.145148
0.137695 0.147226
0.139648 0.149303
0.141602 0.15138
0.143555 0.153457
0.145508 0.155532
0.147461 0.157608
0.149414 0.159683
0.151367 0.161757
0.15332 0.163831
0.155273 0.165905
0.157227 0.167977
0.15918 0.17005
0.161133 0.172122
0.163086 0.174193
0.165039 0.176264
0.166992 0.178334
0.168945 0.180404
0.170898 0.182473
0.172852 0.184542
0.174805 0.18661
0.176758 0.188677
0.178711 0.190744
0.180664 0.192811
0.182617 0.194876
0.18457 0.196941
0.186523 0.199006
0.188477 0.20107
0.19043 0.203133
0.192383 0.205196
0.194336 0.207258
0.196289 0.20932
0.198242 0.211381
0.200195 0.213441
0.202148 0.2155
0.204102 0.217559
0.206055 0.219618
0.208008 0.221675
0.209961 0.223732
0.211914 0.225788
0.213867 0.227844
0.21582 0.229899
0.217773 0.231953
0.219727 0.234007
0.22168 0.23606
0.223633 0.238112
0.225586 0.240163
0.227539 0.242214
0.229492 0.244264
0.231445 0.246313
0.233398 0.248362
0.235352 0.250409
0.237305 0.252457
0.239258 0.254503
0.241211 0.256548
0.243164 0.258593
0.245117 0.260637
0.24707 0.26268
0.249023 0.264723
0.250977 0.266765
0.25293 0.268806
0.254883 0.270846
0.256836 0.272885
0.258789 0.274924
0.260742 0.276961
0.262695 0.278998
0.264648 0.281034
0.266602 0.28307
0.268555 0.285104
0.270508 0.287138
0.272461 0.28917
0.274414 0.291202
0.276367 0.293233
0.27832 0.295264
0.280273 0.297293
0.282227 0.299321
0.28418 0.301349
0.286133 0.303376
0.288086 0.305402
0.290039 0.307427
0.291992 0.309451
0.293945 0.311474
0.295898 0.313496
0.297852 0.315518
0.299805 0.317538
0.301758 0.319558
0.303711 0.321576
0.305664 0.323594
0.307617 0.325611
0.30957 0.327627
0.311523 0.329641
0.313477 0.331655
0.31543 0.333668
0.317383 0.33568
0.319336 0.337691
0.321289 0.339702
0.323242 0.341711
0.325195 0.343719
0.327148 0.345726
0.329102 0.347732
0.331055 0.349737
0.333008 0.351742
0.334961 0.353745
0.336914 0.355747
0.338867 0.357748
0.34082 0.359748
0.342773 0.361747
0.344727 0.363745
0.34668 0.365742
0.348633 0.367738
0.350586 0.369733
0.352539 0.371727
0.354492 0.37372
0.356445 0.375712
0.358398 0.377703
0.360352 0.379692
0.362305 0.381681
0.364258 0.383668
0.366211 0.385655
0.368164 0.38764
0.370117 0.389624
0.37207 0.391607
0.374023 0.393589
0.375977 0.39557
0.37793 0.39755
0.379883 0.399529
0.381836 0.401506
0.383789 0.403483
0.385742 0.405458
0.387695 0.407432
0.389648 0.409405
0.391602 0.411377
0.393555 0.413347
0.395508 0.415317
0.397461 0.417285
0.399414 0.419252
0.401367 0.421218
0.40332 0.423183
0.405273 0.425147
0.407227 0.427109
0.40918 0.42907
0.411133 0.43103
0.413086 0.432989
0.415039 0.434947
0.416992 0.436903
0.418945 0.438858
0.420898 0.440812
0.422852 0.442764
0.424805 0.444716
0.426758 0.446666
0.428711 0.448615
0.430664 0.450562
0.432617 0.452509
0.43457 0.454454
0.436523 0.456398
0.438477 0.45834
0.44043 0.460281
0.442383 0.462221
0.444336 0.46416
0.446289 0.466097
0.448242 0.468033
0.450195 0.469968
0.452148 0.471901
0.454102 0.473833
0.456055 0.475764
0.458008 0.477693
0.459961 0.479621
0.461914 0.481548
0.463867 0.483473
0.46582 0.485397
0.467773 0.487319
0.469727 0.48924
0.47168 0.49116
0.473633 0.493079
0.475586 0.494996
0.477539 0.496911
0.479492 0.498825
0.481445 0.500738
0.483398 0.502649
0.485352 0.504559
0.487305 0.506468
0.489258 0.508375
0.491211 0.51028
0.493164 0.512184
0.495117 0.514087
0.49707 0.515988
0.499023 0.517888
0.500977 0.519786
0.50293 0.521683
0.504883 0.523578
0.506836 0.525472
0.508789 0.527364
0.510742 0.529255
0.512695 0.531144
0.514648 0.533032
0.516602 0.534918
0.518555 0.536803
0.520508 0.538686
0.522461 0.540567
0.524414 0.542447
0.526367 0.544326
0.52832 0.546202
0.530273 0.548078
0.532227 0.549951
0.53418 0.551823
0.536133 0.553694
0.538086 0.555563
0.540039 0.55743
0.541992 0.559296
0.543945 0.561159
0.545898 0.563022
0.547852 0.564882
0.549805 0.566741
0.551758 0.568599
0.553711 0.570454
0.555664 0.572308
0.557617 0.574161
0.55957 0.576011
0.561523 0.57786
0.563477 0.579707
0.56543 0.581553
0.567383 0.583397
0.569336 0.585239
0.571289 0.587079
0.573242 0.588917
0.575195 0.590754
0.577148 0.592589
0.579102 0.594422
0.581055 0.596254
0.583008 0.598083
0.584961 0.599911
0.586914 0.601737
0.588867 0.603561
0.59082 0.605384
0.592773 0.607204
0.594727 0.609023
0.59668 0.61084
0.598633 0.612654
0.600586 0.614467
0.602539 0.616279
0.604492 0.618088
0.606445 0.619895
0.608398 0.621701
0.610352 0.623504
0.612305 0.625306
0.614258 0.627105
0.616211 0.628903
0.618164 0.630699
0.620117 0.632492
0.62207 0.634284
0.624023 0.636074
0.625977 0.637862
0.62793 0.639647
0.629883 0.641431
0.631836 0.643213
0.633789 0.644992
0.635742 0.64677
0.637695 0.648546
0.639648 0.650319
0.641602 0.65209
0.643555 0.653859
0.645508 0.655627
0.647461 0.657392
0.649414 0.659154
0.651367 0.660915
0.65332 0.662674
0.655273 0.66443
0.657227 0.666184
0.65918 0.667936
0.661133 0.669686
0.663086 0.671433
0.665039 0.673179
0.666992 0.674922
0.668945 0.676663
0.670898 0.678401
0.672852 0.680137
0.674805 0.681871
0.676758 0.683603
0.678711 0.685332
0.680664 0.687059
0.682617 0.688784
0.68457 0.690506
0.686523 0.692226
0.688477 0.693943
0.69043 0.695659
0.692383 0.697371
0.694336 0.699081
0.696289 0.700789
0.698242 0.702495
0.700195 0.704197
0.702148 0.705898
0.704102 0.707596
0.706055 0.709291
0.708008 0.710984
0.709961 0.712674
0.711914 0.714362
0.713867 0.716047
0.71582 0.717729
0.717773 0.719409
0.719727 0.721086
0.72168 0.722761
0.723633 0.724433
0.725586 0.726102
0.727539 0.727768
0.729492 0.729432
0.731445 0.731093
0.733398 0.732751
0.735352 0.734407
0.737305 0.73606
0.739258 0.737709
0.741211 0.739357
0.743164 0.741001
0.745117 0.742642
0.74707 0.744281
0.749023 0.745916
0.750977 0.747549
0.75293 0.749178
0.754883 0.750805
0.756836 0.752429
0.758789 0.75405
0.760742 0.755667
0.762695 0.757282
0.764648 0.758894
0.766602 0.760502
0.768555 0.762108
0.770508 0.76371
0.772461 0.765309
0.774414 0.766905
0.776367 0.768498
0.77832 0.770087
0.780273 0.771673
0.782227 0.773256
0.78418 0.774836
0.786133 0.776412
0.788086 0.777985
0.790039 0.779555
0.791992 0.781121
0.793945 0.782684
0.795898 0.784244
0.797852 0.785799
0.799805 0.787352
0.801758 0.788901
0.803711 0.790446
0.805664 0.791988
0.807617 0.793526
0.80957 0.79506
0.811523 0.796591
0.813477 0.798118
0.81543 0.799641
0.817383 0.801161
0.819336 0.802677
0.821289 0.804189
0.823242 0.805697
0.825195 0.807201
0.827148 0.808701
0.829102 0.810197
0.831055 0.81169
0.833008 0.813178
0.834961 0.814662
0.836914 0.816142
0.838867 0.817618
0.84082 0.81909
0.842773 0.820558
0.844727 0.822021
0.84668 0.82348
0.848633 0.824934
0.850586 0.826384
0.852539 0.82783
0.854492 0.829271
0.856445 0.830708
0.858398 0.83214
0.860352 0.833567
0.862305 0.834989
0.864258 0.836407
0.866211 0.83782
0.868164 0.839227
0.870117 0.84063
0.87207 0.842027
0.874023 0.843419
0.875977 0.844805
0.87793 0.846186
0.879883 0.847561
0.881836 0.84893
0.883789 0.850293
0.885742 0.851649
0.887695 0.852998
0.889648 0.85434
0.891602 0.855674
0.893555 0.857
0.895508 0.858317
0.897461 0.859624
0.899414 0.860921
0.901367 0.862207
0.90332 0.86348
0.905273 0.864739
0.907227 0.865983
0.90918 0.867209
0.911133 0.868415
0.913086 0.869598
0.915039 0.870755
0.916992 0.871882
0.918945 0.872974
0.920898 0.874025
0.922852 0.875029
0.924805 0.875978
0.926758 0.876862
0.928711 0.877668
0.930664 0.878385
0.932617 0.878994
0.93457 0.879478
0.936523 0.879811
0.938477 0.879966
0.94043 0.879911
0.942383 0.879604
0.944336 0.879
0.946289 0.878042
0.948242 0.876664
0.950195 0.874787
0.952148 0.872319
0.954102 0.869148
0.956055 0.865147
0.958008 0.860164
0.959961 0.854024
0.961914 0.846521
0.963867 0.83742
0.96582 0.826452
0.967773 0.813312
0.969727 0.797659
0.97168 0.779115
0.973633 0.757274
0.975586 0.731703
0.977539 0.701962
0.979492 0.667614
0.981445 0.628254
0.983398 0.58354
0.985352 0.533227
0.987305 0.477208
0.989258 0.415555
0.991211 0.34855
0.993164 0.276709
0.995117 0.200789
0.99707 0.12177
0.999023 0.04081
1 0
