0 0
0.000976562 0.000995343
0.00292969 0.00298603
0.00488281 0.0049767
0.00683594 0.00696736
0.00878906 0.008958
0.0107422 0.0109486
0.0126953 0.0129392
0.0146484 0.0149298
0.0166016 0.0169203
0.0185547 0.0189107
0.0205078 0.0209012
0.0224609 0.0228915
0.0244141 0.0248818
0.0263672 0.026872
0.0283203 0.0288622
0.0302734 0.0308523
0.0322266 0.0328423
0.0341797 0.0348322
0.0361328 0.036822
0.0380859 0.0388117
0.0400391 0.0408013
0.0419922 0.0427908
0.0439453 0.0447802
0.0458984 0.0467694
0.0478516 0.0487585
0.0498047 0.0507475
0.0517578 0.0527364
0.0537109 0.0547251
0.0556641 0.0567137
0.0576172 0.0587021
0.0595703 0.0606904
0.0615234 0.0626784
0.0634766 0.0646664
0.0654297 0.0666541
0.0673828 0.0686417
0.0693359 0.0706291
0.0712891 0.0726163
0.0732422 0.0746033
0.0751953 0.07659
0.0771484 0.0785766
0.0791016 0.080563
0.0810547 0.0825492
0.0830078 0.0845351
0.0849609 0.0865208
0.0869141 0.0885063
0.0888672 0.0904915
0.0908203 0.0924765
0.0927734 0.0944612
0.0947266 0.0964457
0.0966797 0.09843
0.0986328 0.100414
0.100586 0.102398
0.102539 0.104381
0.104492 0.106364
0.106445 0.108347
0.108398 0.11033
0.110352 0.112312
0.112305 0.114294
0.114258 0.116275
0.116211 0.118257
0.118164 0.120238
0.120117 0.122219
0.12207 0.124199
0.124023 0.126179
0.125977 0.128159
0.12793 0.130138
0.129883 0.132117
0.131836 0.134096
0.133789 0.136074
0.135742 0.138052
0.137695 0.14003
0.139648 0.142007
0.141602 0.143984
0.143555 0.14596
0.145508 0.147936
0.147461 0.149912
0.149414 0.151887
0.151367 0.153862
0.15332 0.155837
0.155273 0.157811
0.157227 0.159784
0.15918 0.161757
0.161133 0.16373
0.163086 0.165703
0.165039 0.167675
0.166992 0.169646
0.168945 0.171617
0.170898 0.173588
0.172852 0.175558
0.174805 0.177527
0.176758 0.179497
0.178711 0.181465
0.180664 0.183434
0.182617 0.185401
0.18457 0.187369
0.186523 0.189335
0.188477 0.191302
0.19043 0.193268
0.192383 0.195233
0.194336 0.197198
0.196289 0.199162
0.198242 0.201126
0.200195 0.203089
0.202148 0.205052
0.204102 0.207014
0.206055 0.208975
0.208008 0.210936
0.209961 0.212897
0.211914 0.214857
0.213867 0.216816
0.21582 0.218775
0.217773 0.220733
0.219727 0.222691
0.22168 0.224648
0.223633 0.226605
0.225586 0.228561
0.227539 0.230516
0.229492 0.232471
0.231445 0.234425
0.233398 0.236379
0.235352 0.238332
0.237305 0.240284
0.239258 0.242236
0.241211 0.244187
0.243164 0.246138
0.245117 0.248088
0.24707 0.250037
0.249023 0.251985
0.250977 0.253933
0.25293 0.255881
0.254883 0.257827
0.256836 0.259773
0.258789 0.261719
0.260742 0.263663
0.262695 0.265607
0.264648 0.267551
0.266602 0.269493
0.268555 0.271435
0.270508 0.273377
0.272461 0.275317
0.274414 0.277257
0.276367 0.279196
0.27832 0.281135
0.280273 0.283072
0.282227 0.28501
0.28418 0.286946
0.286133 0.288881
0.288086 0.290816
0.290039 0.29275
0.291992 0.294684
0.293945 0.296617
0.295898 0.298548
0.297852 0.30048
0.299805 0.30241
0.301758 0.30434
0.303711 0.306269
0.305664 0.308197
0.307617 0.310124
0.30957 0.312051
0.311523 0.313976
0.313477 0.315901
0.31543 0.317826
0.317383 0.319749
0.319336 0.321672
0.321289 0.323594
0.323242 0.325515
0.325195 0.327435
0.327148 0.329354
0.329102 0.331273
0.331055 0.33319
0.333008 0.335107
0.334961 0.337023
0.336914 0.338939
0.338867 0.340853
0.34082 0.342767
0.342773 0.344679
0.344727 0.346591
0.34668 0.348502
0.348633 0.350412
0.350586 0.352322
0.352539 0.35423
0.354492 0.356138
0.356445 0.358044
0.358398 0.35995
0.360352 0.361855
0.362305 0.363759
0.364258 0.365662
0.366211 0.367564
0.368164 0.369465
0.370117 0.371366
0.37207 0.373265
0.374023 0.375164
0.375977 0.377061
0.37793 0.378958
0.379883 0.380854
0.381836 0.382748
0.383789 0.384642
0.385742 0.386535
0.387695 0.388427
0.389648 0.390318
0.391602 0.392208
0.393555 0.394097
0.395508 0.395986
0.397461 0.397873
0.399414 0.399759
0.401367 0.401644
0.40332 0.403528
0.405273 0.405411
0.407227 0.407294
0.40918 0.409175
0.411133 0.411055
0.413086 0.412934
0.415039 0.414813
0.416992 0.41669
0.418945 0.418566
0.420898 0.420441
0.422852 0.422315
0.424805 0.424188
0.426758 0.42606
0.428711 0.427931
0.430664 0.429801
0.432617 0.43167
0.43457 0.433538
0.436523 0.435405
0.438477 0.437271
0.44043 0.439135
0.442383 0.440999
0.444336 0.442861
0.446289 0.444723
0.448242 0.446583
0.450195 0.448442
0.452148 0.4503
0.454102 0.452157
0.456055 0.454013
0.458008 0.455868
0.459961 0.457722
0.461914 0.459574
0.463867 0.461426
0.46582 0.463276
0.467773 0.465125
0.469727 0.466973
0.47168 0.46882
0.473633 0.470665
0.475586 0.47251
0.477539 0.474353
0.479492 0.476196
0.481445 0.478037
0.483398 0.479876
0.485352 0.481715
0.487305 0.483553
0.489258 0.485389
0.491211 0.487224
0.493164 0.489058
0.495117 0.490891
0.49707 0.492722
0.499023 0.494552
0.500977 0.496381
0.50293 0.498209
0.504883 0.500036
0.506836 0.501861
0.508789 0.503685
0.510742 0.505508
0.512695 0.507329
0.514648 0.50915
0.516602 0.510969
0.518555 0.512786
0.520508 0.514603
0.522461 0.516418
0.524414 0.518232
0.526367 0.520044
0.52832 0.521856
0.530273 0.523666
0.532227 0.525474
0.53418 0.527282
0.536133 0.529088
0.538086 0.530892
0.540039 0.532696
0.541992 0.534498
0.543945 0.536298
0.545898 0.538098
0.547852 0.539896
0.549805 0.541692
0.551758 0.543488
0.553711 0.545281
0.555664 0.547074
0.557617 0.548865
0.55957 0.550655
0.561523 0.552443
0.563477 0.55423
0.56543 0.556015
0.567383 0.557799
0.569336 0.559582
0.571289 0.561363
0.573242 0.563142
0.575195 0.564921
0.577148 0.566697
0.579102 0.568473
0.581055 0.570247
0.583008 0.572019
0.584961 0.57379
0.586914 0.575559
0.588867 0.577327
0.59082 0.579094
0.592773 0.580858
0.594727 0.582622
0.59668 0.584384
0.598633 0.586144
0.600586 0.587903
0.602539 0.58966
0.604492 0.591416
0.606445 0.59317
0.608398 0.594922
0.610352 0.596673
0.612305 0.598423
0.614258 0.60017
0.616211 0.601916
0.618164 0.603661
0.620117 0.605404
0.62207 0.607145
0.624023 0.608885
0.625977 0.610623
0.62793 0.612359
0.629883 0.614094
0.631836 0.615827
0.633789 0.617559
0.635742 0.619288
0.637695 0.621017
0.639648 0.622743
0.641602 0.624468
0.643555 0.62619
0.645508 0.627912
0.647461 0.629631
0.649414 0.631349
0.651367 0.633065
0.65332 0.634779
0.655273 0.636492
0.657227 0.638202
0.65918 0.639911
0.661133 0.641618
0.663086 0.643323
0.665039 0.645027
0.666992 0.646729
0.668945 0.648428
0.670898 0.650126
0.672852 0.651823
0.674805 0.653517
0.676758 0.655209
0.678711 0.6569
0.680664 0.658588
0.682617 0.660275
0.68457 0.66196
0.686523 0.663643
0.688477 0.665324
0.69043 0.667003
0.692383 0.66868
0.694336 0.670355
0.696289 0.672028
0.698242 0.673699
0.700195 0.675368
0.702148 0.677035
0.704102 0.6787
0.706055 0.680363
0.708008 0.682024
0.709961 0.683683
0.711914 0.68534
0.713867 0.686995
0.71582 0.688647
0.717773 0.690298
0.719727 0.691946
0.72168 0.693593
0.723633 0.695237
0.725586 0.696879
0.727539 0.698519
0.729492 0.700156
0.731445 0.701792
0.733398 0.703425
0.735352 0.705056
0.737305 0.706685
0.739258 0.708312
0.741211 0.709936
0.743164 0.711558
0.745117 0.713178
0.74707 0.714795
0.749023 0.71641
0.750977 0.718023
0.75293 0.719634
0.754883 0.721242
0.756836 0.722847
0.758789 0.724451
0.760742 0.726052
0.762695 0.72765
0.764648 0.729246
0.766602 0.73084
0.768555 0.732431
0.770508 0.73402
0.772461 0.735606
0.774414 0.73719
0.776367 0.738771
0.77832 0.740349
0.780273 0.741925
0.782227 0.743499
0.78418 0.745069
0.786133 0.746638
0.788086 0.748203
0.790039 0.749766
0.791992 0.751326
0.793945 0.752884
0.795898 0.754438
0.797852 0.75599
0.799805 0.75754
0.801758 0.759086
0.803711 0.76063
0.805664 0.762171
0.807617 0.763709
0.80957 0.765244
0.811523 0.766777
0.813477 0.768306
0.81543 0.769833
0.817383 0.771356
0.819336 0.772877
0.821289 0.774395
0.823242 0.775909
0.825195 0.777421
0.827148 0.778929
0.829102 0.780435
0.831055 0.781937
0.833008 0.783437
0.834961 0.784933
0.836914 0.786426
0.838867 0.787915
0.84082 0.789402
0.842773 0.790885
0.844727 0.792365
0.84668 0.793841
0.848633 0.795314
0.850586 0.796784
0.852539 0.79825
0.854492 0.799713
0.856445 0.801172
0.858398 0.802627
0.860352 0.804079
0.862305 0.805527
0.864258 0.806972
0.866211 0.808412
0.868164 0.809849
0.870117 0.811281
0.87207 0.812709
0.874023 0.814133
0.875977 0.815553
0.87793 0.816968
0.879883 0.818378
0.881836 0.819783
0.883789 0.821183
0.885742 0.822577
0.887695 0.823965
0.889648 0.825347
0.891602 0.826723
0.893555 0.82809
0.895508 0.82945
0.897461 0.830801
0.899414 0.832142
0.901367 0.833472
0.90332 0.83479
0.905273 0.836095
0.907227 0.837383
0.90918 0.838654
0.911133 0.839904
0.913086 0.841131
0.915039 0.842331
0.916992 0.843499
0.918945 0.844631
0.920898 0.845719
0.922852 0.846758
0.924805 0.847737
0.926758 0.848647
0.928711 0.849476
0.930664 0.850208
0.932617 0.850826
0.93457 0.85131
0.936523 0.851635
0.938477 0.851772
0.94043 0.851686
0.942383 0.851336
0.944336 0.850674
0.946289 0.849643
0.948242 0.848175
0.950195 0.84619
0.952148 0.843594
0.954102 0.840279
0.956055 0.836116
0.958008 0.830955
0.959961 0.824625
0.961914 0.816925
0.963867 0.807629
0.96582 0.796478
0.967773 0.783182
0.969727 0.767419
0.97168 0.748839
0.973633 0.727063
0.975586 0.701699
0.977539 0.672348
0.979492 0.638622
0.981445 0.600169
0.983398 0.556701
0.985352 0.50802
0.987305 0.454061
0.989258 0.394918
0.991211 0.330879
0.993164 0.262436
0.995117 0.190292
0.99707 0.115345
0.999023 0.0386468
1 0
