0 0
0.000976562 0.00095614
0.00292969 0.00286842
0.00488281 0.00478069
0.00683594 0.00669295
0.00878906 0.00860519
0.0107422 0.0105174
0.0126953 0.0124296
0.0146484 0.0143418
0.0166016 0.0162539
0.0185547 0.018166
0.0205078 0.020078
0.0224609 0.02199
0.0244141 0.023902
0.0263672 0.0258139
0.0283203 0.0277257
0.0302734 0.0296375
0.0322266 0.0315492
0.0341797 0.0334608
0.0361328 0.0353723
0.0380859 0.0372838
0.0400391 0.0391951
0.0419922 0.0411064
0.0439453 0.0430176
0.0458984 0.0449286
0.0478516 0.0468396
0.0498047 0.0487504
0.0517578 0.0506612
0.0537109 0.0525718
0.0556641 0.0544822
0.0576172 0.0563926
0.0595703 0.0583028
0.0615234 0.0602129
0.0634766 0.0621228
0.0654297 0.0640326
0.0673828 0.0659422
0.0693359 0.0678517
0.0712891 0.069761
0.0732422 0.0716701
0.0751953 0.0735791
0.0771484 0.0754879
0.0791016 0.0773965
0.0810547 0.0793049
0.0830078 0.0812132
0.0849609 0.0831212
0.0869141 0.0850291
0.0888672 0.0869367
0.0908203 0.0888441
0.0927734 0.0907514
0.0947266 0.0926584
0.0966797 0.0945652
0.0986328 0.0964717
0.100586 0.0983781
0.102539 0.100284
0.104492 0.10219
0.106445 0.104096
0.108398 0.106001
0.110352 0.107906
0.112305 0.109811
0.114258 0.111716
0.116211 0.11362
0.118164 0.115524
0.120117 0.117428
0.12207 0.119331
0.124023 0.121235
0.125977 0.123137
0.12793 0.12504
0.129883 0.126942
0.131836 0.128845
0.133789 0.130746
0.135742 0.132648
0.137695 0.134549
0.139648 0.13645
0.141602 0.13835
0.143555 0.14025
0.145508 0.14215
0.147461 0.14405
0.149414 0.145949
0.151367 0.147848
0.15332 0.149746
0.155273 0.151644
0.157227 0.153542
0.15918 0.155439
0.161133 0.157336
0.163086 0.159233
0.165039 0.161129
0.166992 0.163025
0.168945 0.164921
0.170898 0.166816
0.172852 0.168711
0.174805 0.170605
0.176758 0.172499
0.178711 0.174393
0.180664 0.176286
0.182617 0.178179
0.18457 0.180071
0.186523 0.181963
0.188477 0.183854
0.19043 0.185745
0.192383 0.187636
0.194336 0.189526
0.196289 0.191416
0.198242 0.193305
0.200195 0.195194
0.202148 0.197082
0.204102 0.19897
0.206055 0.200858
0.208008 0.202745
0.209961 0.204631
0.211914 0.206518
0.213867 0.208403
0.21582 0.210288
0.217773 0.212173
0.219727 0.214057
0.22168 0.215941
0.223633 0.217824
0.225586 0.219707
0.227539 0.221589
0.229492 0.22347
0.231445 0.225352
0.233398 0.227232
0.235352 0.229112
0.237305 0.230992
0.239258 0.232871
0.241211 0.234749
0.243164 0.236627
0.245117 0.238505
0.24707 0.240382
0.249023 0.242258
0.250977 0.244134
0.25293 0.246009
0.254883 0.247884
0.256836 0.249758
0.258789 0.251631
0.260742 0.253504
0.262695 0.255377
0.264648 0.257249
0.266602 0.25912
0.268555 0.260991
0.270508 0.262861
0.272461 0.26473
0.274414 0.266599
0.276367 0.268467
0.27832 0.270335
0.280273 0.272202
0.282227 0.274068
0.28418 0.275934
0.286133 0.277799
0.288086 0.279664
0.290039 0.281528
0.291992 0.283391
0.293945 0.285254
0.295898 0.287116
0.297852 0.288977
0.299805 0.290838
0.301758 0.292698
0.303711 0.294557
0.305664 0.296416
0.307617 0.298274
0.30957 0.300132
0.311523 0.301988
0.313477 0.303845
0.31543 0.3057
0.317383 0.307555
0.319336 0.309409
0.321289 0.311262
0.323242 0.313115
0.325195 0.314967
0.327148 0.316818
0.329102 0.318668
0.331055 0.320518
0.333008 0.322367
0.334961 0.324216
0.336914 0.326064
0.338867 0.327911
0.34082 0.329757
0.342773 0.331602
0.344727 0.333447
0.34668 0.335291
0.348633 0.337134
0.350586 0.338977
0.352539 0.340819
0.354492 0.34266
0.356445 0.3445
0.358398 0.34634
0.360352 0.348178
0.362305 0.350016
0.364258 0.351854
0.366211 0.35369
0.368164 0.355526
0.370117 0.35736
0.37207 0.359195
0.374023 0.361028
0.375977 0.36286
0.37793 0.364692
0.379883 0.366523
0.381836 0.368353
0.383789 0.370182
0.385742 0.372011
0.387695 0.373838
0.389648 0.375665
0.391602 0.377491
0.393555 0.379316
0.395508 0.381141
0.397461 0.382964
0.399414 0.384787
0.401367 0.386609
0.40332 0.38843
0.405273 0.39025
0.407227 0.392069
0.40918 0.393887
0.411133 0.395705
0.413086 0.397522
0.415039 0.399337
0.416992 0.401152
0.418945 0.402966
0.420898 0.40478
0.422852 0.406592
0.424805 0.408403
0.426758 0.410214
0.428711 0.412023
0.430664 0.413832
0.432617 0.41564
0.43457 0.417447
0.436523 0.419253
0.438477 0.421058
0.44043 0.422862
0.442383 0.424665
0.444336 0.426467
0.446289 0.428268
0.448242 0.430069
0.450195 0.431868
0.452148 0.433667
0.454102 0.435464
0.456055 0.437261
0.458008 0.439056
0.459961 0.440851
0.461914 0.442645
0.463867 0.444437
0.46582 0.446229
0.467773 0.44802
0.469727 0.44981
0.47168 0.451599
0.473633 0.453386
0.475586 0.455173
0.477539 0.456959
0.479492 0.458744
0.481445 0.460527
0.483398 0.46231
0.485352 0.464092
0.487305 0.465873
0.489258 0.467652
0.491211 0.469431
0.493164 0.471209
0.495117 0.472985
0.49707 0.474761
0.499023 0.476535
0.500977 0.478309
0.50293 0.480081
0.504883 0.481852
0.506836 0.483623
0.508789 0.485392
0.510742 0.48716
0.512695 0.488927
0.514648 0.490693
0.516602 0.492458
0.518555 0.494222
0.520508 0.495984
0.522461 0.497746
0.524414 0.499506
0.526367 0.501266
0.52832 0.503024
0.530273 0.504781
0.532227 0.506537
0.53418 0.508292
0.536133 0.510045
0.538086 0.511798
0.540039 0.513549
0.541992 0.515299
0.543945 0.517049
0.545898 0.518797
0.547852 0.520543
0.549805 0.522289
0.551758 0.524033
0.553711 0.525776
0.555664 0.527519
0.557617 0.529259
0.55957 0.530999
0.561523 0.532737
0.563477 0.534475
0.56543 0.536211
0.567383 0.537945
0.569336 0.539679
0.571289 0.541411
0.573242 0.543143
0.575195 0.544872
0.577148 0.546601
0.579102 0.548328
0.581055 0.550054
0.583008 0.551779
0.584961 0.553503
0.586914 0.555225
0.588867 0.556946
0.59082 0.558666
0.592773 0.560384
0.594727 0.562102
0.59668 0.563817
0.598633 0.565532
0.600586 0.567245
0.602539 0.568957
0.604492 0.570668
0.606445 0.572377
0.608398 0.574085
0.610352 0.575791
0.612305 0.577496
0.614258 0.5792
0.616211 0.580903
0.618164 0.582604
0.620117 0.584304
0.62207 0.586002
0.624023 0.587699
0.625977 0.589394
0.62793 0.591089
0.629883 0.592781
0.631836 0.594473
0.633789 0.596162
0.635742 0.597851
0.637695 0.599538
0.639648 0.601224
0.641602 0.602908
0.643555 0.60459
0.645508 0.606272
0.647461 0.607951
0.649414 0.60963
0.651367 0.611306
0.65332 0.612982
0.655273 0.614655
0.657227 0.616328
0.65918 0.617998
0.661133 0.619668
0.663086 0.621335
0.665039 0.623001
0.666992 0.624666
0.668945 0.626329
0.670898 0.627991
0.672852 0.629651
0.674805 0.631309
0.676758 0.632966
0.678711 0.634621
0.680664 0.636274
0.682617 0.637926
0.68457 0.639577
0.686523 0.641225
0.688477 0.642872
0.69043 0.644518
0.692383 0.646162
0.694336 0.647804
0.696289 0.649444
0.698242 0.651083
0.700195 0.65272
0.702148 0.654355
0.704102 0.655989
0.706055 0.657621
0.708008 0.659251
0.709961 0.66088
0.711914 0.662506
0.713867 0.664131
0.71582 0.665755
0.717773 0.667376
0.719727 0.668996
0.72168 0.670614
0.723633 0.67223
0.725586 0.673844
0.727539 0.675457
0.729492 0.677067
0.731445 0.678676
0.733398 0.680283
0.735352 0.681888
0.737305 0.683491
0.739258 0.685092
0.741211 0.686692
0.743164 0.688289
0.745117 0.689885
0.74707 0.691479
0.749023 0.69307
0.750977 0.69466
0.75293 0.696248
0.754883 0.697834
0.756836 0.699418
0.758789 0.701
0.760742 0.702579
0.762695 0.704157
0.764648 0.705733
0.766602 0.707307
0.768555 0.708879
0.770508 0.710448
0.772461 0.712016
0.774414 0.713581
0.776367 0.715145
0.77832 0.716706
0.780273 0.718265
0.782227 0.719822
0.78418 0.721377
0.786133 0.722929
0.788086 0.72448
0.790039 0.726028
0.791992 0.727574
0.793945 0.729117
0.795898 0.730659
0.797852 0.732198
0.799805 0.733735
0.801758 0.73527
0.803711 0.736802
0.805664 0.738332
0.807617 0.73986
0.80957 0.741385
0.811523 0.742908
0.813477 0.744429
0.81543 0.745947
0.817383 0.747463
0.819336 0.748976
0.821289 0.750487
0.823242 0.751995
0.825195 0.753501
0.827148 0.755004
0.829102 0.756505
0.831055 0.758003
0.833008 0.759499
0.834961 0.760992
0.836914 0.762483
0.838867 0.763971
0.84082 0.765456
0.842773 0.766938
0.844727 0.768418
0.84668 0.769895
0.848633 0.771369
0.850586 0.77284
0.852539 0.774309
0.854492 0.775774
0.856445 0.777237
0.858398 0.778697
0.860352 0.780153
0.862305 0.781607
0.864258 0.783057
0.866211 0.784504
0.868164 0.785948
0.870117 0.787388
0.87207 0.788825
0.874023 0.790257
0.875977 0.791687
0.87793 0.793112
0.879883 0.794532
0.881836 0.795949
0.883789 0.79736
0.885742 0.798767
0.887695 0.800167
0.889648 0.801562
0.891602 0.802951
0.893555 0.804332
0.895508 0.805706
0.897461 0.80707
0.899414 0.808425
0.901367 0.809769
0.90332 0.8111
0.905273 0.812417
0.907227 0.813718
0.90918 0.815001
0.911133 0.816261
0.913086 0.817497
0.915039 0.818704
0.916992 0.819877
0.918945 0.821011
0.920898 0.8221
0.922852 0.823134
0.924805 0.824105
0.926758 0.825003
0.928711 0.825813
0.930664 0.82652
0.932617 0.827106
0.93457 0.82755
0.936523 0.827825
0.938477 0.827902
0.94043 0.827745
0.942383 0.827311
0.944336 0.826552
0.946289 0.825408
0.948242 0.823811
0.950195 0.821682
0.952148 0.818926
0.954102 0.815434
0.956055 0.811079
0.958008 0.805715
0.959961 0.799171
0.961914 0.791255
0.963867 0.781747
0.96582 0.770399
0.967773 0.756935
0.969727 0.741053
0.97168 0.722422
0.973633 0.700695
0.975586 0.67551
0.977539 0.646506
0.979492 0.613338
0.981445 0.575698
0.983398 0.53334
0.985352 0.486107
0.987305 0.433966
0.989258 0.377028
0.991211 0.31558
0.993164 0.250094
0.995117 0.181224
0.99707 0.109799
0.999023 0.0367801
1 0
