0 0
0.000976562 0.000947743
0.00292969 0.00284323
0.00488281 0.00473871
0.00683594 0.00663417
0.00878906 0.00852962
0.0107422 0.0104251
0.0126953 0.0123205
0.0146484 0.0142158
0.0166016 0.0161112
0.0185547 0.0180065
0.0205078 0.0199018
0.0224609 0.021797
0.0244141 0.0236921
0.0263672 0.0255873
0.0283203 0.0274823
0.0302734 0.0293773
0.0322266 0.0312722
0.0341797 0.0331671
0.0361328 0.0350618
0.0380859 0.0369565
0.0400391 0.0388511
0.0419922 0.0407456
0.0439453 0.04264
0.0458984 0.0445343
0.0478516 0.0464286
0.0498047 0.0483227
0.0517578 0.0502167
0.0537109 0.0521105
0.0556641 0.0540043
0.0576172 0.0558979
0.0595703 0.0577914
0.0615234 0.0596847
0.0634766 0.061578
0.0654297 0.063471
0.0673828 0.065364
0.0693359 0.0672567
0.0712891 0.0691494
0.0732422 0.0710418
0.0751953 0.0729341
0.0771484 0.0748262
0.0791016 0.0767182
0.0810547 0.07861
0.0830078 0.0805015
0.0849609 0.0823929
0.0869141 0.0842841
0.0888672 0.0861752
0.0908203 0.088066
0.0927734 0.0899566
0.0947266 0.091847
0.0966797 0.0937372
0.0986328 0.0956271
0.100586 0.0975169
0.102539 0.0994064
0.104492 0.101296
0.106445 0.103185
0.108398 0.105074
0.110352 0.106962
0.112305 0.10885
0.114258 0.110739
0.116211 0.112626
0.118164 0.114514
0.120117 0.116401
0.12207 0.118288
0.124023 0.120175
0.125977 0.122061
0.12793 0.123948
0.129883 0.125834
0.131836 0.127719
0.133789 0.129604
0.135742 0.13149
0.137695 0.133374
0.139648 0.135259
0.141602 0.137143
0.143555 0.139027
0.145508 0.14091
0.147461 0.142793
0.149414 0.144676
0.151367 0.146558
0.15332 0.148441
0.155273 0.150322
0.157227 0.152204
0.15918 0.154085
0.161133 0.155966
0.163086 0.157846
0.165039 0.159726
0.166992 0.161606
0.168945 0.163485
0.170898 0.165364
0.172852 0.167243
0.174805 0.169121
0.176758 0.170999
0.178711 0.172876
0.180664 0.174753
0.182617 0.17663
0.18457 0.178506
0.186523 0.180382
0.188477 0.182257
0.19043 0.184132
0.192383 0.186007
0.194336 0.187881
0.196289 0.189755
0.198242 0.191628
0.200195 0.193501
0.202148 0.195373
0.204102 0.197245
0.206055 0.199117
0.208008 0.200988
0.209961 0.202859
0.211914 0.204729
0.213867 0.206599
0.21582 0.208468
0.217773 0.210337
0.219727 0.212205
0.22168 0.214073
0.223633 0.21594
0.225586 0.217807
0.227539 0.219674
0.229492 0.221539
0.231445 0.223405
0.233398 0.22527
0.235352 0.227134
0.237305 0.228998
0.239258 0.230861
0.241211 0.232724
0.243164 0.234587
0.245117 0.236449
0.24707 0.23831
0.249023 0.240171
0.250977 0.242031
0.25293 0.243891
0.254883 0.24575
0.256836 0.247608
0.258789 0.249466
0.260742 0.251324
0.262695 0.253181
0.264648 0.255037
0.266602 0.256893
0.268555 0.258748
0.270508 0.260603
0.272461 0.262457
0.274414 0.264311
0.276367 0.266164
0.27832 0.268016
0.280273 0.269868
0.282227 0.271719
0.28418 0.27357
0.286133 0.27542
0.288086 0.277269
0.290039 0.279118
0.291992 0.280966
0.293945 0.282814
0.295898 0.284661
0.297852 0.286507
0.299805 0.288353
0.301758 0.290198
0.303711 0.292042
0.305664 0.293886
0.307617 0.295729
0.30957 0.297571
0.311523 0.299413
0.313477 0.301254
0.31543 0.303095
0.317383 0.304935
0.319336 0.306774
0.321289 0.308613
0.323242 0.31045
0.325195 0.312288
0.327148 0.314124
0.329102 0.31596
0.331055 0.317795
0.333008 0.31963
0.334961 0.321463
0.336914 0.323296
0.338867 0.325129
0.34082 0.32696
0.342773 0.328791
0.344727 0.330622
0.34668 0.332451
0.348633 0.33428
0.350586 0.336108
0.352539 0.337935
0.354492 0.339762
0.356445 0.341588
0.358398 0.343413
0.360352 0.345238
0.362305 0.347061
0.364258 0.348884
0.366211 0.350706
0.368164 0.352528
0.370117 0.354348
0.37207 0.356168
0.374023 0.357988
0.375977 0.359806
0.37793 0.361623
0.379883 0.36344
0.381836 0.365256
0.383789 0.367072
0.385742 0.368886
0.387695 0.3707
0.389648 0.372513
0.391602 0.374325
0.393555 0.376136
0.395508 0.377946
0.397461 0.379756
0.399414 0.381565
0.401367 0.383373
0.40332 0.38518
0.405273 0.386987
0.407227 0.388792
0.40918 0.390597
0.411133 0.392401
0.413086 0.394204
0.415039 0.396006
0.416992 0.397807
0.418945 0.399608
0.420898 0.401408
0.422852 0.403206
0.424805 0.405004
0.426758 0.406801
0.428711 0.408598
0.430664 0.410393
0.432617 0.412187
0.43457 0.413981
0.436523 0.415774
0.438477 0.417565
0.44043 0.419356
0.442383 0.421146
0.444336 0.422935
0.446289 0.424723
0.448242 0.426511
0.450195 0.428297
0.452148 0.430083
0.454102 0.431867
0.456055 0.433651
0.458008 0.435433
0.459961 0.437215
0.461914 0.438996
0.463867 0.440776
0.46582 0.442555
0.467773 0.444333
0.469727 0.44611
0.47168 0.447886
0.473633 0.449661
0.475586 0.451435
0.477539 0.453208
0.479492 0.45498
0.481445 0.456752
0.483398 0.458522
0.485352 0.460291
0.487305 0.462059
0.489258 0.463827
0.491211 0.465593
0.493164 0.467358
0.495117 0.469123
0.49707 0.470886
0.499023 0.472648
0.500977 0.474409
0.50293 0.476169
0.504883 0.477929
0.506836 0.479687
0.508789 0.481444
0.510742 0.4832
0.512695 0.484955
0.514648 0.486709
0.516602 0.488462
0.518555 0.490214
0.520508 0.491965
0.522461 0.493714
0.524414 0.495463
0.526367 0.49721
0.52832 0.498957
0.530273 0.500702
0.532227 0.502447
0.53418 0.50419
0.536133 0.505932
0.538086 0.507673
0.540039 0.509413
0.541992 0.511152
0.543945 0.512889
0.545898 0.514626
0.547852 0.516361
0.549805 0.518096
0.551758 0.519829
0.553711 0.521561
0.555664 0.523292
0.557617 0.525021
0.55957 0.52675
0.561523 0.528477
0.563477 0.530204
0.56543 0.531929
0.567383 0.533652
0.569336 0.535375
0.571289 0.537097
0.573242 0.538817
0.575195 0.540536
0.577148 0.542254
0.579102 0.543971
0.581055 0.545686
0.583008 0.5474
0.584961 0.549113
0.586914 0.550825
0.588867 0.552536
0.59082 0.554245
0.592773 0.555953
0.594727 0.55766
0.59668 0.559365
0.598633 0.56107
0.600586 0.562773
0.602539 0.564474
0.604492 0.566175
0.606445 0.567874
0.608398 0.569572
0.610352 0.571268
0.612305 0.572964
0.614258 0.574657
0.616211 0.57635
0.618164 0.578041
0.620117 0.579731
0.62207 0.58142
0.624023 0.583107
0.625977 0.584793
0.62793 0.586478
0.629883 0.588161
0.631836 0.589843
0.633789 0.591523
0.635742 0.593202
0.637695 0.59488
0.639648 0.596557
0.641602 0.598231
0.643555 0.599905
0.645508 0.601577
0.647461 0.603248
0.649414 0.604917
0.651367 0.606585
0.65332 0.608251
0.655273 0.609916
0.657227 0.61158
0.65918 0.613242
0.661133 0.614902
0.663086 0.616561
0.665039 0.618219
0.666992 0.619875
0.668945 0.621529
0.670898 0.623182
0.672852 0.624834
0.674805 0.626484
0.676758 0.628133
0.678711 0.62978
0.680664 0.631425
0.682617 0.633069
0.68457 0.634711
0.686523 0.636352
0.688477 0.637991
0.69043 0.639629
0.692383 0.641265
0.694336 0.642899
0.696289 0.644532
0.698242 0.646163
0.700195 0.647793
0.702148 0.64942
0.704102 0.651047
0.706055 0.652671
0.708008 0.654294
0.709961 0.655916
0.711914 0.657535
0.713867 0.659153
0.71582 0.660769
0.717773 0.662384
0.719727 0.663997
0.72168 0.665608
0.723633 0.667217
0.725586 0.668825
0.727539 0.67043
0.729492 0.672034
0.731445 0.673637
0.733398 0.675237
0.735352 0.676836
0.737305 0.678433
0.739258 0.680028
0.741211 0.681621
0.743164 0.683213
0.745117 0.684802
0.74707 0.68639
0.749023 0.687976
0.750977 0.68956
0.75293 0.691142
0.754883 0.692722
0.756836 0.694301
0.758789 0.695877
0.760742 0.697452
0.762695 0.699024
0.764648 0.700595
0.766602 0.702163
0.768555 0.70373
0.770508 0.705295
0.772461 0.706857
0.774414 0.708418
0.776367 0.709976
0.77832 0.711533
0.780273 0.713088
0.782227 0.71464
0.78418 0.71619
0.786133 0.717739
0.788086 0.719285
0.790039 0.720829
0.791992 0.722371
0.793945 0.723911
0.795898 0.725448
0.797852 0.726984
0.799805 0.728517
0.801758 0.730048
0.803711 0.731577
0.805664 0.733103
0.807617 0.734628
0.80957 0.73615
0.811523 0.73767
0.813477 0.739187
0.81543 0.740703
0.817383 0.742215
0.819336 0.743726
0.821289 0.745234
0.823242 0.74674
0.825195 0.748244
0.827148 0.749745
0.829102 0.751243
0.831055 0.752739
0.833008 0.754233
0.834961 0.755724
0.836914 0.757213
0.838867 0.758699
0.84082 0.760183
0.842773 0.761664
0.844727 0.763142
0.84668 0.764618
0.848633 0.766091
0.850586 0.767561
0.852539 0.769029
0.854492 0.770494
0.856445 0.771956
0.858398 0.773415
0.860352 0.774871
0.862305 0.776324
0.864258 0.777774
0.866211 0.779221
0.868164 0.780665
0.870117 0.782105
0.87207 0.783542
0.874023 0.784975
0.875977 0.786405
0.87793 0.78783
0.879883 0.789252
0.881836 0.790669
0.883789 0.792081
0.885742 0.793488
0.887695 0.79489
0.889648 0.796286
0.891602 0.797675
0.893555 0.799058
0.895508 0.800432
0.897461 0.801798
0.899414 0.803153
0.901367 0.804498
0.90332 0.80583
0.905273 0.807148
0.907227 0.808449
0.90918 0.809731
0.911133 0.810991
0.913086 0.812227
0.915039 0.813432
0.916992 0.814604
0.918945 0.815736
0.920898 0.816821
0.922852 0.817851
0.924805 0.818817
0.926758 0.819708
0.928711 0.820511
0.930664 0.821209
0.932617 0.821784
0.93457 0.822214
0.936523 0.822475
0.938477 0.822534
0.94043 0.822356
0.942383 0.821899
0.944336 0.821113
0.946289 0.819939
0.948242 0.818309
0.950195 0.816142
0.952148 0.813345
0.954102 0.809808
0.956055 0.805405
0.958008 0.79999
0.959961 0.793394
0.961914 0.785426
0.963867 0.775867
0.96582 0.764472
0.967773 0.750969
0.969727 0.735058
0.97168 0.716417
0.973633 0.694702
0.975586 0.66956
0.977539 0.640639
0.979492 0.607602
0.981445 0.570151
0.983398 0.528049
0.985352 0.48115
0.987305 0.429424
0.989258 0.372989
0.991211 0.312129
0.993164 0.247312
0.995117 0.179182
0.99707 0.10855
0.999023 0.0363598
1 0
