0 0
0.000976562 0.000945898
0.00292969 0.00283769
0.00488281 0.00472948
0.00683594 0.00662125
0.00878906 0.00851301
0.0107422 0.0104048
0.0126953 0.0122965
0.0146484 0.0141882
0.0166016 0.0160798
0.0185547 0.0179714
0.0205078 0.019863
0.0224609 0.0217545
0.0244141 0.023646
0.0263672 0.0255374
0.0283203 0.0274288
0.0302734 0.0293201
0.0322266 0.0312113
0.0341797 0.0331025
0.0361328 0.0349936
0.0380859 0.0368846
0.0400391 0.0387755
0.0419922 0.0406663
0.0439453 0.042557
0.0458984 0.0444477
0.0478516 0.0463382
0.0498047 0.0482286
0.0517578 0.0501189
0.0537109 0.0520091
0.0556641 0.0538992
0.0576172 0.0557891
0.0595703 0.057679
0.0615234 0.0595686
0.0634766 0.0614582
0.0654297 0.0633476
0.0673828 0.0652369
0.0693359 0.067126
0.0712891 0.0690149
0.0732422 0.0709037
0.0751953 0.0727923
0.0771484 0.0746808
0.0791016 0.0765691
0.0810547 0.0784572
0.0830078 0.0803451
0.0849609 0.0822328
0.0869141 0.0841204
0.0888672 0.0860077
0.0908203 0.0878949
0.0927734 0.0897819
0.0947266 0.0916686
0.0966797 0.0935551
0.0986328 0.0954415
0.100586 0.0973276
0.102539 0.0992134
0.104492 0.101099
0.106445 0.102984
0.108398 0.10487
0.110352 0.106755
0.112305 0.108639
0.114258 0.110524
0.116211 0.112408
0.118164 0.114292
0.120117 0.116176
0.12207 0.118059
0.124023 0.119942
0.125977 0.121825
0.12793 0.123707
0.129883 0.12559
0.131836 0.127472
0.133789 0.129353
0.135742 0.131235
0.137695 0.133116
0.139648 0.134997
0.141602 0.136877
0.143555 0.138758
0.145508 0.140637
0.147461 0.142517
0.149414 0.144396
0.151367 0.146275
0.15332 0.148154
0.155273 0.150032
0.157227 0.15191
0.15918 0.153787
0.161133 0.155664
0.163086 0.157541
0.165039 0.159418
0.166992 0.161294
0.168945 0.16317
0.170898 0.165045
0.172852 0.16692
0.174805 0.168795
0.176758 0.170669
0.178711 0.172543
0.180664 0.174416
0.182617 0.176289
0.18457 0.178162
0.186523 0.180034
0.188477 0.181906
0.19043 0.183778
0.192383 0.185649
0.194336 0.187519
0.196289 0.18939
0.198242 0.191259
0.200195 0.193129
0.202148 0.194998
0.204102 0.196866
0.206055 0.198734
0.208008 0.200602
0.209961 0.202469
0.211914 0.204336
0.213867 0.206202
0.21582 0.208068
0.217773 0.209933
0.219727 0.211798
0.22168 0.213662
0.223633 0.215526
0.225586 0.217389
0.227539 0.219252
0.229492 0.221115
0.231445 0.222977
0.233398 0.224838
0.235352 0.226699
0.237305 0.22856
0.239258 0.23042
0.241211 0.232279
0.243164 0.234138
0.245117 0.235996
0.24707 0.237854
0.249023 0.239712
0.250977 0.241568
0.25293 0.243425
0.254883 0.24528
0.256836 0.247136
0.258789 0.24899
0.260742 0.250844
0.262695 0.252698
0.264648 0.254551
0.266602 0.256403
0.268555 0.258255
0.270508 0.260107
0.272461 0.261957
0.274414 0.263808
0.276367 0.265657
0.27832 0.267506
0.280273 0.269355
0.282227 0.271202
0.28418 0.27305
0.286133 0.274896
0.288086 0.276742
0.290039 0.278588
0.291992 0.280433
0.293945 0.282277
0.295898 0.284121
0.297852 0.285964
0.299805 0.287806
0.301758 0.289648
0.303711 0.291489
0.305664 0.293329
0.307617 0.295169
0.30957 0.297008
0.311523 0.298847
0.313477 0.300685
0.31543 0.302522
0.317383 0.304359
0.319336 0.306195
0.321289 0.30803
0.323242 0.309864
0.325195 0.311698
0.327148 0.313532
0.329102 0.315364
0.331055 0.317196
0.333008 0.319027
0.334961 0.320858
0.336914 0.322688
0.338867 0.324517
0.34082 0.326345
0.342773 0.328173
0.344727 0.33
0.34668 0.331826
0.348633 0.333652
0.350586 0.335477
0.352539 0.337301
0.354492 0.339125
0.356445 0.340947
0.358398 0.342769
0.360352 0.344591
0.362305 0.346411
0.364258 0.348231
0.366211 0.35005
0.368164 0.351868
0.370117 0.353686
0.37207 0.355503
0.374023 0.357319
0.375977 0.359134
0.37793 0.360948
0.379883 0.362762
0.381836 0.364575
0.383789 0.366387
0.385742 0.368199
0.387695 0.370009
0.389648 0.371819
0.391602 0.373628
0.393555 0.375436
0.395508 0.377244
0.397461 0.37905
0.399414 0.380856
0.401367 0.382661
0.40332 0.384465
0.405273 0.386269
0.407227 0.388071
0.40918 0.389873
0.411133 0.391674
0.413086 0.393474
0.415039 0.395273
0.416992 0.397071
0.418945 0.398869
0.420898 0.400665
0.422852 0.402461
0.424805 0.404256
0.426758 0.40605
0.428711 0.407844
0.430664 0.409636
0.432617 0.411427
0.43457 0.413218
0.436523 0.415008
0.438477 0.416797
0.44043 0.418585
0.442383 0.420372
0.444336 0.422158
0.446289 0.423943
0.448242 0.425728
0.450195 0.427511
0.452148 0.429294
0.454102 0.431075
0.456055 0.432856
0.458008 0.434636
0.459961 0.436415
0.461914 0.438193
0.463867 0.43997
0.46582 0.441746
0.467773 0.443521
0.469727 0.445295
0.47168 0.447069
0.473633 0.448841
0.475586 0.450612
0.477539 0.452383
0.479492 0.454152
0.481445 0.45592
0.483398 0.457688
0.485352 0.459454
0.487305 0.46122
0.489258 0.462985
0.491211 0.464748
0.493164 0.466511
0.495117 0.468272
0.49707 0.470033
0.499023 0.471792
0.500977 0.473551
0.50293 0.475308
0.504883 0.477065
0.506836 0.47882
0.508789 0.480575
0.510742 0.482328
0.512695 0.48408
0.514648 0.485832
0.516602 0.487582
0.518555 0.489331
0.520508 0.491079
0.522461 0.492827
0.524414 0.494573
0.526367 0.496318
0.52832 0.498061
0.530273 0.499804
0.532227 0.501546
0.53418 0.503287
0.536133 0.505026
0.538086 0.506765
0.540039 0.508502
0.541992 0.510238
0.543945 0.511973
0.545898 0.513707
0.547852 0.51544
0.549805 0.517172
0.551758 0.518903
0.553711 0.520632
0.555664 0.522361
0.557617 0.524088
0.55957 0.525814
0.561523 0.527539
0.563477 0.529263
0.56543 0.530985
0.567383 0.532707
0.569336 0.534427
0.571289 0.536146
0.573242 0.537864
0.575195 0.539581
0.577148 0.541296
0.579102 0.543011
0.581055 0.544724
0.583008 0.546436
0.584961 0.548146
0.586914 0.549856
0.588867 0.551564
0.59082 0.553271
0.592773 0.554977
0.594727 0.556681
0.59668 0.558384
0.598633 0.560086
0.600586 0.561787
0.602539 0.563487
0.604492 0.565185
0.606445 0.566882
0.608398 0.568577
0.610352 0.570272
0.612305 0.571965
0.614258 0.573656
0.616211 0.575347
0.618164 0.577036
0.620117 0.578724
0.62207 0.58041
0.624023 0.582095
0.625977 0.583779
0.62793 0.585462
0.629883 0.587143
0.631836 0.588823
0.633789 0.590501
0.635742 0.592178
0.637695 0.593854
0.639648 0.595528
0.641602 0.597201
0.643555 0.598872
0.645508 0.600542
0.647461 0.602211
0.649414 0.603878
0.651367 0.605544
0.65332 0.607208
0.655273 0.608871
0.657227 0.610533
0.65918 0.612193
0.661133 0.613852
0.663086 0.615509
0.665039 0.617164
0.666992 0.618818
0.668945 0.620471
0.670898 0.622122
0.672852 0.623772
0.674805 0.62542
0.676758 0.627067
0.678711 0.628712
0.680664 0.630356
0.682617 0.631998
0.68457 0.633638
0.686523 0.635277
0.688477 0.636915
0.69043 0.638551
0.692383 0.640185
0.694336 0.641817
0.696289 0.643448
0.698242 0.645078
0.700195 0.646706
0.702148 0.648332
0.704102 0.649957
0.706055 0.65158
0.708008 0.653201
0.709961 0.654821
0.711914 0.656439
0.713867 0.658055
0.71582 0.65967
0.717773 0.661282
0.719727 0.662894
0.72168 0.664503
0.723633 0.666111
0.725586 0.667717
0.727539 0.669321
0.729492 0.670924
0.731445 0.672525
0.733398 0.674124
0.735352 0.675721
0.737305 0.677317
0.739258 0.678911
0.741211 0.680502
0.743164 0.682092
0.745117 0.683681
0.74707 0.685267
0.749023 0.686852
0.750977 0.688434
0.75293 0.690015
0.754883 0.691594
0.756836 0.693171
0.758789 0.694746
0.760742 0.69632
0.762695 0.697891
0.764648 0.69946
0.766602 0.701028
0.768555 0.702593
0.770508 0.704157
0.772461 0.705718
0.774414 0.707278
0.776367 0.708835
0.77832 0.710391
0.780273 0.711944
0.782227 0.713496
0.78418 0.715045
0.786133 0.716592
0.788086 0.718138
0.790039 0.719681
0.791992 0.721222
0.793945 0.722761
0.795898 0.724297
0.797852 0.725832
0.799805 0.727364
0.801758 0.728894
0.803711 0.730423
0.805664 0.731948
0.807617 0.733472
0.80957 0.734993
0.811523 0.736512
0.813477 0.738029
0.81543 0.739544
0.817383 0.741056
0.819336 0.742566
0.821289 0.744074
0.823242 0.745579
0.825195 0.747082
0.827148 0.748582
0.829102 0.75008
0.831055 0.751576
0.833008 0.753069
0.834961 0.75456
0.836914 0.756048
0.838867 0.757534
0.84082 0.759017
0.842773 0.760498
0.844727 0.761976
0.84668 0.763451
0.848633 0.764924
0.850586 0.766394
0.852539 0.767861
0.854492 0.769326
0.856445 0.770787
0.858398 0.772246
0.860352 0.773702
0.862305 0.775155
0.864258 0.776605
0.866211 0.778052
0.868164 0.779496
0.870117 0.780936
0.87207 0.782373
0.874023 0.783806
0.875977 0.785236
0.87793 0.786661
0.879883 0.788083
0.881836 0.7895
0.883789 0.790912
0.885742 0.79232
0.887695 0.793722
0.889648 0.795118
0.891602 0.796507
0.893555 0.79789
0.895508 0.799264
0.897461 0.80063
0.899414 0.801986
0.901367 0.80333
0.90332 0.804662
0.905273 0.80598
0.907227 0.807281
0.90918 0.808563
0.911133 0.809824
0.913086 0.811059
0.915039 0.812264
0.916992 0.813435
0.918945 0.814566
0.920898 0.81565
0.922852 0.81668
0.924805 0.817644
0.926758 0.818534
0.928711 0.819334
0.930664 0.82003
0.932617 0.820603
0.93457 0.82103
0.936523 0.821287
0.938477 0.821342
0.94043 0.821159
0.942383 0.820697
0.944336 0.819904
0.946289 0.818724
0.948242 0.817086
0.950195 0.814911
0.952148 0.812104
0.954102 0.808558
0.956055 0.804144
0.958008 0.798717
0.959961 0.79211
0.961914 0.784129
0.963867 0.774559
0.96582 0.763153
0.967773 0.749642
0.969727 0.733725
0.97168 0.715081
0.973633 0.693369
0.975586 0.668237
0.977539 0.639334
0.979492 0.606326
0.981445 0.568918
0.983398 0.526873
0.985352 0.480048
0.987305 0.428415
0.989258 0.372092
0.991211 0.311363
0.993164 0.246694
0.995117 0.178728
0.99707 0.108273
0.999023 0.0362666
1 0
