0 0
0.000976562 0.000931388
0.00292969 0.00279416
0.00488281 0.00465693
0.00683594 0.00651969
0.00878906 0.00838243
0.0107422 0.0102452
0.0126953 0.0121079
0.0146484 0.0139705
0.0166016 0.0158332
0.0185547 0.0176958
0.0205078 0.0195584
0.0224609 0.0214209
0.0244141 0.0232834
0.0263672 0.0251458
0.0283203 0.0270082
0.0302734 0.0288705
0.0322266 0.0307327
0.0341797 0.0325949
0.0361328 0.034457
0.0380859 0.036319
0.0400391 0.038181
0.0419922 0.0400428
0.0439453 0.0419046
0.0458984 0.0437663
0.0478516 0.0456279
0.0498047 0.0474894
0.0517578 0.0493507
0.0537109 0.051212
0.0556641 0.0530732
0.0576172 0.0549342
0.0595703 0.0567951
0.0615234 0.0586559
0.0634766 0.0605166
0.0654297 0.0623771
0.0673828 0.0642375
0.0693359 0.0660978
0.0712891 0.0679579
0.0732422 0.0698178
0.0751953 0.0716776
0.0771484 0.0735372
0.0791016 0.0753967
0.0810547 0.077256
0.0830078 0.0791152
0.0849609 0.0809741
0.0869141 0.0828329
0.0888672 0.0846915
0.0908203 0.0865499
0.0927734 0.0884082
0.0947266 0.0902662
0.0966797 0.092124
0.0986328 0.0939817
0.100586 0.0958391
0.102539 0.0976963
0.104492 0.0995533
0.106445 0.10141
0.108398 0.103267
0.110352 0.105123
0.112305 0.106979
0.114258 0.108835
0.116211 0.110691
0.118164 0.112546
0.120117 0.114401
0.12207 0.116256
0.124023 0.118111
0.125977 0.119965
0.12793 0.121819
0.129883 0.123673
0.131836 0.125526
0.133789 0.12738
0.135742 0.129233
0.137695 0.131086
0.139648 0.132938
0.141602 0.13479
0.143555 0.136642
0.145508 0.138494
0.147461 0.140345
0.149414 0.142196
0.151367 0.144046
0.15332 0.145897
0.155273 0.147747
0.157227 0.149597
0.15918 0.151446
0.161133 0.153295
0.163086 0.155144
0.165039 0.156992
0.166992 0.15884
0.168945 0.160688
0.170898 0.162535
0.172852 0.164382
0.174805 0.166229
0.176758 0.168075
0.178711 0.169921
0.180664 0.171766
0.182617 0.173612
0.18457 0.175456
0.186523 0.177301
0.188477 0.179145
0.19043 0.180989
0.192383 0.182832
0.194336 0.184675
0.196289 0.186517
0.198242 0.188359
0.200195 0.190201
0.202148 0.192042
0.204102 0.193883
0.206055 0.195724
0.208008 0.197564
0.209961 0.199403
0.211914 0.201242
0.213867 0.203081
0.21582 0.204919
0.217773 0.206757
0.219727 0.208595
0.22168 0.210432
0.223633 0.212268
0.225586 0.214104
0.227539 0.21594
0.229492 0.217775
0.231445 0.21961
0.233398 0.221444
0.235352 0.223278
0.237305 0.225111
0.239258 0.226944
0.241211 0.228776
0.243164 0.230608
0.245117 0.232439
0.24707 0.23427
0.249023 0.236101
0.250977 0.23793
0.25293 0.23976
0.254883 0.241589
0.256836 0.243417
0.258789 0.245245
0.260742 0.247072
0.262695 0.248899
0.264648 0.250725
0.266602 0.252551
0.268555 0.254376
0.270508 0.256201
0.272461 0.258025
0.274414 0.259849
0.276367 0.261672
0.27832 0.263494
0.280273 0.265316
0.282227 0.267138
0.28418 0.268958
0.286133 0.270779
0.288086 0.272598
0.290039 0.274418
0.291992 0.276236
0.293945 0.278054
0.295898 0.279871
0.297852 0.281688
0.299805 0.283505
0.301758 0.28532
0.303711 0.287135
0.305664 0.28895
0.307617 0.290764
0.30957 0.292577
0.311523 0.294389
0.313477 0.296202
0.31543 0.298013
0.317383 0.299824
0.319336 0.301634
0.321289 0.303443
0.323242 0.305252
0.325195 0.307061
0.327148 0.308868
0.329102 0.310675
0.331055 0.312482
0.333008 0.314287
0.334961 0.316093
0.336914 0.317897
0.338867 0.319701
0.34082 0.321504
0.342773 0.323306
0.344727 0.325108
0.34668 0.326909
0.348633 0.32871
0.350586 0.330509
0.352539 0.332309
0.354492 0.334107
0.356445 0.335905
0.358398 0.337702
0.360352 0.339498
0.362305 0.341294
0.364258 0.343089
0.366211 0.344883
0.368164 0.346676
0.370117 0.348469
0.37207 0.350261
0.374023 0.352053
0.375977 0.353843
0.37793 0.355633
0.379883 0.357422
0.381836 0.359211
0.383789 0.360999
0.385742 0.362786
0.387695 0.364572
0.389648 0.366358
0.391602 0.368142
0.393555 0.369926
0.395508 0.37171
0.397461 0.373492
0.399414 0.375274
0.401367 0.377055
0.40332 0.378835
0.405273 0.380614
0.407227 0.382393
0.40918 0.384171
0.411133 0.385948
0.413086 0.387724
0.415039 0.3895
0.416992 0.391275
0.418945 0.393049
0.420898 0.394822
0.422852 0.396594
0.424805 0.398365
0.426758 0.400136
0.428711 0.401906
0.430664 0.403675
0.432617 0.405443
0.43457 0.407211
0.436523 0.408977
0.438477 0.410743
0.44043 0.412508
0.442383 0.414272
0.444336 0.416035
0.446289 0.417798
0.448242 0.419559
0.450195 0.42132
0.452148 0.42308
0.454102 0.424839
0.456055 0.426597
0.458008 0.428354
0.459961 0.43011
0.461914 0.431866
0.463867 0.43362
0.46582 0.435374
0.467773 0.437127
0.469727 0.438879
0.47168 0.44063
0.473633 0.44238
0.475586 0.444129
0.477539 0.445878
0.479492 0.447625
0.481445 0.449372
0.483398 0.451117
0.485352 0.452862
0.487305 0.454605
0.489258 0.456348
0.491211 0.45809
0.493164 0.459831
0.495117 0.461571
0.49707 0.46331
0.499023 0.465048
0.500977 0.466785
0.50293 0.468521
0.504883 0.470257
0.506836 0.471991
0.508789 0.473724
0.510742 0.475456
0.512695 0.477188
0.514648 0.478918
0.516602 0.480647
0.518555 0.482376
0.520508 0.484103
0.522461 0.485829
0.524414 0.487555
0.526367 0.489279
0.52832 0.491002
0.530273 0.492725
0.532227 0.494446
0.53418 0.496166
0.536133 0.497886
0.538086 0.499604
0.540039 0.501321
0.541992 0.503037
0.543945 0.504752
0.545898 0.506466
0.547852 0.508179
0.549805 0.509891
0.551758 0.511602
0.553711 0.513312
0.555664 0.51502
0.557617 0.516728
0.55957 0.518434
0.561523 0.52014
0.563477 0.521844
0.56543 0.523548
0.567383 0.52525
0.569336 0.526951
0.571289 0.528651
0.573242 0.530349
0.575195 0.532047
0.577148 0.533744
0.579102 0.535439
0.581055 0.537134
0.583008 0.538827
0.584961 0.540519
0.586914 0.54221
0.588867 0.543899
0.59082 0.545588
0.592773 0.547275
0.594727 0.548961
0.59668 0.550646
0.598633 0.55233
0.600586 0.554013
0.602539 0.555694
0.604492 0.557375
0.606445 0.559054
0.608398 0.560732
0.610352 0.562408
0.612305 0.564084
0.614258 0.565758
0.616211 0.567431
0.618164 0.569103
0.620117 0.570773
0.62207 0.572442
0.624023 0.57411
0.625977 0.575777
0.62793 0.577443
0.629883 0.579107
0.631836 0.58077
0.633789 0.582431
0.635742 0.584092
0.637695 0.585751
0.639648 0.587408
0.641602 0.589065
0.643555 0.59072
0.645508 0.592374
0.647461 0.594026
0.649414 0.595678
0.651367 0.597327
0.65332 0.598976
0.655273 0.600623
0.657227 0.602269
0.65918 0.603913
0.661133 0.605556
0.663086 0.607198
0.665039 0.608838
0.666992 0.610477
0.668945 0.612115
0.670898 0.613751
0.672852 0.615385
0.674805 0.617019
0.676758 0.618651
0.678711 0.620281
0.680664 0.62191
0.682617 0.623538
0.68457 0.625164
0.686523 0.626788
0.688477 0.628411
0.69043 0.630033
0.692383 0.631653
0.694336 0.633272
0.696289 0.634889
0.698242 0.636505
0.700195 0.638119
0.702148 0.639732
0.704102 0.641343
0.706055 0.642953
0.708008 0.644561
0.709961 0.646167
0.711914 0.647772
0.713867 0.649376
0.71582 0.650977
0.717773 0.652578
0.719727 0.654176
0.72168 0.655773
0.723633 0.657369
0.725586 0.658963
0.727539 0.660555
0.729492 0.662145
0.731445 0.663734
0.733398 0.665322
0.735352 0.666907
0.737305 0.668491
0.739258 0.670073
0.741211 0.671654
0.743164 0.673233
0.745117 0.67481
0.74707 0.676385
0.749023 0.677959
0.750977 0.679531
0.75293 0.681101
0.754883 0.68267
0.756836 0.684236
0.758789 0.685801
0.760742 0.687365
0.762695 0.688926
0.764648 0.690485
0.766602 0.692043
0.768555 0.693599
0.770508 0.695153
0.772461 0.696705
0.774414 0.698256
0.776367 0.699804
0.77832 0.701351
0.780273 0.702895
0.782227 0.704438
0.78418 0.705979
0.786133 0.707518
0.788086 0.709055
0.790039 0.71059
0.791992 0.712123
0.793945 0.713654
0.795898 0.715183
0.797852 0.71671
0.799805 0.718235
0.801758 0.719758
0.803711 0.721279
0.805664 0.722798
0.807617 0.724315
0.80957 0.72583
0.811523 0.727343
0.813477 0.728853
0.81543 0.730362
0.817383 0.731868
0.819336 0.733372
0.821289 0.734874
0.823242 0.736374
0.825195 0.737871
0.827148 0.739367
0.829102 0.74086
0.831055 0.742351
0.833008 0.743839
0.834961 0.745326
0.836914 0.74681
0.838867 0.748291
0.84082 0.749771
0.842773 0.751248
0.844727 0.752722
0.84668 0.754194
0.848633 0.755664
0.850586 0.757131
0.852539 0.758595
0.854492 0.760057
0.856445 0.761517
0.858398 0.762973
0.860352 0.764427
0.862305 0.765878
0.864258 0.767327
0.866211 0.768772
0.868164 0.770214
0.870117 0.771653
0.87207 0.773089
0.874023 0.774522
0.875977 0.77595
0.87793 0.777375
0.879883 0.778796
0.881836 0.780213
0.883789 0.781625
0.885742 0.783033
0.887695 0.784434
0.889648 0.78583
0.891602 0.78722
0.893555 0.788602
0.895508 0.789977
0.897461 0.791342
0.899414 0.792698
0.901367 0.794042
0.90332 0.795373
0.905273 0.79669
0.907227 0.797989
0.90918 0.799269
0.911133 0.800527
0.913086 0.801758
0.915039 0.802959
0.916992 0.804124
0.918945 0.805248
0.920898 0.806324
0.922852 0.807343
0.924805 0.808296
0.926758 0.809171
0.928711 0.809955
0.930664 0.810631
0.932617 0.811181
0.93457 0.811581
0.936523 0.811807
0.938477 0.811827
0.94043 0.811604
0.942383 0.811096
0.944336 0.810252
0.946289 0.809014
0.948242 0.807312
0.950195 0.805066
0.952148 0.802182
0.954102 0.798552
0.956055 0.79405
0.958008 0.78853
0.959961 0.781827
0.961914 0.773751
0.963867 0.764087
0.96582 0.752598
0.967773 0.739016
0.969727 0.72305
0.97168 0.704389
0.973633 0.682702
0.975586 0.65765
0.977539 0.628898
0.979492 0.596128
0.981445 0.559061
0.983398 0.517479
0.985352 0.471251
0.987305 0.420361
0.989258 0.364933
0.991211 0.305251
0.993164 0.24177
0.995117 0.175114
0.99707 0.106064
0.999023 0.0355234
1 0
