0 0
0.000976562 0.000912153
0.00292969 0.00273646
0.00488281 0.00456076
0.00683594 0.00638504
0.00878906 0.00820932
0.0107422 0.0100336
0.0126953 0.0118578
0.0146484 0.013682
0.0166016 0.0155062
0.0185547 0.0173304
0.0205078 0.0191545
0.0224609 0.0209786
0.0244141 0.0228026
0.0263672 0.0246266
0.0283203 0.0264505
0.0302734 0.0282744
0.0322266 0.0300982
0.0341797 0.031922
0.0361328 0.0337456
0.0380859 0.0355693
0.0400391 0.0373928
0.0419922 0.0392163
0.0439453 0.0410397
0.0458984 0.042863
0.0478516 0.0446862
0.0498047 0.0465093
0.0517578 0.0483323
0.0537109 0.0501552
0.0556641 0.0519781
0.0576172 0.0538008
0.0595703 0.0556234
0.0615234 0.0574458
0.0634766 0.0592682
0.0654297 0.0610905
0.0673828 0.0629126
0.0693359 0.0647345
0.0712891 0.0665564
0.0732422 0.0683781
0.0751953 0.0701997
0.0771484 0.0720211
0.0791016 0.0738424
0.0810547 0.0756635
0.0830078 0.0774844
0.0849609 0.0793052
0.0869141 0.0811259
0.0888672 0.0829464
0.0908203 0.0847667
0.0927734 0.0865868
0.0947266 0.0884067
0.0966797 0.0902265
0.0986328 0.0920461
0.100586 0.0938654
0.102539 0.0956846
0.104492 0.0975036
0.106445 0.0993224
0.108398 0.101141
0.110352 0.102959
0.112305 0.104778
0.114258 0.106595
0.116211 0.108413
0.118164 0.110231
0.120117 0.112048
0.12207 0.113865
0.124023 0.115682
0.125977 0.117498
0.12793 0.119315
0.129883 0.121131
0.131836 0.122947
0.133789 0.124762
0.135742 0.126578
0.137695 0.128393
0.139648 0.130208
0.141602 0.132022
0.143555 0.133836
0.145508 0.13565
0.147461 0.137464
0.149414 0.139277
0.151367 0.141091
0.15332 0.142903
0.155273 0.144716
0.157227 0.146528
0.15918 0.14834
0.161133 0.150152
0.163086 0.151963
0.165039 0.153774
0.166992 0.155585
0.168945 0.157396
0.170898 0.159206
0.172852 0.161015
0.174805 0.162825
0.176758 0.164634
0.178711 0.166443
0.180664 0.168251
0.182617 0.170059
0.18457 0.171867
0.186523 0.173675
0.188477 0.175482
0.19043 0.177288
0.192383 0.179095
0.194336 0.180901
0.196289 0.182706
0.198242 0.184512
0.200195 0.186316
0.202148 0.188121
0.204102 0.189925
0.206055 0.191729
0.208008 0.193532
0.209961 0.195335
0.211914 0.197138
0.213867 0.19894
0.21582 0.200742
0.217773 0.202543
0.219727 0.204344
0.22168 0.206145
0.223633 0.207945
0.225586 0.209744
0.227539 0.211544
0.229492 0.213343
0.231445 0.215141
0.233398 0.216939
0.235352 0.218737
0.237305 0.220534
0.239258 0.222331
0.241211 0.224127
0.243164 0.225923
0.245117 0.227718
0.24707 0.229513
0.249023 0.231307
0.250977 0.233101
0.25293 0.234895
0.254883 0.236688
0.256836 0.238481
0.258789 0.240273
0.260742 0.242064
0.262695 0.243855
0.264648 0.245646
0.266602 0.247436
0.268555 0.249226
0.270508 0.251015
0.272461 0.252804
0.274414 0.254592
0.276367 0.25638
0.27832 0.258167
0.280273 0.259954
0.282227 0.26174
0.28418 0.263526
0.286133 0.265311
0.288086 0.267095
0.290039 0.268879
0.291992 0.270663
0.293945 0.272446
0.295898 0.274229
0.297852 0.276011
0.299805 0.277792
0.301758 0.279573
0.303711 0.281353
0.305664 0.283133
0.307617 0.284912
0.30957 0.286691
0.311523 0.288469
0.313477 0.290246
0.31543 0.292023
0.317383 0.2938
0.319336 0.295576
0.321289 0.297351
0.323242 0.299125
0.325195 0.3009
0.327148 0.302673
0.329102 0.304446
0.331055 0.306218
0.333008 0.30799
0.334961 0.309761
0.336914 0.311532
0.338867 0.313301
0.34082 0.315071
0.342773 0.316839
0.344727 0.318607
0.34668 0.320375
0.348633 0.322142
0.350586 0.323908
0.352539 0.325673
0.354492 0.327438
0.356445 0.329203
0.358398 0.330966
0.360352 0.332729
0.362305 0.334492
0.364258 0.336254
0.366211 0.338015
0.368164 0.339775
0.370117 0.341535
0.37207 0.343294
0.374023 0.345052
0.375977 0.34681
0.37793 0.348567
0.379883 0.350324
0.381836 0.352079
0.383789 0.353835
0.385742 0.355589
0.387695 0.357343
0.389648 0.359096
0.391602 0.360848
0.393555 0.3626
0.395508 0.364351
0.397461 0.366101
0.399414 0.36785
0.401367 0.369599
0.40332 0.371347
0.405273 0.373095
0.407227 0.374841
0.40918 0.376587
0.411133 0.378332
0.413086 0.380077
0.415039 0.381821
0.416992 0.383564
0.418945 0.385306
0.420898 0.387048
0.422852 0.388788
0.424805 0.390529
0.426758 0.392268
0.428711 0.394006
0.430664 0.395744
0.432617 0.397481
0.43457 0.399218
0.436523 0.400953
0.438477 0.402688
0.44043 0.404422
0.442383 0.406155
0.444336 0.407887
0.446289 0.409619
0.448242 0.41135
0.450195 0.41308
0.452148 0.414809
0.454102 0.416538
0.456055 0.418265
0.458008 0.419992
0.459961 0.421718
0.461914 0.423443
0.463867 0.425168
0.46582 0.426891
0.467773 0.428614
0.469727 0.430336
0.47168 0.432057
0.473633 0.433778
0.475586 0.435497
0.477539 0.437216
0.479492 0.438933
0.481445 0.44065
0.483398 0.442366
0.485352 0.444082
0.487305 0.445796
0.489258 0.447509
0.491211 0.449222
0.493164 0.450934
0.495117 0.452645
0.49707 0.454355
0.499023 0.456064
0.500977 0.457772
0.50293 0.45948
0.504883 0.461186
0.506836 0.462892
0.508789 0.464596
0.510742 0.4663
0.512695 0.468003
0.514648 0.469705
0.516602 0.471406
0.518555 0.473106
0.520508 0.474806
0.522461 0.476504
0.524414 0.478201
0.526367 0.479898
0.52832 0.481593
0.530273 0.483288
0.532227 0.484982
0.53418 0.486674
0.536133 0.488366
0.538086 0.490057
0.540039 0.491747
0.541992 0.493435
0.543945 0.495123
0.545898 0.49681
0.547852 0.498496
0.549805 0.500181
0.551758 0.501865
0.553711 0.503548
0.555664 0.50523
0.557617 0.506911
0.55957 0.508591
0.561523 0.51027
0.563477 0.511948
0.56543 0.513625
0.567383 0.515301
0.569336 0.516976
0.571289 0.51865
0.573242 0.520323
0.575195 0.521995
0.577148 0.523666
0.579102 0.525336
0.581055 0.527004
0.583008 0.528672
0.584961 0.530339
0.586914 0.532004
0.588867 0.533669
0.59082 0.535332
0.592773 0.536994
0.594727 0.538656
0.59668 0.540316
0.598633 0.541975
0.600586 0.543633
0.602539 0.54529
0.604492 0.546946
0.606445 0.5486
0.608398 0.550254
0.610352 0.551906
0.612305 0.553558
0.614258 0.555208
0.616211 0.556857
0.618164 0.558505
0.620117 0.560152
0.62207 0.561797
0.624023 0.563442
0.625977 0.565085
0.62793 0.566727
0.629883 0.568368
0.631836 0.570008
0.633789 0.571647
0.635742 0.573284
0.637695 0.574921
0.639648 0.576556
0.641602 0.57819
0.643555 0.579822
0.645508 0.581454
0.647461 0.583084
0.649414 0.584713
0.651367 0.586341
0.65332 0.587967
0.655273 0.589593
0.657227 0.591217
0.65918 0.59284
0.661133 0.594461
0.663086 0.596081
0.665039 0.5977
0.666992 0.599318
0.668945 0.600935
0.670898 0.60255
0.672852 0.604164
0.674805 0.605776
0.676758 0.607388
0.678711 0.608998
0.680664 0.610606
0.682617 0.612213
0.68457 0.613819
0.686523 0.615424
0.688477 0.617027
0.69043 0.618629
0.692383 0.62023
0.694336 0.621829
0.696289 0.623427
0.698242 0.625024
0.700195 0.626619
0.702148 0.628212
0.704102 0.629805
0.706055 0.631396
0.708008 0.632985
0.709961 0.634573
0.711914 0.63616
0.713867 0.637745
0.71582 0.639329
0.717773 0.640911
0.719727 0.642492
0.72168 0.644071
0.723633 0.645649
0.725586 0.647226
0.727539 0.6488
0.729492 0.650374
0.731445 0.651946
0.733398 0.653516
0.735352 0.655085
0.737305 0.656653
0.739258 0.658219
0.741211 0.659783
0.743164 0.661346
0.745117 0.662907
0.74707 0.664466
0.749023 0.666024
0.750977 0.667581
0.75293 0.669136
0.754883 0.670689
0.756836 0.672241
0.758789 0.673791
0.760742 0.675339
0.762695 0.676886
0.764648 0.678431
0.766602 0.679975
0.768555 0.681516
0.770508 0.683057
0.772461 0.684595
0.774414 0.686132
0.776367 0.687667
0.77832 0.6892
0.780273 0.690732
0.782227 0.692262
0.78418 0.69379
0.786133 0.695316
0.788086 0.696841
0.790039 0.698363
0.791992 0.699885
0.793945 0.701404
0.795898 0.702921
0.797852 0.704437
0.799805 0.705951
0.801758 0.707463
0.803711 0.708973
0.805664 0.710481
0.807617 0.711987
0.80957 0.713492
0.811523 0.714994
0.813477 0.716495
0.81543 0.717993
0.817383 0.71949
0.819336 0.720985
0.821289 0.722478
0.823242 0.723969
0.825195 0.725458
0.827148 0.726944
0.829102 0.728429
0.831055 0.729912
0.833008 0.731393
0.834961 0.732871
0.836914 0.734348
0.838867 0.735822
0.84082 0.737295
0.842773 0.738765
0.844727 0.740233
0.84668 0.741698
0.848633 0.743162
0.850586 0.744623
0.852539 0.746082
0.854492 0.747538
0.856445 0.748992
0.858398 0.750444
0.860352 0.751893
0.862305 0.753339
0.864258 0.754783
0.866211 0.756224
0.868164 0.757662
0.870117 0.759097
0.87207 0.76053
0.874023 0.761959
0.875977 0.763384
0.87793 0.764806
0.879883 0.766224
0.881836 0.767638
0.883789 0.769047
0.885742 0.770451
0.887695 0.77185
0.889648 0.773243
0.891602 0.77463
0.893555 0.77601
0.895508 0.777381
0.897461 0.778743
0.899414 0.780095
0.901367 0.781435
0.90332 0.782762
0.905273 0.784073
0.907227 0.785367
0.90918 0.786641
0.911133 0.787891
0.913086 0.789113
0.915039 0.790304
0.916992 0.791457
0.918945 0.792568
0.920898 0.793628
0.922852 0.794628
0.924805 0.79556
0.926758 0.796411
0.928711 0.797166
0.930664 0.797809
0.932617 0.798322
0.93457 0.79868
0.936523 0.798858
0.938477 0.798823
0.94043 0.798538
0.942383 0.797961
0.944336 0.79704
0.946289 0.795716
0.948242 0.79392
0.950195 0.791571
0.952148 0.788576
0.954102 0.784825
0.956055 0.780196
0.958008 0.774543
0.959961 0.767704
0.961914 0.759493
0.963867 0.749701
0.96582 0.738095
0.967773 0.724417
0.969727 0.708387
0.97168 0.689706
0.973633 0.668059
0.975586 0.643126
0.977539 0.614591
0.979492 0.582158
0.981445 0.54557
0.983398 0.504632
0.985352 0.459231
0.987305 0.409367
0.989258 0.35517
0.991211 0.296922
0.993164 0.235063
0.995117 0.170195
0.99707 0.103059
0.999023 0.0345124
1 0
