0 0
0.000976562 0.000883145
0.00292969 0.00264943
0.00488281 0.00441572
0.00683594 0.00618199
0.00878906 0.00794826
0.0107422 0.0097145
0.0126953 0.0114807
0.0146484 0.0132469
0.0166016 0.0150131
0.0185547 0.0167793
0.0205078 0.0185454
0.0224609 0.0203115
0.0244141 0.0220775
0.0263672 0.0238435
0.0283203 0.0256095
0.0302734 0.0273754
0.0322266 0.0291413
0.0341797 0.0309071
0.0361328 0.0326728
0.0380859 0.0344385
0.0400391 0.0362042
0.0419922 0.0379697
0.0439453 0.0397352
0.0458984 0.0415006
0.0478516 0.0432659
0.0498047 0.0450312
0.0517578 0.0467963
0.0537109 0.0485614
0.0556641 0.0503264
0.0576172 0.0520913
0.0595703 0.0538561
0.0615234 0.0556208
0.0634766 0.0573854
0.0654297 0.0591498
0.0673828 0.0609142
0.0693359 0.0626784
0.0712891 0.0644426
0.0732422 0.0662066
0.0751953 0.0679705
0.0771484 0.0697342
0.0791016 0.0714979
0.0810547 0.0732613
0.0830078 0.0750247
0.0849609 0.0767879
0.0869141 0.078551
0.0888672 0.0803139
0.0908203 0.0820767
0.0927734 0.0838393
0.0947266 0.0856018
0.0966797 0.087364
0.0986328 0.0891262
0.100586 0.0908882
0.102539 0.0926499
0.104492 0.0944116
0.106445 0.096173
0.108398 0.0979343
0.110352 0.0996954
0.112305 0.101456
0.114258 0.103217
0.116211 0.104977
0.118164 0.106738
0.120117 0.108498
0.12207 0.110258
0.124023 0.112018
0.125977 0.113777
0.12793 0.115536
0.129883 0.117295
0.131836 0.119054
0.133789 0.120813
0.135742 0.122571
0.137695 0.124329
0.139648 0.126087
0.141602 0.127845
0.143555 0.129603
0.145508 0.13136
0.147461 0.133117
0.149414 0.134874
0.151367 0.13663
0.15332 0.138386
0.155273 0.140142
0.157227 0.141898
0.15918 0.143653
0.161133 0.145409
0.163086 0.147164
0.165039 0.148918
0.166992 0.150673
0.168945 0.152427
0.170898 0.15418
0.172852 0.155934
0.174805 0.157687
0.176758 0.15944
0.178711 0.161193
0.180664 0.162945
0.182617 0.164697
0.18457 0.166449
0.186523 0.1682
0.188477 0.169952
0.19043 0.171702
0.192383 0.173453
0.194336 0.175203
0.196289 0.176953
0.198242 0.178702
0.200195 0.180452
0.202148 0.1822
0.204102 0.183949
0.206055 0.185697
0.208008 0.187445
0.209961 0.189193
0.211914 0.19094
0.213867 0.192687
0.21582 0.194433
0.217773 0.196179
0.219727 0.197925
0.22168 0.19967
0.223633 0.201415
0.225586 0.20316
0.227539 0.204904
0.229492 0.206648
0.231445 0.208392
0.233398 0.210135
0.235352 0.211878
0.237305 0.21362
0.239258 0.215362
0.241211 0.217104
0.243164 0.218845
0.245117 0.220586
0.24707 0.222326
0.249023 0.224066
0.250977 0.225806
0.25293 0.227545
0.254883 0.229284
0.256836 0.231022
0.258789 0.23276
0.260742 0.234498
0.262695 0.236235
0.264648 0.237971
0.266602 0.239708
0.268555 0.241443
0.270508 0.243179
0.272461 0.244914
0.274414 0.246648
0.276367 0.248382
0.27832 0.250116
0.280273 0.251849
0.282227 0.253582
0.28418 0.255314
0.286133 0.257046
0.288086 0.258777
0.290039 0.260508
0.291992 0.262238
0.293945 0.263968
0.295898 0.265698
0.297852 0.267427
0.299805 0.269155
0.301758 0.270883
0.303711 0.272611
0.305664 0.274338
0.307617 0.276064
0.30957 0.277791
0.311523 0.279516
0.313477 0.281241
0.31543 0.282966
0.317383 0.28469
0.319336 0.286413
0.321289 0.288136
0.323242 0.289859
0.325195 0.291581
0.327148 0.293302
0.329102 0.295023
0.331055 0.296744
0.333008 0.298464
0.334961 0.300183
0.336914 0.301902
0.338867 0.30362
0.34082 0.305338
0.342773 0.307055
0.344727 0.308772
0.34668 0.310488
0.348633 0.312204
0.350586 0.313919
0.352539 0.315633
0.354492 0.317347
0.356445 0.31906
0.358398 0.320773
0.360352 0.322485
0.362305 0.324197
0.364258 0.325908
0.366211 0.327619
0.368164 0.329329
0.370117 0.331038
0.37207 0.332747
0.374023 0.334455
0.375977 0.336163
0.37793 0.33787
0.379883 0.339576
0.381836 0.341282
0.383789 0.342987
0.385742 0.344692
0.387695 0.346396
0.389648 0.348099
0.391602 0.349802
0.393555 0.351504
0.395508 0.353205
0.397461 0.354906
0.399414 0.356607
0.401367 0.358306
0.40332 0.360005
0.405273 0.361704
0.407227 0.363401
0.40918 0.365098
0.411133 0.366795
0.413086 0.368491
0.415039 0.370186
0.416992 0.371881
0.418945 0.373574
0.420898 0.375268
0.422852 0.37696
0.424805 0.378652
0.426758 0.380343
0.428711 0.382034
0.430664 0.383724
0.432617 0.385413
0.43457 0.387102
0.436523 0.388789
0.438477 0.390477
0.44043 0.392163
0.442383 0.393849
0.444336 0.395534
0.446289 0.397219
0.448242 0.398902
0.450195 0.400585
0.452148 0.402268
0.454102 0.403949
0.456055 0.40563
0.458008 0.40731
0.459961 0.40899
0.461914 0.410669
0.463867 0.412347
0.46582 0.414024
0.467773 0.415701
0.469727 0.417376
0.47168 0.419052
0.473633 0.420726
0.475586 0.4224
0.477539 0.424073
0.479492 0.425745
0.481445 0.427416
0.483398 0.429087
0.485352 0.430757
0.487305 0.432426
0.489258 0.434094
0.491211 0.435762
0.493164 0.437429
0.495117 0.439095
0.49707 0.44076
0.499023 0.442425
0.500977 0.444088
0.50293 0.445751
0.504883 0.447414
0.506836 0.449075
0.508789 0.450736
0.510742 0.452395
0.512695 0.454054
0.514648 0.455713
0.516602 0.45737
0.518555 0.459027
0.520508 0.460682
0.522461 0.462337
0.524414 0.463991
0.526367 0.465645
0.52832 0.467297
0.530273 0.468949
0.532227 0.4706
0.53418 0.47225
0.536133 0.473899
0.538086 0.475547
0.540039 0.477195
0.541992 0.478841
0.543945 0.480487
0.545898 0.482132
0.547852 0.483776
0.549805 0.485419
0.551758 0.487061
0.553711 0.488703
0.555664 0.490343
0.557617 0.491983
0.55957 0.493622
0.561523 0.49526
0.563477 0.496897
0.56543 0.498533
0.567383 0.500168
0.569336 0.501802
0.571289 0.503436
0.573242 0.505068
0.575195 0.5067
0.577148 0.50833
0.579102 0.50996
0.581055 0.511589
0.583008 0.513217
0.584961 0.514844
0.586914 0.51647
0.588867 0.518095
0.59082 0.519719
0.592773 0.521342
0.594727 0.522964
0.59668 0.524586
0.598633 0.526206
0.600586 0.527825
0.602539 0.529444
0.604492 0.531061
0.606445 0.532678
0.608398 0.534293
0.610352 0.535908
0.612305 0.537521
0.614258 0.539134
0.616211 0.540745
0.618164 0.542356
0.620117 0.543965
0.62207 0.545574
0.624023 0.547181
0.625977 0.548787
0.62793 0.550393
0.629883 0.551997
0.631836 0.553601
0.633789 0.555203
0.635742 0.556804
0.637695 0.558404
0.639648 0.560004
0.641602 0.561602
0.643555 0.563199
0.645508 0.564795
0.647461 0.56639
0.649414 0.567984
0.651367 0.569576
0.65332 0.571168
0.655273 0.572759
0.657227 0.574348
0.65918 0.575937
0.661133 0.577524
0.663086 0.57911
0.665039 0.580695
0.666992 0.582279
0.668945 0.583862
0.670898 0.585444
0.672852 0.587025
0.674805 0.588604
0.676758 0.590182
0.678711 0.591759
0.680664 0.593335
0.682617 0.59491
0.68457 0.596484
0.686523 0.598056
0.688477 0.599628
0.69043 0.601198
0.692383 0.602767
0.694336 0.604335
0.696289 0.605901
0.698242 0.607467
0.700195 0.609031
0.702148 0.610594
0.704102 0.612155
0.706055 0.613716
0.708008 0.615275
0.709961 0.616833
0.711914 0.61839
0.713867 0.619945
0.71582 0.6215
0.717773 0.623053
0.719727 0.624604
0.72168 0.626155
0.723633 0.627704
0.725586 0.629252
0.727539 0.630798
0.729492 0.632344
0.731445 0.633888
0.733398 0.63543
0.735352 0.636972
0.737305 0.638512
0.739258 0.64005
0.741211 0.641588
0.743164 0.643124
0.745117 0.644658
0.74707 0.646191
0.749023 0.647723
0.750977 0.649254
0.75293 0.650783
0.754883 0.652311
0.756836 0.653837
0.758789 0.655362
0.760742 0.656885
0.762695 0.658407
0.764648 0.659928
0.766602 0.661447
0.768555 0.662965
0.770508 0.664481
0.772461 0.665996
0.774414 0.66751
0.776367 0.669022
0.77832 0.670532
0.780273 0.672041
0.782227 0.673548
0.78418 0.675054
0.786133 0.676559
0.788086 0.678062
0.790039 0.679563
0.791992 0.681063
0.793945 0.682561
0.795898 0.684058
0.797852 0.685553
0.799805 0.687046
0.801758 0.688538
0.803711 0.690029
0.805664 0.691517
0.807617 0.693005
0.80957 0.69449
0.811523 0.695974
0.813477 0.697456
0.81543 0.698937
0.817383 0.700416
0.819336 0.701893
0.821289 0.703368
0.823242 0.704842
0.825195 0.706314
0.827148 0.707785
0.829102 0.709253
0.831055 0.71072
0.833008 0.712185
0.834961 0.713648
0.836914 0.71511
0.838867 0.716569
0.84082 0.718027
0.842773 0.719483
0.844727 0.720937
0.84668 0.722389
0.848633 0.723839
0.850586 0.725287
0.852539 0.726733
0.854492 0.728177
0.856445 0.729619
0.858398 0.731058
0.860352 0.732496
0.862305 0.733931
0.864258 0.735363
0.866211 0.736793
0.868164 0.738221
0.870117 0.739646
0.87207 0.741067
0.874023 0.742486
0.875977 0.743902
0.87793 0.745314
0.879883 0.746722
0.881836 0.748126
0.883789 0.749526
0.885742 0.75092
0.887695 0.75231
0.889648 0.753693
0.891602 0.75507
0.893555 0.756439
0.895508 0.757799
0.897461 0.75915
0.899414 0.76049
0.901367 0.761818
0.90332 0.763131
0.905273 0.764428
0.907227 0.765705
0.90918 0.766961
0.911133 0.768191
0.913086 0.769392
0.915039 0.770558
0.916992 0.771685
0.918945 0.772765
0.920898 0.77379
0.922852 0.774752
0.924805 0.77564
0.926758 0.776441
0.928711 0.777141
0.930664 0.777722
0.932617 0.778164
0.93457 0.778444
0.936523 0.778533
0.938477 0.778399
0.94043 0.778005
0.942383 0.777306
0.944336 0.77625
0.946289 0.774777
0.948242 0.772819
0.950195 0.770295
0.952148 0.76711
0.954102 0.763159
0.956055 0.758318
0.958008 0.752448
0.959961 0.745389
0.961914 0.736961
0.963867 0.726965
0.96582 0.715177
0.967773 0.701354
0.969727 0.685233
0.97168 0.666535
0.973633 0.64497
0.975586 0.620245
0.977539 0.592076
0.979492 0.5602
0.981445 0.524394
0.983398 0.484495
0.985352 0.440419
0.987305 0.392185
0.989258 0.339932
0.991211 0.283937
0.993164 0.22462
0.995117 0.162541
0.99707 0.0983854
0.999023 0.0329409
1 0
