0 0
0.000976562 0.000878357
0.00292969 0.00263507
0.00488281 0.00439178
0.00683594 0.00614848
0.00878906 0.00790517
0.0107422 0.00966184
0.0126953 0.0114185
0.0146484 0.0131751
0.0166016 0.0149317
0.0185547 0.0166883
0.0205078 0.0184449
0.0224609 0.0202014
0.0244141 0.0219579
0.0263672 0.0237143
0.0283203 0.0254707
0.0302734 0.0272271
0.0322266 0.0289834
0.0341797 0.0307396
0.0361328 0.0324958
0.0380859 0.0342519
0.0400391 0.036008
0.0419922 0.037764
0.0439453 0.0395199
0.0458984 0.0412757
0.0478516 0.0430315
0.0498047 0.0447872
0.0517578 0.0465428
0.0537109 0.0482984
0.0556641 0.0500538
0.0576172 0.0518091
0.0595703 0.0535644
0.0615234 0.0553195
0.0634766 0.0570746
0.0654297 0.0588295
0.0673828 0.0605843
0.0693359 0.0623391
0.0712891 0.0640937
0.0732422 0.0658481
0.0751953 0.0676025
0.0771484 0.0693567
0.0791016 0.0711109
0.0810547 0.0728648
0.0830078 0.0746187
0.0849609 0.0763724
0.0869141 0.0781259
0.0888672 0.0798794
0.0908203 0.0816326
0.0927734 0.0833858
0.0947266 0.0851387
0.0966797 0.0868915
0.0986328 0.0886442
0.100586 0.0903967
0.102539 0.092149
0.104492 0.0939011
0.106445 0.0956531
0.108398 0.0974049
0.110352 0.0991565
0.112305 0.100908
0.114258 0.102659
0.116211 0.10441
0.118164 0.106161
0.120117 0.107912
0.12207 0.109662
0.124023 0.111413
0.125977 0.113163
0.12793 0.114913
0.129883 0.116662
0.131836 0.118412
0.133789 0.120161
0.135742 0.12191
0.137695 0.123659
0.139648 0.125407
0.141602 0.127155
0.143555 0.128904
0.145508 0.130651
0.147461 0.132399
0.149414 0.134146
0.151367 0.135894
0.15332 0.13764
0.155273 0.139387
0.157227 0.141133
0.15918 0.142879
0.161133 0.144625
0.163086 0.146371
0.165039 0.148116
0.166992 0.149861
0.168945 0.151606
0.170898 0.153351
0.172852 0.155095
0.174805 0.156839
0.176758 0.158582
0.178711 0.160326
0.180664 0.162069
0.182617 0.163812
0.18457 0.165554
0.186523 0.167296
0.188477 0.169038
0.19043 0.17078
0.192383 0.172521
0.194336 0.174262
0.196289 0.176003
0.198242 0.177743
0.200195 0.179483
0.202148 0.181223
0.204102 0.182962
0.206055 0.184701
0.208008 0.18644
0.209961 0.188178
0.211914 0.189916
0.213867 0.191654
0.21582 0.193391
0.217773 0.195128
0.219727 0.196865
0.22168 0.198601
0.223633 0.200337
0.225586 0.202072
0.227539 0.203807
0.229492 0.205542
0.231445 0.207277
0.233398 0.209011
0.235352 0.210744
0.237305 0.212478
0.239258 0.214211
0.241211 0.215943
0.243164 0.217675
0.245117 0.219407
0.24707 0.221139
0.249023 0.22287
0.250977 0.2246
0.25293 0.22633
0.254883 0.22806
0.256836 0.22979
0.258789 0.231519
0.260742 0.233247
0.262695 0.234975
0.264648 0.236703
0.266602 0.23843
0.268555 0.240157
0.270508 0.241884
0.272461 0.24361
0.274414 0.245335
0.276367 0.24706
0.27832 0.248785
0.280273 0.250509
0.282227 0.252233
0.28418 0.253957
0.286133 0.25568
0.288086 0.257402
0.290039 0.259124
0.291992 0.260846
0.293945 0.262567
0.295898 0.264288
0.297852 0.266008
0.299805 0.267727
0.301758 0.269447
0.303711 0.271165
0.305664 0.272884
0.307617 0.274602
0.30957 0.276319
0.311523 0.278036
0.313477 0.279752
0.31543 0.281468
0.317383 0.283183
0.319336 0.284898
0.321289 0.286613
0.323242 0.288326
0.325195 0.29004
0.327148 0.291753
0.329102 0.293465
0.331055 0.295177
0.333008 0.296888
0.334961 0.298599
0.336914 0.300309
0.338867 0.302019
0.34082 0.303728
0.342773 0.305437
0.344727 0.307145
0.34668 0.308853
0.348633 0.31056
0.350586 0.312266
0.352539 0.313972
0.354492 0.315678
0.356445 0.317383
0.358398 0.319087
0.360352 0.320791
0.362305 0.322494
0.364258 0.324197
0.366211 0.325899
0.368164 0.3276
0.370117 0.329301
0.37207 0.331002
0.374023 0.332701
0.375977 0.334401
0.37793 0.336099
0.379883 0.337797
0.381836 0.339495
0.383789 0.341192
0.385742 0.342888
0.387695 0.344584
0.389648 0.346279
0.391602 0.347973
0.393555 0.349667
0.395508 0.351361
0.397461 0.353053
0.399414 0.354745
0.401367 0.356437
0.40332 0.358128
0.405273 0.359818
0.407227 0.361508
0.40918 0.363197
0.411133 0.364885
0.413086 0.366573
0.415039 0.36826
0.416992 0.369946
0.418945 0.371632
0.420898 0.373317
0.422852 0.375002
0.424805 0.376685
0.426758 0.378369
0.428711 0.380051
0.430664 0.381733
0.432617 0.383414
0.43457 0.385095
0.436523 0.386775
0.438477 0.388454
0.44043 0.390133
0.442383 0.391811
0.444336 0.393488
0.446289 0.395164
0.448242 0.39684
0.450195 0.398516
0.452148 0.40019
0.454102 0.401864
0.456055 0.403537
0.458008 0.405209
0.459961 0.406881
0.461914 0.408552
0.463867 0.410222
0.46582 0.411892
0.467773 0.413561
0.469727 0.415229
0.47168 0.416896
0.473633 0.418563
0.475586 0.420229
0.477539 0.421894
0.479492 0.423559
0.481445 0.425223
0.483398 0.426886
0.485352 0.428548
0.487305 0.43021
0.489258 0.431871
0.491211 0.433531
0.493164 0.43519
0.495117 0.436849
0.49707 0.438506
0.499023 0.440163
0.500977 0.44182
0.50293 0.443475
0.504883 0.44513
0.506836 0.446784
0.508789 0.448437
0.510742 0.45009
0.512695 0.451741
0.514648 0.453392
0.516602 0.455042
0.518555 0.456691
0.520508 0.45834
0.522461 0.459988
0.524414 0.461634
0.526367 0.46328
0.52832 0.464926
0.530273 0.46657
0.532227 0.468214
0.53418 0.469857
0.536133 0.471499
0.538086 0.47314
0.540039 0.47478
0.541992 0.47642
0.543945 0.478058
0.545898 0.479696
0.547852 0.481333
0.549805 0.482969
0.551758 0.484604
0.553711 0.486239
0.555664 0.487872
0.557617 0.489505
0.55957 0.491137
0.561523 0.492768
0.563477 0.494398
0.56543 0.496027
0.567383 0.497656
0.569336 0.499283
0.571289 0.50091
0.573242 0.502535
0.575195 0.50416
0.577148 0.505784
0.579102 0.507407
0.581055 0.509029
0.583008 0.51065
0.584961 0.51227
0.586914 0.51389
0.588867 0.515508
0.59082 0.517126
0.592773 0.518742
0.594727 0.520358
0.59668 0.521973
0.598633 0.523586
0.600586 0.525199
0.602539 0.526811
0.604492 0.528422
0.606445 0.530032
0.608398 0.531641
0.610352 0.533249
0.612305 0.534856
0.614258 0.536462
0.616211 0.538067
0.618164 0.539671
0.620117 0.541275
0.62207 0.542877
0.624023 0.544478
0.625977 0.546078
0.62793 0.547677
0.629883 0.549275
0.631836 0.550873
0.633789 0.552469
0.635742 0.554064
0.637695 0.555658
0.639648 0.557251
0.641602 0.558843
0.643555 0.560434
0.645508 0.562024
0.647461 0.563613
0.649414 0.565201
0.651367 0.566788
0.65332 0.568373
0.655273 0.569958
0.657227 0.571542
0.65918 0.573124
0.661133 0.574706
0.663086 0.576286
0.665039 0.577865
0.666992 0.579444
0.668945 0.581021
0.670898 0.582597
0.672852 0.584172
0.674805 0.585745
0.676758 0.587318
0.678711 0.58889
0.680664 0.59046
0.682617 0.592029
0.68457 0.593597
0.686523 0.595164
0.688477 0.59673
0.69043 0.598295
0.692383 0.599858
0.694336 0.601421
0.696289 0.602982
0.698242 0.604542
0.700195 0.606101
0.702148 0.607658
0.704102 0.609215
0.706055 0.61077
0.708008 0.612324
0.709961 0.613877
0.711914 0.615428
0.713867 0.616979
0.71582 0.618528
0.717773 0.620076
0.719727 0.621622
0.72168 0.623168
0.723633 0.624712
0.725586 0.626255
0.727539 0.627796
0.729492 0.629337
0.731445 0.630876
0.733398 0.632414
0.735352 0.63395
0.737305 0.635485
0.739258 0.637019
0.741211 0.638552
0.743164 0.640083
0.745117 0.641613
0.74707 0.643142
0.749023 0.644669
0.750977 0.646195
0.75293 0.647719
0.754883 0.649243
0.756836 0.650764
0.758789 0.652285
0.760742 0.653804
0.762695 0.655322
0.764648 0.656838
0.766602 0.658353
0.768555 0.659866
0.770508 0.661378
0.772461 0.662889
0.774414 0.664398
0.776367 0.665906
0.77832 0.667412
0.780273 0.668917
0.782227 0.670421
0.78418 0.671923
0.786133 0.673423
0.788086 0.674922
0.790039 0.67642
0.791992 0.677916
0.793945 0.67941
0.795898 0.680903
0.797852 0.682394
0.799805 0.683884
0.801758 0.685372
0.803711 0.686859
0.805664 0.688344
0.807617 0.689828
0.80957 0.69131
0.811523 0.69279
0.813477 0.694269
0.81543 0.695746
0.817383 0.697222
0.819336 0.698696
0.821289 0.700168
0.823242 0.701639
0.825195 0.703107
0.827148 0.704575
0.829102 0.70604
0.831055 0.707504
0.833008 0.708966
0.834961 0.710426
0.836914 0.711885
0.838867 0.713342
0.84082 0.714796
0.842773 0.716249
0.844727 0.717701
0.84668 0.71915
0.848633 0.720597
0.850586 0.722043
0.852539 0.723486
0.854492 0.724928
0.856445 0.726367
0.858398 0.727804
0.860352 0.729239
0.862305 0.730672
0.864258 0.732102
0.866211 0.73353
0.868164 0.734955
0.870117 0.736377
0.87207 0.737797
0.874023 0.739214
0.875977 0.740627
0.87793 0.742037
0.879883 0.743443
0.881836 0.744845
0.883789 0.746242
0.885742 0.747635
0.887695 0.749022
0.889648 0.750403
0.891602 0.751777
0.893555 0.753144
0.895508 0.754502
0.897461 0.755851
0.899414 0.757188
0.901367 0.758512
0.90332 0.759823
0.905273 0.761116
0.907227 0.76239
0.90918 0.763642
0.911133 0.764868
0.913086 0.766064
0.915039 0.767225
0.916992 0.768346
0.918945 0.76942
0.920898 0.770439
0.922852 0.771393
0.924805 0.772273
0.926758 0.773064
0.928711 0.773753
0.930664 0.774323
0.932617 0.774752
0.93457 0.775016
0.936523 0.775089
0.938477 0.774937
0.94043 0.774523
0.942383 0.773801
0.944336 0.772721
0.946289 0.771222
0.948242 0.769235
0.950195 0.766679
0.952148 0.763461
0.954102 0.759475
0.956055 0.754597
0.958008 0.748689
0.959961 0.741592
0.961914 0.733128
0.963867 0.723097
0.96582 0.711279
0.967773 0.697432
0.969727 0.681297
0.97168 0.662598
0.973633 0.64105
0.975586 0.616363
0.977539 0.588259
0.979492 0.556481
0.981445 0.520811
0.983398 0.481092
0.985352 0.437243
0.987305 0.389287
0.989258 0.337365
0.991211 0.281752
0.993164 0.222864
0.995117 0.161254
0.99707 0.0976002
0.999023 0.0326769
1 0
