0 0
0.000976562 0.000874407
0.00292969 0.00262322
0.00488281 0.00437203
0.00683594 0.00612083
0.00878906 0.00786962
0.0107422 0.00961839
0.0126953 0.0113672
0.0146484 0.0131159
0.0166016 0.0148646
0.0185547 0.0166133
0.0205078 0.0183619
0.0224609 0.0201106
0.0244141 0.0218591
0.0263672 0.0236077
0.0283203 0.0253562
0.0302734 0.0271046
0.0322266 0.028853
0.0341797 0.0306014
0.0361328 0.0323497
0.0380859 0.0340979
0.0400391 0.0358461
0.0419922 0.0375942
0.0439453 0.0393423
0.0458984 0.0410902
0.0478516 0.0428381
0.0498047 0.0445859
0.0517578 0.0463337
0.0537109 0.0480813
0.0556641 0.0498289
0.0576172 0.0515763
0.0595703 0.0533237
0.0615234 0.055071
0.0634766 0.0568182
0.0654297 0.0585652
0.0673828 0.0603122
0.0693359 0.062059
0.0712891 0.0638058
0.0732422 0.0655524
0.0751953 0.0672989
0.0771484 0.0690453
0.0791016 0.0707916
0.0810547 0.0725377
0.0830078 0.0742837
0.0849609 0.0760295
0.0869141 0.0777753
0.0888672 0.0795208
0.0908203 0.0812663
0.0927734 0.0830116
0.0947266 0.0847567
0.0966797 0.0865017
0.0986328 0.0882465
0.100586 0.0899911
0.102539 0.0917356
0.104492 0.09348
0.106445 0.0952241
0.108398 0.0969681
0.110352 0.0987119
0.112305 0.100456
0.114258 0.102199
0.116211 0.103942
0.118164 0.105685
0.120117 0.107428
0.12207 0.109171
0.124023 0.110913
0.125977 0.112656
0.12793 0.114398
0.129883 0.11614
0.131836 0.117881
0.133789 0.119623
0.135742 0.121364
0.137695 0.123105
0.139648 0.124846
0.141602 0.126586
0.143555 0.128327
0.145508 0.130067
0.147461 0.131807
0.149414 0.133546
0.151367 0.135286
0.15332 0.137025
0.155273 0.138764
0.157227 0.140502
0.15918 0.142241
0.161133 0.143979
0.163086 0.145717
0.165039 0.147455
0.166992 0.149192
0.168945 0.150929
0.170898 0.152666
0.172852 0.154402
0.174805 0.156139
0.176758 0.157875
0.178711 0.15961
0.180664 0.161346
0.182617 0.163081
0.18457 0.164816
0.186523 0.16655
0.188477 0.168284
0.19043 0.170018
0.192383 0.171752
0.194336 0.173485
0.196289 0.175218
0.198242 0.176951
0.200195 0.178684
0.202148 0.180416
0.204102 0.182147
0.206055 0.183879
0.208008 0.18561
0.209961 0.187341
0.211914 0.189071
0.213867 0.190801
0.21582 0.192531
0.217773 0.19426
0.219727 0.195989
0.22168 0.197718
0.223633 0.199447
0.225586 0.201175
0.227539 0.202902
0.229492 0.20463
0.231445 0.206356
0.233398 0.208083
0.235352 0.209809
0.237305 0.211535
0.239258 0.213261
0.241211 0.214986
0.243164 0.21671
0.245117 0.218435
0.24707 0.220159
0.249023 0.221882
0.250977 0.223605
0.25293 0.225328
0.254883 0.22705
0.256836 0.228772
0.258789 0.230494
0.260742 0.232215
0.262695 0.233936
0.264648 0.235656
0.266602 0.237376
0.268555 0.239096
0.270508 0.240815
0.272461 0.242533
0.274414 0.244252
0.276367 0.245969
0.27832 0.247687
0.280273 0.249404
0.282227 0.25112
0.28418 0.252836
0.286133 0.254552
0.288086 0.256267
0.290039 0.257982
0.291992 0.259696
0.293945 0.26141
0.295898 0.263124
0.297852 0.264836
0.299805 0.266549
0.301758 0.268261
0.303711 0.269972
0.305664 0.271684
0.307617 0.273394
0.30957 0.275104
0.311523 0.276814
0.313477 0.278523
0.31543 0.280232
0.317383 0.28194
0.319336 0.283648
0.321289 0.285355
0.323242 0.287062
0.325195 0.288768
0.327148 0.290473
0.329102 0.292179
0.331055 0.293883
0.333008 0.295588
0.334961 0.297291
0.336914 0.298994
0.338867 0.300697
0.34082 0.302399
0.342773 0.304101
0.344727 0.305802
0.34668 0.307503
0.348633 0.309203
0.350586 0.310902
0.352539 0.312601
0.354492 0.3143
0.356445 0.315997
0.358398 0.317695
0.360352 0.319392
0.362305 0.321088
0.364258 0.322784
0.366211 0.324479
0.368164 0.326173
0.370117 0.327867
0.37207 0.329561
0.374023 0.331254
0.375977 0.332946
0.37793 0.334638
0.379883 0.336329
0.381836 0.33802
0.383789 0.33971
0.385742 0.341399
0.387695 0.343088
0.389648 0.344776
0.391602 0.346464
0.393555 0.348151
0.395508 0.349838
0.397461 0.351523
0.399414 0.353209
0.401367 0.354893
0.40332 0.356577
0.405273 0.358261
0.407227 0.359944
0.40918 0.361626
0.411133 0.363308
0.413086 0.364989
0.415039 0.366669
0.416992 0.368349
0.418945 0.370028
0.420898 0.371707
0.422852 0.373384
0.424805 0.375062
0.426758 0.376738
0.428711 0.378414
0.430664 0.380089
0.432617 0.381764
0.43457 0.383438
0.436523 0.385111
0.438477 0.386784
0.44043 0.388456
0.442383 0.390128
0.444336 0.391798
0.446289 0.393468
0.448242 0.395138
0.450195 0.396806
0.452148 0.398474
0.454102 0.400142
0.456055 0.401808
0.458008 0.403474
0.459961 0.405139
0.461914 0.406804
0.463867 0.408468
0.46582 0.410131
0.467773 0.411794
0.469727 0.413455
0.47168 0.415116
0.473633 0.416777
0.475586 0.418436
0.477539 0.420095
0.479492 0.421754
0.481445 0.423411
0.483398 0.425068
0.485352 0.426724
0.487305 0.428379
0.489258 0.430034
0.491211 0.431688
0.493164 0.433341
0.495117 0.434993
0.49707 0.436645
0.499023 0.438296
0.500977 0.439946
0.50293 0.441595
0.504883 0.443244
0.506836 0.444892
0.508789 0.446539
0.510742 0.448185
0.512695 0.44983
0.514648 0.451475
0.516602 0.453119
0.518555 0.454762
0.520508 0.456405
0.522461 0.458047
0.524414 0.459687
0.526367 0.461327
0.52832 0.462967
0.530273 0.464605
0.532227 0.466243
0.53418 0.46788
0.536133 0.469516
0.538086 0.471151
0.540039 0.472785
0.541992 0.474419
0.543945 0.476052
0.545898 0.477684
0.547852 0.479315
0.549805 0.480945
0.551758 0.482575
0.553711 0.484203
0.555664 0.485831
0.557617 0.487458
0.55957 0.489084
0.561523 0.490709
0.563477 0.492334
0.56543 0.493957
0.567383 0.49558
0.569336 0.497201
0.571289 0.498822
0.573242 0.500442
0.575195 0.502061
0.577148 0.50368
0.579102 0.505297
0.581055 0.506914
0.583008 0.508529
0.584961 0.510144
0.586914 0.511758
0.588867 0.513371
0.59082 0.514983
0.592773 0.516594
0.594727 0.518204
0.59668 0.519813
0.598633 0.521421
0.600586 0.523029
0.602539 0.524635
0.604492 0.526241
0.606445 0.527845
0.608398 0.529449
0.610352 0.531052
0.612305 0.532653
0.614258 0.534254
0.616211 0.535854
0.618164 0.537453
0.620117 0.539051
0.62207 0.540648
0.624023 0.542244
0.625977 0.543839
0.62793 0.545433
0.629883 0.547026
0.631836 0.548618
0.633789 0.550209
0.635742 0.551799
0.637695 0.553388
0.639648 0.554976
0.641602 0.556563
0.643555 0.558149
0.645508 0.559734
0.647461 0.561317
0.649414 0.5629
0.651367 0.564482
0.65332 0.566063
0.655273 0.567643
0.657227 0.569221
0.65918 0.570799
0.661133 0.572376
0.663086 0.573951
0.665039 0.575526
0.666992 0.577099
0.668945 0.578671
0.670898 0.580243
0.672852 0.581813
0.674805 0.583382
0.676758 0.58495
0.678711 0.586517
0.680664 0.588082
0.682617 0.589647
0.68457 0.59121
0.686523 0.592773
0.688477 0.594334
0.69043 0.595894
0.692383 0.597453
0.694336 0.599011
0.696289 0.600567
0.698242 0.602123
0.700195 0.603677
0.702148 0.605231
0.704102 0.606783
0.706055 0.608333
0.708008 0.609883
0.709961 0.611431
0.711914 0.612979
0.713867 0.614525
0.71582 0.61607
0.717773 0.617613
0.719727 0.619156
0.72168 0.620697
0.723633 0.622237
0.725586 0.623776
0.727539 0.625313
0.729492 0.626849
0.731445 0.628384
0.733398 0.629918
0.735352 0.63145
0.737305 0.632982
0.739258 0.634512
0.741211 0.63604
0.743164 0.637568
0.745117 0.639094
0.74707 0.640618
0.749023 0.642142
0.750977 0.643664
0.75293 0.645185
0.754883 0.646704
0.756836 0.648222
0.758789 0.649739
0.760742 0.651254
0.762695 0.652768
0.764648 0.654281
0.766602 0.655792
0.768555 0.657302
0.770508 0.658811
0.772461 0.660318
0.774414 0.661823
0.776367 0.663328
0.77832 0.664831
0.780273 0.666332
0.782227 0.667832
0.78418 0.669331
0.786133 0.670828
0.788086 0.672323
0.790039 0.673818
0.791992 0.67531
0.793945 0.676802
0.795898 0.678291
0.797852 0.67978
0.799805 0.681266
0.801758 0.682752
0.803711 0.684235
0.805664 0.685717
0.807617 0.687198
0.80957 0.688677
0.811523 0.690154
0.813477 0.69163
0.81543 0.693105
0.817383 0.694577
0.819336 0.696048
0.821289 0.697518
0.823242 0.698986
0.825195 0.700452
0.827148 0.701917
0.829102 0.703379
0.831055 0.704841
0.833008 0.7063
0.834961 0.707758
0.836914 0.709214
0.838867 0.710668
0.84082 0.712121
0.842773 0.713571
0.844727 0.71502
0.84668 0.716467
0.848633 0.717912
0.850586 0.719355
0.852539 0.720797
0.854492 0.722236
0.856445 0.723673
0.858398 0.725108
0.860352 0.726541
0.862305 0.727971
0.864258 0.7294
0.866211 0.730825
0.868164 0.732249
0.870117 0.733669
0.87207 0.735087
0.874023 0.736502
0.875977 0.737913
0.87793 0.739321
0.879883 0.740725
0.881836 0.742125
0.883789 0.743521
0.885742 0.744911
0.887695 0.746296
0.889648 0.747676
0.891602 0.749048
0.893555 0.750412
0.895508 0.751768
0.897461 0.753114
0.899414 0.754449
0.901367 0.755771
0.90332 0.757079
0.905273 0.758369
0.907227 0.75964
0.90918 0.760889
0.911133 0.762111
0.913086 0.763303
0.915039 0.76446
0.916992 0.765576
0.918945 0.766645
0.920898 0.767658
0.922852 0.768605
0.924805 0.769478
0.926758 0.770261
0.928711 0.770941
0.930664 0.7715
0.932617 0.771918
0.93457 0.77217
0.936523 0.772229
0.938477 0.772062
0.94043 0.77163
0.942383 0.77089
0.944336 0.769789
0.946289 0.768268
0.948242 0.766256
0.950195 0.763674
0.952148 0.760428
0.954102 0.756413
0.956055 0.751504
0.958008 0.745565
0.959961 0.738436
0.961914 0.729941
0.963867 0.719881
0.96582 0.708038
0.967773 0.694173
0.969727 0.678027
0.97168 0.659327
0.973633 0.637793
0.975586 0.613138
0.977539 0.585089
0.979492 0.553394
0.981445 0.517838
0.983398 0.478268
0.985352 0.434609
0.987305 0.386884
0.989258 0.335236
0.991211 0.27994
0.993164 0.221408
0.995117 0.160188
0.99707 0.0969497
0.999023 0.0324582
1 0
