0 0
0.000976562 0.000872055
0.00292969 0.00261616
0.00488281 0.00436026
0.00683594 0.00610436
0.00878906 0.00784844
0.0107422 0.00959251
0.0126953 0.0113366
0.0146484 0.0130806
0.0166016 0.0148246
0.0185547 0.0165686
0.0205078 0.0183125
0.0224609 0.0200565
0.0244141 0.0218003
0.0263672 0.0235442
0.0283203 0.025288
0.0302734 0.0270317
0.0322266 0.0287754
0.0341797 0.0305191
0.0361328 0.0322627
0.0380859 0.0340062
0.0400391 0.0357497
0.0419922 0.0374931
0.0439453 0.0392364
0.0458984 0.0409797
0.0478516 0.0427229
0.0498047 0.044466
0.0517578 0.0462091
0.0537109 0.047952
0.0556641 0.0496949
0.0576172 0.0514377
0.0595703 0.0531803
0.0615234 0.0549229
0.0634766 0.0566654
0.0654297 0.0584078
0.0673828 0.0601501
0.0693359 0.0618922
0.0712891 0.0636343
0.0732422 0.0653762
0.0751953 0.0671181
0.0771484 0.0688598
0.0791016 0.0706014
0.0810547 0.0723428
0.0830078 0.0740841
0.0849609 0.0758253
0.0869141 0.0775664
0.0888672 0.0793073
0.0908203 0.081048
0.0927734 0.0827886
0.0947266 0.0845291
0.0966797 0.0862694
0.0986328 0.0880096
0.100586 0.0897496
0.102539 0.0914894
0.104492 0.0932291
0.106445 0.0949686
0.108398 0.0967079
0.110352 0.0984471
0.112305 0.100186
0.114258 0.101925
0.116211 0.103663
0.118164 0.105402
0.120117 0.10714
0.12207 0.108878
0.124023 0.110616
0.125977 0.112354
0.12793 0.114091
0.129883 0.115828
0.131836 0.117565
0.133789 0.119302
0.135742 0.121039
0.137695 0.122775
0.139648 0.124511
0.141602 0.126247
0.143555 0.127983
0.145508 0.129719
0.147461 0.131454
0.149414 0.133189
0.151367 0.134924
0.15332 0.136658
0.155273 0.138393
0.157227 0.140127
0.15918 0.14186
0.161133 0.143594
0.163086 0.145327
0.165039 0.14706
0.166992 0.148793
0.168945 0.150526
0.170898 0.152258
0.172852 0.15399
0.174805 0.155722
0.176758 0.157453
0.178711 0.159184
0.180664 0.160915
0.182617 0.162646
0.18457 0.164376
0.186523 0.166106
0.188477 0.167835
0.19043 0.169565
0.192383 0.171294
0.194336 0.173023
0.196289 0.174751
0.198242 0.176479
0.200195 0.178207
0.202148 0.179935
0.204102 0.181662
0.206055 0.183389
0.208008 0.185116
0.209961 0.186842
0.211914 0.188568
0.213867 0.190293
0.21582 0.192019
0.217773 0.193743
0.219727 0.195468
0.22168 0.197192
0.223633 0.198916
0.225586 0.20064
0.227539 0.202363
0.229492 0.204086
0.231445 0.205808
0.233398 0.20753
0.235352 0.209252
0.237305 0.210973
0.239258 0.212694
0.241211 0.214415
0.243164 0.216135
0.245117 0.217855
0.24707 0.219575
0.249023 0.221294
0.250977 0.223013
0.25293 0.224731
0.254883 0.226449
0.256836 0.228166
0.258789 0.229883
0.260742 0.2316
0.262695 0.233317
0.264648 0.235033
0.266602 0.236748
0.268555 0.238463
0.270508 0.240178
0.272461 0.241892
0.274414 0.243606
0.276367 0.245319
0.27832 0.247032
0.280273 0.248745
0.282227 0.250457
0.28418 0.252169
0.286133 0.25388
0.288086 0.255591
0.290039 0.257301
0.291992 0.259011
0.293945 0.260721
0.295898 0.26243
0.297852 0.264139
0.299805 0.265847
0.301758 0.267554
0.303711 0.269262
0.305664 0.270968
0.307617 0.272675
0.30957 0.27438
0.311523 0.276086
0.313477 0.277791
0.31543 0.279495
0.317383 0.281199
0.319336 0.282902
0.321289 0.284605
0.323242 0.286308
0.325195 0.28801
0.327148 0.289711
0.329102 0.291412
0.331055 0.293113
0.333008 0.294813
0.334961 0.296512
0.336914 0.298211
0.338867 0.299909
0.34082 0.301607
0.342773 0.303305
0.344727 0.305002
0.34668 0.306698
0.348633 0.308394
0.350586 0.310089
0.352539 0.311784
0.354492 0.313478
0.356445 0.315172
0.358398 0.316865
0.360352 0.318558
0.362305 0.32025
0.364258 0.321941
0.366211 0.323632
0.368164 0.325323
0.370117 0.327013
0.37207 0.328702
0.374023 0.330391
0.375977 0.332079
0.37793 0.333767
0.379883 0.335454
0.381836 0.33714
0.383789 0.338826
0.385742 0.340512
0.387695 0.342196
0.389648 0.343881
0.391602 0.345564
0.393555 0.347247
0.395508 0.34893
0.397461 0.350612
0.399414 0.352293
0.401367 0.353974
0.40332 0.355654
0.405273 0.357333
0.407227 0.359012
0.40918 0.36069
0.411133 0.362368
0.413086 0.364045
0.415039 0.365721
0.416992 0.367397
0.418945 0.369072
0.420898 0.370747
0.422852 0.37242
0.424805 0.374094
0.426758 0.375766
0.428711 0.377438
0.430664 0.37911
0.432617 0.38078
0.43457 0.38245
0.436523 0.38412
0.438477 0.385789
0.44043 0.387457
0.442383 0.389124
0.444336 0.390791
0.446289 0.392457
0.448242 0.394123
0.450195 0.395787
0.452148 0.397452
0.454102 0.399115
0.456055 0.400778
0.458008 0.40244
0.459961 0.404101
0.461914 0.405762
0.463867 0.407422
0.46582 0.409082
0.467773 0.41074
0.469727 0.412398
0.47168 0.414055
0.473633 0.415712
0.475586 0.417368
0.477539 0.419023
0.479492 0.420677
0.481445 0.422331
0.483398 0.423984
0.485352 0.425637
0.487305 0.427288
0.489258 0.428939
0.491211 0.430589
0.493164 0.432238
0.495117 0.433887
0.49707 0.435535
0.499023 0.437182
0.500977 0.438829
0.50293 0.440474
0.504883 0.442119
0.506836 0.443763
0.508789 0.445407
0.510742 0.447049
0.512695 0.448691
0.514648 0.450332
0.516602 0.451973
0.518555 0.453612
0.520508 0.455251
0.522461 0.456889
0.524414 0.458527
0.526367 0.460163
0.52832 0.461799
0.530273 0.463434
0.532227 0.465068
0.53418 0.466701
0.536133 0.468333
0.538086 0.469965
0.540039 0.471596
0.541992 0.473226
0.543945 0.474855
0.545898 0.476484
0.547852 0.478111
0.549805 0.479738
0.551758 0.481364
0.553711 0.482989
0.555664 0.484614
0.557617 0.486237
0.55957 0.48786
0.561523 0.489482
0.563477 0.491103
0.56543 0.492723
0.567383 0.494342
0.569336 0.49596
0.571289 0.497578
0.573242 0.499194
0.575195 0.50081
0.577148 0.502425
0.579102 0.504039
0.581055 0.505652
0.583008 0.507264
0.584961 0.508876
0.586914 0.510486
0.588867 0.512096
0.59082 0.513705
0.592773 0.515312
0.594727 0.516919
0.59668 0.518525
0.598633 0.52013
0.600586 0.521734
0.602539 0.523338
0.604492 0.52494
0.606445 0.526541
0.608398 0.528142
0.610352 0.529741
0.612305 0.53134
0.614258 0.532937
0.616211 0.534534
0.618164 0.53613
0.620117 0.537725
0.62207 0.539318
0.624023 0.540911
0.625977 0.542503
0.62793 0.544094
0.629883 0.545684
0.631836 0.547273
0.633789 0.548861
0.635742 0.550448
0.637695 0.552034
0.639648 0.553618
0.641602 0.555202
0.643555 0.556785
0.645508 0.558367
0.647461 0.559948
0.649414 0.561528
0.651367 0.563107
0.65332 0.564685
0.655273 0.566262
0.657227 0.567837
0.65918 0.569412
0.661133 0.570986
0.663086 0.572558
0.665039 0.57413
0.666992 0.5757
0.668945 0.57727
0.670898 0.578838
0.672852 0.580405
0.674805 0.581972
0.676758 0.583537
0.678711 0.585101
0.680664 0.586664
0.682617 0.588225
0.68457 0.589786
0.686523 0.591346
0.688477 0.592904
0.69043 0.594462
0.692383 0.596018
0.694336 0.597573
0.696289 0.599127
0.698242 0.60068
0.700195 0.602231
0.702148 0.603782
0.704102 0.605331
0.706055 0.60688
0.708008 0.608427
0.709961 0.609972
0.711914 0.611517
0.713867 0.613061
0.71582 0.614603
0.717773 0.616144
0.719727 0.617684
0.72168 0.619222
0.723633 0.62076
0.725586 0.622296
0.727539 0.623831
0.729492 0.625365
0.731445 0.626897
0.733398 0.628429
0.735352 0.629959
0.737305 0.631487
0.739258 0.633015
0.741211 0.634541
0.743164 0.636066
0.745117 0.63759
0.74707 0.639112
0.749023 0.640633
0.750977 0.642153
0.75293 0.643672
0.754883 0.645189
0.756836 0.646705
0.758789 0.648219
0.760742 0.649732
0.762695 0.651244
0.764648 0.652754
0.766602 0.654264
0.768555 0.655771
0.770508 0.657278
0.772461 0.658783
0.774414 0.660286
0.776367 0.661788
0.77832 0.663289
0.780273 0.664789
0.782227 0.666287
0.78418 0.667783
0.786133 0.669278
0.788086 0.670772
0.790039 0.672264
0.791992 0.673755
0.793945 0.675244
0.795898 0.676732
0.797852 0.678218
0.799805 0.679703
0.801758 0.681187
0.803711 0.682668
0.805664 0.684149
0.807617 0.685627
0.80957 0.687105
0.811523 0.68858
0.813477 0.690055
0.81543 0.691527
0.817383 0.692998
0.819336 0.694467
0.821289 0.695935
0.823242 0.697401
0.825195 0.698866
0.827148 0.700329
0.829102 0.70179
0.831055 0.70325
0.833008 0.704708
0.834961 0.706164
0.836914 0.707618
0.838867 0.709071
0.84082 0.710522
0.842773 0.711971
0.844727 0.713419
0.84668 0.714864
0.848633 0.716308
0.850586 0.71775
0.852539 0.71919
0.854492 0.720628
0.856445 0.722063
0.858398 0.723497
0.860352 0.724929
0.862305 0.726358
0.864258 0.727785
0.866211 0.72921
0.868164 0.730632
0.870117 0.732051
0.87207 0.733467
0.874023 0.734881
0.875977 0.736291
0.87793 0.737698
0.879883 0.739101
0.881836 0.7405
0.883789 0.741894
0.885742 0.743283
0.887695 0.744667
0.889648 0.746045
0.891602 0.747416
0.893555 0.748779
0.895508 0.750134
0.897461 0.751479
0.899414 0.752812
0.901367 0.754133
0.90332 0.755438
0.905273 0.756727
0.907227 0.757996
0.90918 0.759243
0.911133 0.760463
0.913086 0.761652
0.915039 0.762807
0.916992 0.76392
0.918945 0.764985
0.920898 0.765994
0.922852 0.766938
0.924805 0.767805
0.926758 0.768584
0.928711 0.769259
0.930664 0.769812
0.932617 0.770222
0.93457 0.770467
0.936523 0.770517
0.938477 0.770341
0.94043 0.769899
0.942383 0.769147
0.944336 0.768034
0.946289 0.766499
0.948242 0.764473
0.950195 0.761875
0.952148 0.758612
0.954102 0.754579
0.956055 0.749652
0.958008 0.743694
0.959961 0.736546
0.961914 0.728032
0.963867 0.717956
0.96582 0.706098
0.967773 0.692221
0.969727 0.676068
0.97168 0.657369
0.973633 0.635843
0.975586 0.611209
0.977539 0.583193
0.979492 0.551547
0.981445 0.516059
0.983398 0.476579
0.985352 0.433033
0.987305 0.385447
0.989258 0.333964
0.991211 0.278858
0.993164 0.220539
0.995117 0.159552
0.99707 0.0965611
0.999023 0.0323275
1 0
