0 0
0.000976562 0.000859718
0.00292969 0.00257915
0.00488281 0.00429858
0.00683594 0.006018
0.00878906 0.00773741
0.0107422 0.00945681
0.0126953 0.0111762
0.0146484 0.0128956
0.0166016 0.0146149
0.0185547 0.0163342
0.0205078 0.0180535
0.0224609 0.0197727
0.0244141 0.021492
0.0263672 0.0232111
0.0283203 0.0249303
0.0302734 0.0266494
0.0322266 0.0283684
0.0341797 0.0300874
0.0361328 0.0318064
0.0380859 0.0335253
0.0400391 0.0352441
0.0419922 0.0369629
0.0439453 0.0386816
0.0458984 0.0404003
0.0478516 0.0421188
0.0498047 0.0438373
0.0517578 0.0455557
0.0537109 0.0472741
0.0556641 0.0489924
0.0576172 0.0507105
0.0595703 0.0524286
0.0615234 0.0541466
0.0634766 0.0558645
0.0654297 0.0575823
0.0673828 0.0593
0.0693359 0.0610176
0.0712891 0.0627351
0.0732422 0.0644525
0.0751953 0.0661698
0.0771484 0.067887
0.0791016 0.069604
0.0810547 0.0713209
0.0830078 0.0730377
0.0849609 0.0747544
0.0869141 0.0764709
0.0888672 0.0781874
0.0908203 0.0799036
0.0927734 0.0816198
0.0947266 0.0833358
0.0966797 0.0850516
0.0986328 0.0867673
0.100586 0.0884829
0.102539 0.0901983
0.104492 0.0919135
0.106445 0.0936286
0.108398 0.0953435
0.110352 0.0970583
0.112305 0.0987729
0.114258 0.100487
0.116211 0.102202
0.118164 0.103916
0.120117 0.10563
0.12207 0.107343
0.124023 0.109057
0.125977 0.11077
0.12793 0.112483
0.129883 0.114196
0.131836 0.115909
0.133789 0.117622
0.135742 0.119334
0.137695 0.121046
0.139648 0.122758
0.141602 0.12447
0.143555 0.126181
0.145508 0.127893
0.147461 0.129604
0.149414 0.131314
0.151367 0.133025
0.15332 0.134735
0.155273 0.136446
0.157227 0.138156
0.15918 0.139865
0.161133 0.141575
0.163086 0.143284
0.165039 0.144993
0.166992 0.146702
0.168945 0.14841
0.170898 0.150118
0.172852 0.151826
0.174805 0.153534
0.176758 0.155242
0.178711 0.156949
0.180664 0.158656
0.182617 0.160362
0.18457 0.162069
0.186523 0.163775
0.188477 0.165481
0.19043 0.167186
0.192383 0.168891
0.194336 0.170596
0.196289 0.172301
0.198242 0.174005
0.200195 0.175709
0.202148 0.177413
0.204102 0.179117
0.206055 0.18082
0.208008 0.182523
0.209961 0.184225
0.211914 0.185928
0.213867 0.187629
0.21582 0.189331
0.217773 0.191032
0.219727 0.192733
0.22168 0.194434
0.223633 0.196134
0.225586 0.197834
0.227539 0.199534
0.229492 0.201233
0.231445 0.202932
0.233398 0.204631
0.235352 0.206329
0.237305 0.208027
0.239258 0.209725
0.241211 0.211422
0.243164 0.213119
0.245117 0.214815
0.24707 0.216512
0.249023 0.218207
0.250977 0.219903
0.25293 0.221598
0.254883 0.223293
0.256836 0.224987
0.258789 0.226681
0.260742 0.228374
0.262695 0.230068
0.264648 0.23176
0.266602 0.233453
0.268555 0.235145
0.270508 0.236837
0.272461 0.238528
0.274414 0.240219
0.276367 0.241909
0.27832 0.243599
0.280273 0.245289
0.282227 0.246978
0.28418 0.248667
0.286133 0.250355
0.288086 0.252043
0.290039 0.253731
0.291992 0.255418
0.293945 0.257105
0.295898 0.258791
0.297852 0.260477
0.299805 0.262162
0.301758 0.263847
0.303711 0.265532
0.305664 0.267216
0.307617 0.268899
0.30957 0.270583
0.311523 0.272265
0.313477 0.273948
0.31543 0.27563
0.317383 0.277311
0.319336 0.278992
0.321289 0.280672
0.323242 0.282353
0.325195 0.284032
0.327148 0.285711
0.329102 0.28739
0.331055 0.289068
0.333008 0.290746
0.334961 0.292423
0.336914 0.2941
0.338867 0.295776
0.34082 0.297452
0.342773 0.299127
0.344727 0.300802
0.34668 0.302476
0.348633 0.30415
0.350586 0.305823
0.352539 0.307496
0.354492 0.309168
0.356445 0.31084
0.358398 0.312511
0.360352 0.314182
0.362305 0.315852
0.364258 0.317522
0.366211 0.319191
0.368164 0.32086
0.370117 0.322528
0.37207 0.324195
0.374023 0.325862
0.375977 0.327529
0.37793 0.329195
0.379883 0.33086
0.381836 0.332525
0.383789 0.33419
0.385742 0.335854
0.387695 0.337517
0.389648 0.33918
0.391602 0.340842
0.393555 0.342503
0.395508 0.344165
0.397461 0.345825
0.399414 0.347485
0.401367 0.349144
0.40332 0.350803
0.405273 0.352461
0.407227 0.354119
0.40918 0.355776
0.411133 0.357433
0.413086 0.359089
0.415039 0.360744
0.416992 0.362399
0.418945 0.364053
0.420898 0.365707
0.422852 0.36736
0.424805 0.369012
0.426758 0.370664
0.428711 0.372315
0.430664 0.373965
0.432617 0.375615
0.43457 0.377265
0.436523 0.378914
0.438477 0.380562
0.44043 0.382209
0.442383 0.383856
0.444336 0.385502
0.446289 0.387148
0.448242 0.388793
0.450195 0.390437
0.452148 0.392081
0.454102 0.393724
0.456055 0.395367
0.458008 0.397008
0.459961 0.39865
0.461914 0.40029
0.463867 0.40193
0.46582 0.403569
0.467773 0.405208
0.469727 0.406846
0.47168 0.408483
0.473633 0.410119
0.475586 0.411755
0.477539 0.413391
0.479492 0.415025
0.481445 0.416659
0.483398 0.418292
0.485352 0.419925
0.487305 0.421556
0.489258 0.423188
0.491211 0.424818
0.493164 0.426448
0.495117 0.428077
0.49707 0.429705
0.499023 0.431333
0.500977 0.43296
0.50293 0.434586
0.504883 0.436212
0.506836 0.437836
0.508789 0.439461
0.510742 0.441084
0.512695 0.442707
0.514648 0.444329
0.516602 0.44595
0.518555 0.44757
0.520508 0.44919
0.522461 0.450809
0.524414 0.452427
0.526367 0.454045
0.52832 0.455662
0.530273 0.457278
0.532227 0.458893
0.53418 0.460507
0.536133 0.462121
0.538086 0.463734
0.540039 0.465346
0.541992 0.466958
0.543945 0.468569
0.545898 0.470179
0.547852 0.471788
0.549805 0.473396
0.551758 0.475004
0.553711 0.47661
0.555664 0.478216
0.557617 0.479822
0.55957 0.481426
0.561523 0.48303
0.563477 0.484633
0.56543 0.486235
0.567383 0.487836
0.569336 0.489436
0.571289 0.491036
0.573242 0.492634
0.575195 0.494232
0.577148 0.49583
0.579102 0.497426
0.581055 0.499021
0.583008 0.500616
0.584961 0.50221
0.586914 0.503803
0.588867 0.505395
0.59082 0.506986
0.592773 0.508576
0.594727 0.510166
0.59668 0.511754
0.598633 0.513342
0.600586 0.514929
0.602539 0.516515
0.604492 0.5181
0.606445 0.519685
0.608398 0.521268
0.610352 0.522851
0.612305 0.524432
0.614258 0.526013
0.616211 0.527593
0.618164 0.529172
0.620117 0.53075
0.62207 0.532327
0.624023 0.533903
0.625977 0.535479
0.62793 0.537053
0.629883 0.538626
0.631836 0.540199
0.633789 0.541771
0.635742 0.543341
0.637695 0.544911
0.639648 0.54648
0.641602 0.548048
0.643555 0.549614
0.645508 0.55118
0.647461 0.552745
0.649414 0.554309
0.651367 0.555872
0.65332 0.557434
0.655273 0.558996
0.657227 0.560556
0.65918 0.562115
0.661133 0.563673
0.663086 0.56523
0.665039 0.566786
0.666992 0.568341
0.668945 0.569895
0.670898 0.571449
0.672852 0.573001
0.674805 0.574552
0.676758 0.576102
0.678711 0.577651
0.680664 0.579199
0.682617 0.580746
0.68457 0.582292
0.686523 0.583837
0.688477 0.58538
0.69043 0.586923
0.692383 0.588465
0.694336 0.590005
0.696289 0.591545
0.698242 0.593083
0.700195 0.594621
0.702148 0.596157
0.704102 0.597692
0.706055 0.599226
0.708008 0.600759
0.709961 0.602291
0.711914 0.603822
0.713867 0.605352
0.71582 0.60688
0.717773 0.608408
0.719727 0.609934
0.72168 0.611459
0.723633 0.612983
0.725586 0.614506
0.727539 0.616028
0.729492 0.617548
0.731445 0.619067
0.733398 0.620586
0.735352 0.622103
0.737305 0.623618
0.739258 0.625133
0.741211 0.626647
0.743164 0.628159
0.745117 0.62967
0.74707 0.63118
0.749023 0.632688
0.750977 0.634196
0.75293 0.635702
0.754883 0.637207
0.756836 0.63871
0.758789 0.640213
0.760742 0.641714
0.762695 0.643214
0.764648 0.644712
0.766602 0.64621
0.768555 0.647706
0.770508 0.6492
0.772461 0.650694
0.774414 0.652186
0.776367 0.653677
0.77832 0.655166
0.780273 0.656654
0.782227 0.658141
0.78418 0.659627
0.786133 0.661111
0.788086 0.662594
0.790039 0.664075
0.791992 0.665555
0.793945 0.667034
0.795898 0.668512
0.797852 0.669987
0.799805 0.671462
0.801758 0.672935
0.803711 0.674407
0.805664 0.675877
0.807617 0.677346
0.80957 0.678813
0.811523 0.680279
0.813477 0.681744
0.81543 0.683207
0.817383 0.684669
0.819336 0.686129
0.821289 0.687587
0.823242 0.689044
0.825195 0.6905
0.827148 0.691954
0.829102 0.693406
0.831055 0.694857
0.833008 0.696306
0.834961 0.697754
0.836914 0.6992
0.838867 0.700645
0.84082 0.702087
0.842773 0.703529
0.844727 0.704968
0.84668 0.706406
0.848633 0.707841
0.850586 0.709276
0.852539 0.710708
0.854492 0.712138
0.856445 0.713566
0.858398 0.714993
0.860352 0.716417
0.862305 0.717839
0.864258 0.719259
0.866211 0.720677
0.868164 0.722092
0.870117 0.723504
0.87207 0.724914
0.874023 0.72632
0.875977 0.727724
0.87793 0.729124
0.879883 0.73052
0.881836 0.731912
0.883789 0.733299
0.885742 0.734682
0.887695 0.736059
0.889648 0.737429
0.891602 0.738793
0.893555 0.740148
0.895508 0.741495
0.897461 0.742832
0.899414 0.744156
0.901367 0.745468
0.90332 0.746764
0.905273 0.748042
0.907227 0.7493
0.90918 0.750535
0.911133 0.751742
0.913086 0.752918
0.915039 0.754057
0.916992 0.755153
0.918945 0.7562
0.920898 0.757189
0.922852 0.75811
0.924805 0.758952
0.926758 0.759703
0.928711 0.760347
0.930664 0.760866
0.932617 0.761239
0.93457 0.761442
0.936523 0.761446
0.938477 0.761218
0.94043 0.76072
0.942383 0.759906
0.944336 0.758725
0.946289 0.757117
0.948242 0.755012
0.950195 0.752329
0.952148 0.748976
0.954102 0.744847
0.956055 0.739821
0.958008 0.733762
0.959961 0.726514
0.961914 0.717903
0.963867 0.707736
0.96582 0.695801
0.967773 0.681865
0.969727 0.66568
0.97168 0.646984
0.973633 0.625508
0.975586 0.600982
0.977539 0.573147
0.979492 0.541767
0.981445 0.506647
0.983398 0.467647
0.985352 0.424706
0.987305 0.377857
0.989258 0.327246
0.991211 0.273143
0.993164 0.215949
0.995117 0.156192
0.99707 0.0945113
0.999023 0.0316385
1 0
