0 0
0.000976562 0.000844781
0.00292969 0.00253434
0.00488281 0.0042239
0.00683594 0.00591345
0.00878906 0.00760299
0.0107422 0.00929251
0.0126953 0.010982
0.0146484 0.0126715
0.0166016 0.014361
0.0185547 0.0160504
0.0205078 0.0177399
0.0224609 0.0194293
0.0244141 0.0211186
0.0263672 0.0228079
0.0283203 0.0244972
0.0302734 0.0261865
0.0322266 0.0278757
0.0341797 0.0295648
0.0361328 0.0312539
0.0380859 0.032943
0.0400391 0.034632
0.0419922 0.036321
0.0439453 0.0380098
0.0458984 0.0396987
0.0478516 0.0413874
0.0498047 0.0430761
0.0517578 0.0447647
0.0537109 0.0464533
0.0556641 0.0481417
0.0576172 0.0498301
0.0595703 0.0515184
0.0615234 0.0532067
0.0634766 0.0548948
0.0654297 0.0565828
0.0673828 0.0582708
0.0693359 0.0599587
0.0712891 0.0616464
0.0732422 0.0633341
0.0751953 0.0650216
0.0771484 0.0667091
0.0791016 0.0683964
0.0810547 0.0700836
0.0830078 0.0717707
0.0849609 0.0734577
0.0869141 0.0751446
0.0888672 0.0768313
0.0908203 0.0785179
0.0927734 0.0802044
0.0947266 0.0818908
0.0966797 0.083577
0.0986328 0.0852631
0.100586 0.086949
0.102539 0.0886348
0.104492 0.0903205
0.106445 0.092006
0.108398 0.0936914
0.110352 0.0953766
0.112305 0.0970616
0.114258 0.0987465
0.116211 0.100431
0.118164 0.102116
0.120117 0.1038
0.12207 0.105484
0.124023 0.107168
0.125977 0.108852
0.12793 0.110536
0.129883 0.11222
0.131836 0.113903
0.133789 0.115586
0.135742 0.117269
0.137695 0.118952
0.139648 0.120634
0.141602 0.122317
0.143555 0.123999
0.145508 0.125681
0.147461 0.127363
0.149414 0.129044
0.151367 0.130726
0.15332 0.132407
0.155273 0.134088
0.157227 0.135768
0.15918 0.137449
0.161133 0.139129
0.163086 0.140809
0.165039 0.142489
0.166992 0.144169
0.168945 0.145848
0.170898 0.147527
0.172852 0.149206
0.174805 0.150884
0.176758 0.152563
0.178711 0.154241
0.180664 0.155919
0.182617 0.157597
0.18457 0.159274
0.186523 0.160951
0.188477 0.162628
0.19043 0.164304
0.192383 0.165981
0.194336 0.167657
0.196289 0.169333
0.198242 0.171008
0.200195 0.172683
0.202148 0.174358
0.204102 0.176033
0.206055 0.177707
0.208008 0.179382
0.209961 0.181055
0.211914 0.182729
0.213867 0.184402
0.21582 0.186075
0.217773 0.187748
0.219727 0.18942
0.22168 0.191092
0.223633 0.192764
0.225586 0.194435
0.227539 0.196106
0.229492 0.197777
0.231445 0.199448
0.233398 0.201118
0.235352 0.202788
0.237305 0.204457
0.239258 0.206126
0.241211 0.207795
0.243164 0.209464
0.245117 0.211132
0.24707 0.2128
0.249023 0.214467
0.250977 0.216135
0.25293 0.217801
0.254883 0.219468
0.256836 0.221134
0.258789 0.2228
0.260742 0.224465
0.262695 0.22613
0.264648 0.227795
0.266602 0.229459
0.268555 0.231123
0.270508 0.232787
0.272461 0.23445
0.274414 0.236113
0.276367 0.237776
0.27832 0.239438
0.280273 0.241099
0.282227 0.242761
0.28418 0.244422
0.286133 0.246082
0.288086 0.247742
0.290039 0.249402
0.291992 0.251062
0.293945 0.252721
0.295898 0.254379
0.297852 0.256038
0.299805 0.257695
0.301758 0.259353
0.303711 0.26101
0.305664 0.262666
0.307617 0.264323
0.30957 0.265978
0.311523 0.267634
0.313477 0.269289
0.31543 0.270943
0.317383 0.272597
0.319336 0.274251
0.321289 0.275904
0.323242 0.277557
0.325195 0.279209
0.327148 0.280861
0.329102 0.282512
0.331055 0.284163
0.333008 0.285814
0.334961 0.287464
0.336914 0.289114
0.338867 0.290763
0.34082 0.292412
0.342773 0.29406
0.344727 0.295708
0.34668 0.297355
0.348633 0.299002
0.350586 0.300649
0.352539 0.302295
0.354492 0.30394
0.356445 0.305585
0.358398 0.30723
0.360352 0.308874
0.362305 0.310518
0.364258 0.312161
0.366211 0.313803
0.368164 0.315445
0.370117 0.317087
0.37207 0.318728
0.374023 0.320369
0.375977 0.322009
0.37793 0.323649
0.379883 0.325288
0.381836 0.326927
0.383789 0.328565
0.385742 0.330202
0.387695 0.331839
0.389648 0.333476
0.391602 0.335112
0.393555 0.336748
0.395508 0.338383
0.397461 0.340017
0.399414 0.341651
0.401367 0.343285
0.40332 0.344918
0.405273 0.34655
0.407227 0.348182
0.40918 0.349813
0.411133 0.351444
0.413086 0.353074
0.415039 0.354704
0.416992 0.356333
0.418945 0.357962
0.420898 0.35959
0.422852 0.361217
0.424805 0.362844
0.426758 0.36447
0.428711 0.366096
0.430664 0.367721
0.432617 0.369346
0.43457 0.37097
0.436523 0.372594
0.438477 0.374216
0.44043 0.375839
0.442383 0.377461
0.444336 0.379082
0.446289 0.380702
0.448242 0.382322
0.450195 0.383942
0.452148 0.385561
0.454102 0.387179
0.456055 0.388796
0.458008 0.390413
0.459961 0.39203
0.461914 0.393646
0.463867 0.395261
0.46582 0.396875
0.467773 0.398489
0.469727 0.400103
0.47168 0.401715
0.473633 0.403328
0.475586 0.404939
0.477539 0.40655
0.479492 0.40816
0.481445 0.40977
0.483398 0.411379
0.485352 0.412987
0.487305 0.414595
0.489258 0.416202
0.491211 0.417808
0.493164 0.419414
0.495117 0.421019
0.49707 0.422623
0.499023 0.424227
0.500977 0.42583
0.50293 0.427433
0.504883 0.429034
0.506836 0.430636
0.508789 0.432236
0.510742 0.433836
0.512695 0.435435
0.514648 0.437033
0.516602 0.438631
0.518555 0.440228
0.520508 0.441824
0.522461 0.44342
0.524414 0.445015
0.526367 0.446609
0.52832 0.448203
0.530273 0.449796
0.532227 0.451388
0.53418 0.45298
0.536133 0.45457
0.538086 0.45616
0.540039 0.45775
0.541992 0.459338
0.543945 0.460926
0.545898 0.462513
0.547852 0.4641
0.549805 0.465686
0.551758 0.467271
0.553711 0.468855
0.555664 0.470438
0.557617 0.472021
0.55957 0.473603
0.561523 0.475185
0.563477 0.476765
0.56543 0.478345
0.567383 0.479924
0.569336 0.481502
0.571289 0.48308
0.573242 0.484657
0.575195 0.486232
0.577148 0.487808
0.579102 0.489382
0.581055 0.490956
0.583008 0.492529
0.584961 0.494101
0.586914 0.495672
0.588867 0.497243
0.59082 0.498812
0.592773 0.500381
0.594727 0.501949
0.59668 0.503517
0.598633 0.505083
0.600586 0.506649
0.602539 0.508214
0.604492 0.509778
0.606445 0.511341
0.608398 0.512903
0.610352 0.514465
0.612305 0.516026
0.614258 0.517586
0.616211 0.519145
0.618164 0.520703
0.620117 0.522261
0.62207 0.523817
0.624023 0.525373
0.625977 0.526928
0.62793 0.528482
0.629883 0.530035
0.631836 0.531587
0.633789 0.533138
0.635742 0.534689
0.637695 0.536239
0.639648 0.537787
0.641602 0.539335
0.643555 0.540882
0.645508 0.542428
0.647461 0.543974
0.649414 0.545518
0.651367 0.547061
0.65332 0.548604
0.655273 0.550145
0.657227 0.551686
0.65918 0.553226
0.661133 0.554765
0.663086 0.556303
0.665039 0.55784
0.666992 0.559376
0.668945 0.560911
0.670898 0.562445
0.672852 0.563978
0.674805 0.56551
0.676758 0.567042
0.678711 0.568572
0.680664 0.570102
0.682617 0.57163
0.68457 0.573157
0.686523 0.574684
0.688477 0.576209
0.69043 0.577734
0.692383 0.579257
0.694336 0.58078
0.696289 0.582302
0.698242 0.583822
0.700195 0.585342
0.702148 0.58686
0.704102 0.588378
0.706055 0.589894
0.708008 0.59141
0.709961 0.592924
0.711914 0.594437
0.713867 0.59595
0.71582 0.597461
0.717773 0.598971
0.719727 0.60048
0.72168 0.601989
0.723633 0.603496
0.725586 0.605002
0.727539 0.606507
0.729492 0.60801
0.731445 0.609513
0.733398 0.611015
0.735352 0.612516
0.737305 0.614015
0.739258 0.615513
0.741211 0.617011
0.743164 0.618507
0.745117 0.620002
0.74707 0.621496
0.749023 0.622989
0.750977 0.62448
0.75293 0.625971
0.754883 0.62746
0.756836 0.628948
0.758789 0.630435
0.760742 0.631921
0.762695 0.633406
0.764648 0.634889
0.766602 0.636372
0.768555 0.637853
0.770508 0.639333
0.772461 0.640812
0.774414 0.642289
0.776367 0.643765
0.77832 0.645241
0.780273 0.646715
0.782227 0.648187
0.78418 0.649659
0.786133 0.651129
0.788086 0.652598
0.790039 0.654065
0.791992 0.655532
0.793945 0.656997
0.795898 0.658461
0.797852 0.659923
0.799805 0.661385
0.801758 0.662845
0.803711 0.664303
0.805664 0.665761
0.807617 0.667217
0.80957 0.668671
0.811523 0.670125
0.813477 0.671577
0.81543 0.673027
0.817383 0.674476
0.819336 0.675924
0.821289 0.677371
0.823242 0.678816
0.825195 0.68026
0.827148 0.681702
0.829102 0.683143
0.831055 0.684582
0.833008 0.68602
0.834961 0.687456
0.836914 0.688891
0.838867 0.690325
0.84082 0.691756
0.842773 0.693187
0.844727 0.694615
0.84668 0.696042
0.848633 0.697468
0.850586 0.698891
0.852539 0.700313
0.854492 0.701733
0.856445 0.703152
0.858398 0.704568
0.860352 0.705983
0.862305 0.707395
0.864258 0.708805
0.866211 0.710213
0.868164 0.711618
0.870117 0.713021
0.87207 0.714421
0.874023 0.715818
0.875977 0.717212
0.87793 0.718602
0.879883 0.719989
0.881836 0.721371
0.883789 0.722749
0.885742 0.724122
0.887695 0.725488
0.889648 0.726849
0.891602 0.728202
0.893555 0.729547
0.895508 0.730882
0.897461 0.732207
0.899414 0.733519
0.901367 0.734818
0.90332 0.7361
0.905273 0.737364
0.907227 0.738607
0.90918 0.739825
0.911133 0.741014
0.913086 0.742171
0.915039 0.743288
0.916992 0.744362
0.918945 0.745383
0.920898 0.746344
0.922852 0.747235
0.924805 0.748044
0.926758 0.748757
0.928711 0.74936
0.930664 0.749834
0.932617 0.750157
0.93457 0.750305
0.936523 0.750248
0.938477 0.749953
0.94043 0.749382
0.942383 0.748489
0.944336 0.747222
0.946289 0.745519
0.948242 0.743313
0.950195 0.740522
0.952148 0.737054
0.954102 0.732806
0.956055 0.727656
0.958008 0.721471
0.959961 0.714099
0.961914 0.705368
0.963867 0.695092
0.96582 0.683064
0.967773 0.66906
0.969727 0.65284
0.97168 0.634156
0.973633 0.612749
0.975586 0.588367
0.977539 0.560764
0.979492 0.529724
0.981445 0.495067
0.983398 0.456668
0.985352 0.41448
0.987305 0.368545
0.989258 0.31901
0.991211 0.266143
0.993164 0.210332
0.995117 0.152081
0.99707 0.0920047
0.999023 0.030796
1 0
