0 0
0.000976562 0.000839675
0.00292969 0.00251902
0.00488281 0.00419837
0.00683594 0.00587771
0.00878906 0.00755704
0.0107422 0.00923635
0.0126953 0.0109157
0.0146484 0.0125949
0.0166016 0.0142742
0.0185547 0.0159534
0.0205078 0.0176327
0.0224609 0.0193118
0.0244141 0.020991
0.0263672 0.0226701
0.0283203 0.0243492
0.0302734 0.0260282
0.0322266 0.0277073
0.0341797 0.0293862
0.0361328 0.0310651
0.0380859 0.032744
0.0400391 0.0344228
0.0419922 0.0361015
0.0439453 0.0377802
0.0458984 0.0394589
0.0478516 0.0411374
0.0498047 0.0428159
0.0517578 0.0444944
0.0537109 0.0461727
0.0556641 0.047851
0.0576172 0.0495292
0.0595703 0.0512073
0.0615234 0.0528854
0.0634766 0.0545633
0.0654297 0.0562412
0.0673828 0.057919
0.0693359 0.0595967
0.0712891 0.0612743
0.0732422 0.0629517
0.0751953 0.0646291
0.0771484 0.0663064
0.0791016 0.0679836
0.0810547 0.0696607
0.0830078 0.0713376
0.0849609 0.0730145
0.0869141 0.0746912
0.0888672 0.0763678
0.0908203 0.0780443
0.0927734 0.0797206
0.0947266 0.0813968
0.0966797 0.0830729
0.0986328 0.0847489
0.100586 0.0864247
0.102539 0.0881004
0.104492 0.0897759
0.106445 0.0914513
0.108398 0.0931266
0.110352 0.0948017
0.112305 0.0964766
0.114258 0.0981514
0.116211 0.099826
0.118164 0.101501
0.120117 0.103175
0.12207 0.104849
0.124023 0.106523
0.125977 0.108197
0.12793 0.10987
0.129883 0.111544
0.131836 0.113217
0.133789 0.11489
0.135742 0.116563
0.137695 0.118236
0.139648 0.119908
0.141602 0.121581
0.143555 0.123253
0.145508 0.124925
0.147461 0.126597
0.149414 0.128268
0.151367 0.129939
0.15332 0.131611
0.155273 0.133281
0.157227 0.134952
0.15918 0.136623
0.161133 0.138293
0.163086 0.139963
0.165039 0.141633
0.166992 0.143302
0.168945 0.144972
0.170898 0.146641
0.172852 0.14831
0.174805 0.149979
0.176758 0.151647
0.178711 0.153315
0.180664 0.154983
0.182617 0.156651
0.18457 0.158318
0.186523 0.159986
0.188477 0.161652
0.19043 0.163319
0.192383 0.164986
0.194336 0.166652
0.196289 0.168318
0.198242 0.169983
0.200195 0.171649
0.202148 0.173314
0.204102 0.174979
0.206055 0.176643
0.208008 0.178307
0.209961 0.179971
0.211914 0.181635
0.213867 0.183299
0.21582 0.184962
0.217773 0.186625
0.219727 0.188287
0.22168 0.189949
0.223633 0.191611
0.225586 0.193273
0.227539 0.194934
0.229492 0.196595
0.231445 0.198256
0.233398 0.199916
0.235352 0.201576
0.237305 0.203236
0.239258 0.204896
0.241211 0.206555
0.243164 0.208214
0.245117 0.209872
0.24707 0.21153
0.249023 0.213188
0.250977 0.214846
0.25293 0.216503
0.254883 0.21816
0.256836 0.219816
0.258789 0.221472
0.260742 0.223128
0.262695 0.224783
0.264648 0.226439
0.266602 0.228093
0.268555 0.229748
0.270508 0.231402
0.272461 0.233055
0.274414 0.234709
0.276367 0.236362
0.27832 0.238014
0.280273 0.239666
0.282227 0.241318
0.28418 0.24297
0.286133 0.244621
0.288086 0.246271
0.290039 0.247922
0.291992 0.249572
0.293945 0.251221
0.295898 0.25287
0.297852 0.254519
0.299805 0.256167
0.301758 0.257815
0.303711 0.259463
0.305664 0.26111
0.307617 0.262757
0.30957 0.264403
0.311523 0.266049
0.313477 0.267694
0.31543 0.26934
0.317383 0.270984
0.319336 0.272629
0.321289 0.274272
0.323242 0.275916
0.325195 0.277559
0.327148 0.279201
0.329102 0.280844
0.331055 0.282485
0.333008 0.284127
0.334961 0.285767
0.336914 0.287408
0.338867 0.289048
0.34082 0.290687
0.342773 0.292326
0.344727 0.293965
0.34668 0.295603
0.348633 0.297241
0.350586 0.298878
0.352539 0.300515
0.354492 0.302151
0.356445 0.303787
0.358398 0.305422
0.360352 0.307057
0.362305 0.308692
0.364258 0.310326
0.366211 0.311959
0.368164 0.313592
0.370117 0.315225
0.37207 0.316857
0.374023 0.318489
0.375977 0.32012
0.37793 0.32175
0.379883 0.32338
0.381836 0.32501
0.383789 0.326639
0.385742 0.328268
0.387695 0.329896
0.389648 0.331524
0.391602 0.333151
0.393555 0.334777
0.395508 0.336403
0.397461 0.338029
0.399414 0.339654
0.401367 0.341279
0.40332 0.342903
0.405273 0.344526
0.407227 0.346149
0.40918 0.347772
0.411133 0.349394
0.413086 0.351015
0.415039 0.352636
0.416992 0.354256
0.418945 0.355876
0.420898 0.357495
0.422852 0.359114
0.424805 0.360732
0.426758 0.36235
0.428711 0.363967
0.430664 0.365583
0.432617 0.367199
0.43457 0.368815
0.436523 0.370429
0.438477 0.372044
0.44043 0.373657
0.442383 0.37527
0.444336 0.376883
0.446289 0.378495
0.448242 0.380106
0.450195 0.381717
0.452148 0.383327
0.454102 0.384937
0.456055 0.386546
0.458008 0.388155
0.459961 0.389762
0.461914 0.39137
0.463867 0.392976
0.46582 0.394583
0.467773 0.396188
0.469727 0.397793
0.47168 0.399397
0.473633 0.401001
0.475586 0.402604
0.477539 0.404206
0.479492 0.405808
0.481445 0.40741
0.483398 0.40901
0.485352 0.41061
0.487305 0.412209
0.489258 0.413808
0.491211 0.415406
0.493164 0.417004
0.495117 0.418601
0.49707 0.420197
0.499023 0.421792
0.500977 0.423387
0.50293 0.424981
0.504883 0.426575
0.506836 0.428168
0.508789 0.42976
0.510742 0.431352
0.512695 0.432943
0.514648 0.434533
0.516602 0.436123
0.518555 0.437712
0.520508 0.4393
0.522461 0.440888
0.524414 0.442475
0.526367 0.444061
0.52832 0.445647
0.530273 0.447232
0.532227 0.448816
0.53418 0.450399
0.536133 0.451982
0.538086 0.453564
0.540039 0.455146
0.541992 0.456727
0.543945 0.458307
0.545898 0.459886
0.547852 0.461465
0.549805 0.463042
0.551758 0.46462
0.553711 0.466196
0.555664 0.467772
0.557617 0.469347
0.55957 0.470921
0.561523 0.472495
0.563477 0.474068
0.56543 0.47564
0.567383 0.477211
0.569336 0.478782
0.571289 0.480352
0.573242 0.481921
0.575195 0.483489
0.577148 0.485057
0.579102 0.486624
0.581055 0.48819
0.583008 0.489755
0.584961 0.49132
0.586914 0.492884
0.588867 0.494447
0.59082 0.496009
0.592773 0.49757
0.594727 0.499131
0.59668 0.500691
0.598633 0.50225
0.600586 0.503809
0.602539 0.505366
0.604492 0.506923
0.606445 0.508479
0.608398 0.510034
0.610352 0.511588
0.612305 0.513142
0.614258 0.514695
0.616211 0.516246
0.618164 0.517797
0.620117 0.519348
0.62207 0.520897
0.624023 0.522446
0.625977 0.523994
0.62793 0.52554
0.629883 0.527087
0.631836 0.528632
0.633789 0.530176
0.635742 0.53172
0.637695 0.533262
0.639648 0.534804
0.641602 0.536345
0.643555 0.537885
0.645508 0.539424
0.647461 0.540963
0.649414 0.5425
0.651367 0.544037
0.65332 0.545573
0.655273 0.547107
0.657227 0.548641
0.65918 0.550174
0.661133 0.551707
0.663086 0.553238
0.665039 0.554768
0.666992 0.556297
0.668945 0.557826
0.670898 0.559354
0.672852 0.56088
0.674805 0.562406
0.676758 0.563931
0.678711 0.565455
0.680664 0.566977
0.682617 0.568499
0.68457 0.57002
0.686523 0.571541
0.688477 0.57306
0.69043 0.574578
0.692383 0.576095
0.694336 0.577611
0.696289 0.579126
0.698242 0.580641
0.700195 0.582154
0.702148 0.583666
0.704102 0.585178
0.706055 0.586688
0.708008 0.588197
0.709961 0.589706
0.711914 0.591213
0.713867 0.592719
0.71582 0.594224
0.717773 0.595729
0.719727 0.597232
0.72168 0.598734
0.723633 0.600235
0.725586 0.601735
0.727539 0.603234
0.729492 0.604732
0.731445 0.606229
0.733398 0.607725
0.735352 0.60922
0.737305 0.610714
0.739258 0.612206
0.741211 0.613698
0.743164 0.615189
0.745117 0.616678
0.74707 0.618166
0.749023 0.619653
0.750977 0.62114
0.75293 0.622625
0.754883 0.624108
0.756836 0.625591
0.758789 0.627073
0.760742 0.628553
0.762695 0.630033
0.764648 0.631511
0.766602 0.632988
0.768555 0.634464
0.770508 0.635938
0.772461 0.637412
0.774414 0.638884
0.776367 0.640356
0.77832 0.641826
0.780273 0.643294
0.782227 0.644762
0.78418 0.646228
0.786133 0.647694
0.788086 0.649158
0.790039 0.65062
0.791992 0.652082
0.793945 0.653542
0.795898 0.655001
0.797852 0.656459
0.799805 0.657916
0.801758 0.659371
0.803711 0.660825
0.805664 0.662277
0.807617 0.663729
0.80957 0.665179
0.811523 0.666628
0.813477 0.668075
0.81543 0.669521
0.817383 0.670966
0.819336 0.67241
0.821289 0.673852
0.823242 0.675293
0.825195 0.676732
0.827148 0.67817
0.829102 0.679607
0.831055 0.681042
0.833008 0.682476
0.834961 0.683908
0.836914 0.685339
0.838867 0.686768
0.84082 0.688196
0.842773 0.689622
0.844727 0.691047
0.84668 0.69247
0.848633 0.693892
0.850586 0.695312
0.852539 0.69673
0.854492 0.698146
0.856445 0.699561
0.858398 0.700973
0.860352 0.702384
0.862305 0.703793
0.864258 0.705199
0.866211 0.706604
0.868164 0.708005
0.870117 0.709405
0.87207 0.710801
0.874023 0.712195
0.875977 0.713585
0.87793 0.714972
0.879883 0.716355
0.881836 0.717733
0.883789 0.719107
0.885742 0.720476
0.887695 0.721839
0.889648 0.723196
0.891602 0.724545
0.893555 0.725885
0.895508 0.727217
0.897461 0.728537
0.899414 0.729845
0.901367 0.731139
0.90332 0.732416
0.905273 0.733675
0.907227 0.734911
0.90918 0.736123
0.911133 0.737306
0.913086 0.738455
0.915039 0.739565
0.916992 0.740629
0.918945 0.741641
0.920898 0.742592
0.922852 0.743471
0.924805 0.744268
0.926758 0.744968
0.928711 0.745556
0.930664 0.746013
0.932617 0.746318
0.93457 0.746446
0.936523 0.746367
0.938477 0.746049
0.94043 0.745452
0.942383 0.74453
0.944336 0.743231
0.946289 0.741496
0.948242 0.739253
0.950195 0.736424
0.952148 0.732917
0.954102 0.728626
0.956055 0.723433
0.958008 0.717205
0.959961 0.709789
0.961914 0.701018
0.963867 0.690704
0.96582 0.678645
0.967773 0.664618
0.969727 0.648388
0.97168 0.629709
0.973633 0.608329
0.975586 0.583999
0.977539 0.55648
0.979492 0.52556
0.981445 0.491065
0.983398 0.452877
0.985352 0.410952
0.987305 0.365334
0.989258 0.316173
0.991211 0.263733
0.993164 0.208398
0.995117 0.150667
0.99707 0.0911424
0.999023 0.0305063
1 0
