0 0
0.000976562 0.000836786
0.00292969 0.00251036
0.00488281 0.00418392
0.00683594 0.00585748
0.00878906 0.00753103
0.0107422 0.00920457
0.0126953 0.0108781
0.0146484 0.0125516
0.0166016 0.0142251
0.0185547 0.0158985
0.0205078 0.017572
0.0224609 0.0192454
0.0244141 0.0209188
0.0263672 0.0225921
0.0283203 0.0242654
0.0302734 0.0259387
0.0322266 0.0276119
0.0341797 0.0292851
0.0361328 0.0309582
0.0380859 0.0326313
0.0400391 0.0343044
0.0419922 0.0359773
0.0439453 0.0376503
0.0458984 0.0393231
0.0478516 0.0409959
0.0498047 0.0426687
0.0517578 0.0443413
0.0537109 0.0460139
0.0556641 0.0476864
0.0576172 0.0493589
0.0595703 0.0510312
0.0615234 0.0527035
0.0634766 0.0543757
0.0654297 0.0560478
0.0673828 0.0577199
0.0693359 0.0593918
0.0712891 0.0610636
0.0732422 0.0627354
0.0751953 0.064407
0.0771484 0.0660785
0.0791016 0.0677499
0.0810547 0.0694213
0.0830078 0.0710925
0.0849609 0.0727636
0.0869141 0.0744345
0.0888672 0.0761054
0.0908203 0.0777761
0.0927734 0.0794468
0.0947266 0.0811172
0.0966797 0.0827876
0.0986328 0.0844578
0.100586 0.0861279
0.102539 0.0877979
0.104492 0.0894677
0.106445 0.0911374
0.108398 0.0928069
0.110352 0.0944763
0.112305 0.0961455
0.114258 0.0978146
0.116211 0.0994835
0.118164 0.101152
0.120117 0.102821
0.12207 0.104489
0.124023 0.106158
0.125977 0.107826
0.12793 0.109494
0.129883 0.111161
0.131836 0.112829
0.133789 0.114496
0.135742 0.116164
0.137695 0.117831
0.139648 0.119497
0.141602 0.121164
0.143555 0.122831
0.145508 0.124497
0.147461 0.126163
0.149414 0.127829
0.151367 0.129494
0.15332 0.13116
0.155273 0.132825
0.157227 0.13449
0.15918 0.136155
0.161133 0.13782
0.163086 0.139484
0.165039 0.141148
0.166992 0.142812
0.168945 0.144476
0.170898 0.146139
0.172852 0.147803
0.174805 0.149466
0.176758 0.151129
0.178711 0.152791
0.180664 0.154453
0.182617 0.156116
0.18457 0.157777
0.186523 0.159439
0.188477 0.1611
0.19043 0.162761
0.192383 0.164422
0.194336 0.166083
0.196289 0.167743
0.198242 0.169403
0.200195 0.171063
0.202148 0.172722
0.204102 0.174382
0.206055 0.176041
0.208008 0.177699
0.209961 0.179358
0.211914 0.181016
0.213867 0.182674
0.21582 0.184331
0.217773 0.185989
0.219727 0.187646
0.22168 0.189302
0.223633 0.190959
0.225586 0.192615
0.227539 0.194271
0.229492 0.195926
0.231445 0.197581
0.233398 0.199236
0.235352 0.200891
0.237305 0.202545
0.239258 0.204199
0.241211 0.205853
0.243164 0.207506
0.245117 0.209159
0.24707 0.210812
0.249023 0.212464
0.250977 0.214116
0.25293 0.215768
0.254883 0.217419
0.256836 0.21907
0.258789 0.220721
0.260742 0.222371
0.262695 0.224021
0.264648 0.225671
0.266602 0.22732
0.268555 0.228969
0.270508 0.230617
0.272461 0.232266
0.274414 0.233914
0.276367 0.235561
0.27832 0.237208
0.280273 0.238855
0.282227 0.240501
0.28418 0.242147
0.286133 0.243793
0.288086 0.245438
0.290039 0.247083
0.291992 0.248728
0.293945 0.250372
0.295898 0.252016
0.297852 0.253659
0.299805 0.255302
0.301758 0.256945
0.303711 0.258587
0.305664 0.260229
0.307617 0.26187
0.30957 0.263511
0.311523 0.265152
0.313477 0.266792
0.31543 0.268432
0.317383 0.270071
0.319336 0.27171
0.321289 0.273349
0.323242 0.274987
0.325195 0.276624
0.327148 0.278262
0.329102 0.279899
0.331055 0.281535
0.333008 0.283171
0.334961 0.284807
0.336914 0.286442
0.338867 0.288076
0.34082 0.289711
0.342773 0.291345
0.344727 0.292978
0.34668 0.294611
0.348633 0.296243
0.350586 0.297875
0.352539 0.299507
0.354492 0.301138
0.356445 0.302769
0.358398 0.304399
0.360352 0.306029
0.362305 0.307658
0.364258 0.309287
0.366211 0.310915
0.368164 0.312543
0.370117 0.31417
0.37207 0.315797
0.374023 0.317424
0.375977 0.31905
0.37793 0.320675
0.379883 0.3223
0.381836 0.323925
0.383789 0.325549
0.385742 0.327172
0.387695 0.328795
0.389648 0.330418
0.391602 0.33204
0.393555 0.333661
0.395508 0.335283
0.397461 0.336903
0.399414 0.338523
0.401367 0.340143
0.40332 0.341762
0.405273 0.34338
0.407227 0.344998
0.40918 0.346615
0.411133 0.348232
0.413086 0.349849
0.415039 0.351465
0.416992 0.35308
0.418945 0.354695
0.420898 0.356309
0.422852 0.357923
0.424805 0.359536
0.426758 0.361149
0.428711 0.362761
0.430664 0.364372
0.432617 0.365983
0.43457 0.367594
0.436523 0.369203
0.438477 0.370813
0.44043 0.372422
0.442383 0.37403
0.444336 0.375637
0.446289 0.377245
0.448242 0.378851
0.450195 0.380457
0.452148 0.382062
0.454102 0.383667
0.456055 0.385271
0.458008 0.386875
0.459961 0.388478
0.461914 0.390081
0.463867 0.391682
0.46582 0.393284
0.467773 0.394884
0.469727 0.396485
0.47168 0.398084
0.473633 0.399683
0.475586 0.401281
0.477539 0.402879
0.479492 0.404476
0.481445 0.406073
0.483398 0.407668
0.485352 0.409264
0.487305 0.410858
0.489258 0.412452
0.491211 0.414046
0.493164 0.415638
0.495117 0.417231
0.49707 0.418822
0.499023 0.420413
0.500977 0.422003
0.50293 0.423593
0.504883 0.425182
0.506836 0.42677
0.508789 0.428358
0.510742 0.429945
0.512695 0.431531
0.514648 0.433117
0.516602 0.434702
0.518555 0.436286
0.520508 0.43787
0.522461 0.439453
0.524414 0.441035
0.526367 0.442617
0.52832 0.444198
0.530273 0.445779
0.532227 0.447358
0.53418 0.448937
0.536133 0.450516
0.538086 0.452093
0.540039 0.45367
0.541992 0.455247
0.543945 0.456822
0.545898 0.458397
0.547852 0.459971
0.549805 0.461545
0.551758 0.463117
0.553711 0.464689
0.555664 0.466261
0.557617 0.467831
0.55957 0.469401
0.561523 0.470971
0.563477 0.472539
0.56543 0.474107
0.567383 0.475674
0.569336 0.47724
0.571289 0.478806
0.573242 0.48037
0.575195 0.481935
0.577148 0.483498
0.579102 0.48506
0.581055 0.486622
0.583008 0.488183
0.584961 0.489744
0.586914 0.491303
0.588867 0.492862
0.59082 0.49442
0.592773 0.495977
0.594727 0.497534
0.59668 0.49909
0.598633 0.500644
0.600586 0.502199
0.602539 0.503752
0.604492 0.505305
0.606445 0.506856
0.608398 0.508407
0.610352 0.509958
0.612305 0.511507
0.614258 0.513056
0.616211 0.514603
0.618164 0.51615
0.620117 0.517697
0.62207 0.519242
0.624023 0.520787
0.625977 0.52233
0.62793 0.523873
0.629883 0.525415
0.631836 0.526957
0.633789 0.528497
0.635742 0.530036
0.637695 0.531575
0.639648 0.533113
0.641602 0.53465
0.643555 0.536186
0.645508 0.537722
0.647461 0.539256
0.649414 0.54079
0.651367 0.542322
0.65332 0.543854
0.655273 0.545385
0.657227 0.546915
0.65918 0.548444
0.661133 0.549973
0.663086 0.5515
0.665039 0.553027
0.666992 0.554552
0.668945 0.556077
0.670898 0.557601
0.672852 0.559124
0.674805 0.560646
0.676758 0.562167
0.678711 0.563687
0.680664 0.565206
0.682617 0.566724
0.68457 0.568242
0.686523 0.569758
0.688477 0.571273
0.69043 0.572788
0.692383 0.574302
0.694336 0.575814
0.696289 0.577326
0.698242 0.578837
0.700195 0.580346
0.702148 0.581855
0.704102 0.583363
0.706055 0.58487
0.708008 0.586375
0.709961 0.58788
0.711914 0.589384
0.713867 0.590887
0.71582 0.592389
0.717773 0.593889
0.719727 0.595389
0.72168 0.596888
0.723633 0.598386
0.725586 0.599883
0.727539 0.601378
0.729492 0.602873
0.731445 0.604367
0.733398 0.605859
0.735352 0.607351
0.737305 0.608841
0.739258 0.61033
0.741211 0.611819
0.743164 0.613306
0.745117 0.614792
0.74707 0.616277
0.749023 0.617761
0.750977 0.619244
0.75293 0.620726
0.754883 0.622207
0.756836 0.623687
0.758789 0.625165
0.760742 0.626642
0.762695 0.628119
0.764648 0.629594
0.766602 0.631068
0.768555 0.632541
0.770508 0.634012
0.772461 0.635483
0.774414 0.636952
0.776367 0.638421
0.77832 0.639888
0.780273 0.641354
0.782227 0.642818
0.78418 0.644282
0.786133 0.645744
0.788086 0.647205
0.790039 0.648665
0.791992 0.650124
0.793945 0.651582
0.795898 0.653038
0.797852 0.654493
0.799805 0.655947
0.801758 0.657399
0.803711 0.65885
0.805664 0.660301
0.807617 0.661749
0.80957 0.663197
0.811523 0.664643
0.813477 0.666088
0.81543 0.667531
0.817383 0.668974
0.819336 0.670415
0.821289 0.671854
0.823242 0.673293
0.825195 0.67473
0.827148 0.676165
0.829102 0.677599
0.831055 0.679032
0.833008 0.680463
0.834961 0.681893
0.836914 0.683322
0.838867 0.684749
0.84082 0.686174
0.842773 0.687598
0.844727 0.689021
0.84668 0.690442
0.848633 0.691861
0.850586 0.693279
0.852539 0.694695
0.854492 0.696109
0.856445 0.697521
0.858398 0.698932
0.860352 0.700341
0.862305 0.701747
0.864258 0.703151
0.866211 0.704554
0.868164 0.705953
0.870117 0.70735
0.87207 0.708745
0.874023 0.710136
0.875977 0.711524
0.87793 0.712909
0.879883 0.71429
0.881836 0.715667
0.883789 0.717038
0.885742 0.718405
0.887695 0.719766
0.889648 0.72112
0.891602 0.722467
0.893555 0.723805
0.895508 0.725134
0.897461 0.726451
0.899414 0.727757
0.901367 0.729047
0.90332 0.730322
0.905273 0.731577
0.907227 0.732811
0.90918 0.734019
0.911133 0.735197
0.913086 0.736342
0.915039 0.737447
0.916992 0.738507
0.918945 0.739514
0.920898 0.740458
0.922852 0.741331
0.924805 0.742121
0.926758 0.742813
0.928711 0.743392
0.930664 0.74384
0.932617 0.744134
0.93457 0.74425
0.936523 0.744159
0.938477 0.743827
0.94043 0.743215
0.942383 0.742276
0.944336 0.74096
0.946289 0.739205
0.948242 0.736942
0.950195 0.734091
0.952148 0.730561
0.954102 0.726246
0.956055 0.721029
0.958008 0.714775
0.959961 0.707335
0.961914 0.698541
0.963867 0.688206
0.96582 0.676129
0.967773 0.66209
0.969727 0.645854
0.97168 0.627179
0.973633 0.605815
0.975586 0.581514
0.977539 0.554044
0.979492 0.523193
0.981445 0.488791
0.983398 0.450724
0.985352 0.408948
0.987305 0.363511
0.989258 0.314562
0.991211 0.262365
0.993164 0.207301
0.995117 0.149865
0.99707 0.0906533
0.999023 0.0303419
1 0
