0 0
0.000976562 0.000824724
0.00292969 0.00247417
0.00488281 0.00412362
0.00683594 0.00577305
0.00878906 0.00742248
0.0107422 0.0090719
0.0126953 0.0107213
0.0146484 0.0123707
0.0166016 0.0140201
0.0185547 0.0156694
0.0205078 0.0173187
0.0224609 0.018968
0.0244141 0.0206173
0.0263672 0.0222665
0.0283203 0.0239157
0.0302734 0.0255649
0.0322266 0.027214
0.0341797 0.0288631
0.0361328 0.0305121
0.0380859 0.0321611
0.0400391 0.0338101
0.0419922 0.035459
0.0439453 0.0371078
0.0458984 0.0387566
0.0478516 0.0404053
0.0498047 0.0420539
0.0517578 0.0437025
0.0537109 0.0453511
0.0556641 0.0469995
0.0576172 0.0486479
0.0595703 0.0502962
0.0615234 0.0519445
0.0634766 0.0535926
0.0654297 0.0552407
0.0673828 0.0568887
0.0693359 0.0585366
0.0712891 0.0601844
0.0732422 0.0618321
0.0751953 0.0634797
0.0771484 0.0651272
0.0791016 0.0667747
0.0810547 0.068422
0.0830078 0.0700692
0.0849609 0.0717163
0.0869141 0.0733633
0.0888672 0.0750102
0.0908203 0.076657
0.0927734 0.0783036
0.0947266 0.0799502
0.0966797 0.0815966
0.0986328 0.0832429
0.100586 0.0848891
0.102539 0.0865351
0.104492 0.088181
0.106445 0.0898268
0.108398 0.0914724
0.110352 0.0931179
0.112305 0.0947632
0.114258 0.0964084
0.116211 0.0980535
0.118164 0.0996984
0.120117 0.101343
0.12207 0.102988
0.124023 0.104632
0.125977 0.106277
0.12793 0.107921
0.129883 0.109565
0.131836 0.111208
0.133789 0.112852
0.135742 0.114495
0.137695 0.116139
0.139648 0.117782
0.141602 0.119425
0.143555 0.121068
0.145508 0.12271
0.147461 0.124352
0.149414 0.125995
0.151367 0.127637
0.15332 0.129278
0.155273 0.13092
0.157227 0.132561
0.15918 0.134203
0.161133 0.135844
0.163086 0.137484
0.165039 0.139125
0.166992 0.140765
0.168945 0.142406
0.170898 0.144046
0.172852 0.145685
0.174805 0.147325
0.176758 0.148964
0.178711 0.150603
0.180664 0.152242
0.182617 0.153881
0.18457 0.155519
0.186523 0.157157
0.188477 0.158795
0.19043 0.160433
0.192383 0.16207
0.194336 0.163707
0.196289 0.165344
0.198242 0.166981
0.200195 0.168617
0.202148 0.170254
0.204102 0.171889
0.206055 0.173525
0.208008 0.175161
0.209961 0.176796
0.211914 0.178431
0.213867 0.180065
0.21582 0.181699
0.217773 0.183334
0.219727 0.184967
0.22168 0.186601
0.223633 0.188234
0.225586 0.189867
0.227539 0.1915
0.229492 0.193132
0.231445 0.194764
0.233398 0.196396
0.235352 0.198028
0.237305 0.199659
0.239258 0.20129
0.241211 0.20292
0.243164 0.204551
0.245117 0.206181
0.24707 0.20781
0.249023 0.20944
0.250977 0.211069
0.25293 0.212698
0.254883 0.214326
0.256836 0.215954
0.258789 0.217582
0.260742 0.21921
0.262695 0.220837
0.264648 0.222464
0.266602 0.22409
0.268555 0.225716
0.270508 0.227342
0.272461 0.228968
0.274414 0.230593
0.276367 0.232218
0.27832 0.233842
0.280273 0.235466
0.282227 0.23709
0.28418 0.238714
0.286133 0.240337
0.288086 0.241959
0.290039 0.243582
0.291992 0.245204
0.293945 0.246825
0.295898 0.248447
0.297852 0.250068
0.299805 0.251688
0.301758 0.253308
0.303711 0.254928
0.305664 0.256548
0.307617 0.258167
0.30957 0.259785
0.311523 0.261404
0.313477 0.263022
0.31543 0.264639
0.317383 0.266256
0.319336 0.267873
0.321289 0.26949
0.323242 0.271106
0.325195 0.272721
0.327148 0.274336
0.329102 0.275951
0.331055 0.277565
0.333008 0.279179
0.334961 0.280793
0.336914 0.282406
0.338867 0.284019
0.34082 0.285631
0.342773 0.287243
0.344727 0.288854
0.34668 0.290466
0.348633 0.292076
0.350586 0.293686
0.352539 0.295296
0.354492 0.296905
0.356445 0.298514
0.358398 0.300123
0.360352 0.301731
0.362305 0.303339
0.364258 0.304946
0.366211 0.306552
0.368164 0.308159
0.370117 0.309765
0.37207 0.31137
0.374023 0.312975
0.375977 0.314579
0.37793 0.316183
0.379883 0.317787
0.381836 0.31939
0.383789 0.320993
0.385742 0.322595
0.387695 0.324196
0.389648 0.325798
0.391602 0.327398
0.393555 0.328999
0.395508 0.330598
0.397461 0.332198
0.399414 0.333797
0.401367 0.335395
0.40332 0.336993
0.405273 0.33859
0.407227 0.340187
0.40918 0.341783
0.411133 0.343379
0.413086 0.344975
0.415039 0.34657
0.416992 0.348164
0.418945 0.349758
0.420898 0.351351
0.422852 0.352944
0.424805 0.354537
0.426758 0.356128
0.428711 0.35772
0.430664 0.359311
0.432617 0.360901
0.43457 0.362491
0.436523 0.36408
0.438477 0.365669
0.44043 0.367257
0.442383 0.368844
0.444336 0.370432
0.446289 0.372018
0.448242 0.373604
0.450195 0.37519
0.452148 0.376775
0.454102 0.378359
0.456055 0.379943
0.458008 0.381526
0.459961 0.383109
0.461914 0.384691
0.463867 0.386273
0.46582 0.387854
0.467773 0.389435
0.469727 0.391015
0.47168 0.392594
0.473633 0.394173
0.475586 0.395751
0.477539 0.397329
0.479492 0.398906
0.481445 0.400483
0.483398 0.402059
0.485352 0.403634
0.487305 0.405209
0.489258 0.406783
0.491211 0.408357
0.493164 0.40993
0.495117 0.411502
0.49707 0.413074
0.499023 0.414645
0.500977 0.416216
0.50293 0.417786
0.504883 0.419355
0.506836 0.420924
0.508789 0.422493
0.510742 0.42406
0.512695 0.425627
0.514648 0.427193
0.516602 0.428759
0.518555 0.430324
0.520508 0.431889
0.522461 0.433453
0.524414 0.435016
0.526367 0.436579
0.52832 0.438141
0.530273 0.439702
0.532227 0.441263
0.53418 0.442823
0.536133 0.444382
0.538086 0.445941
0.540039 0.447499
0.541992 0.449056
0.543945 0.450613
0.545898 0.452169
0.547852 0.453725
0.549805 0.455279
0.551758 0.456834
0.553711 0.458387
0.555664 0.45994
0.557617 0.461492
0.55957 0.463043
0.561523 0.464594
0.563477 0.466144
0.56543 0.467694
0.567383 0.469242
0.569336 0.47079
0.571289 0.472338
0.573242 0.473884
0.575195 0.47543
0.577148 0.476975
0.579102 0.47852
0.581055 0.480064
0.583008 0.481607
0.584961 0.483149
0.586914 0.484691
0.588867 0.486232
0.59082 0.487772
0.592773 0.489311
0.594727 0.49085
0.59668 0.492388
0.598633 0.493925
0.600586 0.495462
0.602539 0.496998
0.604492 0.498533
0.606445 0.500067
0.608398 0.501601
0.610352 0.503133
0.612305 0.504665
0.614258 0.506197
0.616211 0.507727
0.618164 0.509257
0.620117 0.510786
0.62207 0.512314
0.624023 0.513842
0.625977 0.515368
0.62793 0.516894
0.629883 0.51842
0.631836 0.519944
0.633789 0.521467
0.635742 0.52299
0.637695 0.524512
0.639648 0.526033
0.641602 0.527554
0.643555 0.529073
0.645508 0.530592
0.647461 0.53211
0.649414 0.533627
0.651367 0.535143
0.65332 0.536659
0.655273 0.538173
0.657227 0.539687
0.65918 0.5412
0.661133 0.542712
0.663086 0.544223
0.665039 0.545734
0.666992 0.547244
0.668945 0.548752
0.670898 0.55026
0.672852 0.551767
0.674805 0.553273
0.676758 0.554779
0.678711 0.556283
0.680664 0.557787
0.682617 0.559289
0.68457 0.560791
0.686523 0.562292
0.688477 0.563792
0.69043 0.565291
0.692383 0.566789
0.694336 0.568287
0.696289 0.569783
0.698242 0.571279
0.700195 0.572773
0.702148 0.574267
0.704102 0.57576
0.706055 0.577252
0.708008 0.578743
0.709961 0.580233
0.711914 0.581722
0.713867 0.58321
0.71582 0.584697
0.717773 0.586183
0.719727 0.587669
0.72168 0.589153
0.723633 0.590636
0.725586 0.592119
0.727539 0.5936
0.729492 0.59508
0.731445 0.59656
0.733398 0.598038
0.735352 0.599516
0.737305 0.600992
0.739258 0.602468
0.741211 0.603942
0.743164 0.605416
0.745117 0.606888
0.74707 0.60836
0.749023 0.60983
0.750977 0.6113
0.75293 0.612768
0.754883 0.614235
0.756836 0.615702
0.758789 0.617167
0.760742 0.618631
0.762695 0.620094
0.764648 0.621556
0.766602 0.623018
0.768555 0.624477
0.770508 0.625936
0.772461 0.627394
0.774414 0.628851
0.776367 0.630306
0.77832 0.631761
0.780273 0.633214
0.782227 0.634667
0.78418 0.636118
0.786133 0.637568
0.788086 0.639017
0.790039 0.640465
0.791992 0.641911
0.793945 0.643357
0.795898 0.644801
0.797852 0.646245
0.799805 0.647687
0.801758 0.649128
0.803711 0.650567
0.805664 0.652006
0.807617 0.653443
0.80957 0.654879
0.811523 0.656314
0.813477 0.657748
0.81543 0.65918
0.817383 0.660612
0.819336 0.662042
0.821289 0.66347
0.823242 0.664898
0.825195 0.666324
0.827148 0.667749
0.829102 0.669173
0.831055 0.670595
0.833008 0.672016
0.834961 0.673436
0.836914 0.674854
0.838867 0.676271
0.84082 0.677686
0.842773 0.679101
0.844727 0.680513
0.84668 0.681924
0.848633 0.683334
0.850586 0.684742
0.852539 0.686148
0.854492 0.687553
0.856445 0.688956
0.858398 0.690357
0.860352 0.691756
0.862305 0.693153
0.864258 0.694548
0.866211 0.695941
0.868164 0.697332
0.870117 0.69872
0.87207 0.700105
0.874023 0.701487
0.875977 0.702866
0.87793 0.704241
0.879883 0.705613
0.881836 0.70698
0.883789 0.708342
0.885742 0.709699
0.887695 0.71105
0.889648 0.712394
0.891602 0.71373
0.893555 0.715057
0.895508 0.716375
0.897461 0.717681
0.899414 0.718974
0.901367 0.720252
0.90332 0.721513
0.905273 0.722754
0.907227 0.723972
0.90918 0.725164
0.911133 0.726325
0.913086 0.727451
0.915039 0.728536
0.916992 0.729573
0.918945 0.730556
0.920898 0.731474
0.922852 0.732318
0.924805 0.733076
0.926758 0.733734
0.928711 0.734275
0.930664 0.734681
0.932617 0.73493
0.93457 0.734996
0.936523 0.734851
0.938477 0.734459
0.94043 0.733781
0.942383 0.732772
0.944336 0.73138
0.946289 0.729543
0.948242 0.727192
0.950195 0.724247
0.952148 0.720619
0.954102 0.716202
0.956055 0.710881
0.958008 0.704522
0.959961 0.696979
0.961914 0.688087
0.963867 0.677665
0.96582 0.665516
0.967773 0.651427
0.969727 0.635171
0.97168 0.616516
0.973633 0.595221
0.975586 0.571053
0.977539 0.543789
0.979492 0.513234
0.981445 0.47923
0.983398 0.441673
0.985352 0.400532
0.987305 0.355858
0.989258 0.307803
0.991211 0.256628
0.993164 0.202701
0.995117 0.146503
0.99707 0.0886039
0.999023 0.0296534
1 0
