0 0
0.000976562 0.000819859
0.00292969 0.00245958
0.00488281 0.00409929
0.00683594 0.005739
0.00878906 0.00737869
0.0107422 0.00901838
0.0126953 0.0106581
0.0146484 0.0122977
0.0166016 0.0139373
0.0185547 0.015577
0.0205078 0.0172166
0.0224609 0.0188561
0.0244141 0.0204957
0.0263672 0.0221352
0.0283203 0.0237747
0.0302734 0.0254141
0.0322266 0.0270535
0.0341797 0.0286929
0.0361328 0.0303322
0.0380859 0.0319714
0.0400391 0.0336107
0.0419922 0.0352498
0.0439453 0.036889
0.0458984 0.038528
0.0478516 0.040167
0.0498047 0.041806
0.0517578 0.0434449
0.0537109 0.0450837
0.0556641 0.0467224
0.0576172 0.0483611
0.0595703 0.0499997
0.0615234 0.0516382
0.0634766 0.0532767
0.0654297 0.0549151
0.0673828 0.0565533
0.0693359 0.0581916
0.0712891 0.0598297
0.0732422 0.0614677
0.0751953 0.0631056
0.0771484 0.0647435
0.0791016 0.0663812
0.0810547 0.0680189
0.0830078 0.0696564
0.0849609 0.0712938
0.0869141 0.0729312
0.0888672 0.0745684
0.0908203 0.0762055
0.0927734 0.0778425
0.0947266 0.0794794
0.0966797 0.0811161
0.0986328 0.0827527
0.100586 0.0843893
0.102539 0.0860256
0.104492 0.0876619
0.106445 0.089298
0.108398 0.090934
0.110352 0.0925699
0.112305 0.0942056
0.114258 0.0958412
0.116211 0.0974766
0.118164 0.0991119
0.120117 0.100747
0.12207 0.102382
0.124023 0.104017
0.125977 0.105651
0.12793 0.107286
0.129883 0.10892
0.131836 0.110555
0.133789 0.112189
0.135742 0.113822
0.137695 0.115456
0.139648 0.11709
0.141602 0.118723
0.143555 0.120356
0.145508 0.121989
0.147461 0.123622
0.149414 0.125255
0.151367 0.126887
0.15332 0.128519
0.155273 0.130151
0.157227 0.131783
0.15918 0.133415
0.161133 0.135046
0.163086 0.136678
0.165039 0.138309
0.166992 0.13994
0.168945 0.14157
0.170898 0.143201
0.172852 0.144831
0.174805 0.146461
0.176758 0.148091
0.178711 0.14972
0.180664 0.15135
0.182617 0.152979
0.18457 0.154608
0.186523 0.156236
0.188477 0.157865
0.19043 0.159493
0.192383 0.161121
0.194336 0.162749
0.196289 0.164376
0.198242 0.166003
0.200195 0.16763
0.202148 0.169257
0.204102 0.170884
0.206055 0.17251
0.208008 0.174136
0.209961 0.175762
0.211914 0.177387
0.213867 0.179012
0.21582 0.180637
0.217773 0.182262
0.219727 0.183887
0.22168 0.185511
0.223633 0.187135
0.225586 0.188758
0.227539 0.190382
0.229492 0.192005
0.231445 0.193627
0.233398 0.19525
0.235352 0.196872
0.237305 0.198494
0.239258 0.200116
0.241211 0.201737
0.243164 0.203358
0.245117 0.204979
0.24707 0.206599
0.249023 0.208219
0.250977 0.209839
0.25293 0.211459
0.254883 0.213078
0.256836 0.214697
0.258789 0.216315
0.260742 0.217934
0.262695 0.219552
0.264648 0.221169
0.266602 0.222787
0.268555 0.224403
0.270508 0.22602
0.272461 0.227636
0.274414 0.229252
0.276367 0.230868
0.27832 0.232484
0.280273 0.234099
0.282227 0.235713
0.28418 0.237327
0.286133 0.238941
0.288086 0.240555
0.290039 0.242168
0.291992 0.243781
0.293945 0.245394
0.295898 0.247006
0.297852 0.248618
0.299805 0.250229
0.301758 0.251841
0.303711 0.253451
0.305664 0.255062
0.307617 0.256672
0.30957 0.258281
0.311523 0.259891
0.313477 0.2615
0.31543 0.263108
0.317383 0.264716
0.319336 0.266324
0.321289 0.267932
0.323242 0.269539
0.325195 0.271145
0.327148 0.272751
0.329102 0.274357
0.331055 0.275963
0.333008 0.277568
0.334961 0.279172
0.336914 0.280777
0.338867 0.28238
0.34082 0.283984
0.342773 0.285587
0.344727 0.287189
0.34668 0.288792
0.348633 0.290393
0.350586 0.291995
0.352539 0.293596
0.354492 0.295196
0.356445 0.296796
0.358398 0.298396
0.360352 0.299995
0.362305 0.301594
0.364258 0.303193
0.366211 0.304791
0.368164 0.306388
0.370117 0.307985
0.37207 0.309582
0.374023 0.311178
0.375977 0.312774
0.37793 0.314369
0.379883 0.315964
0.381836 0.317558
0.383789 0.319152
0.385742 0.320746
0.387695 0.322339
0.389648 0.323931
0.391602 0.325524
0.393555 0.327115
0.395508 0.328706
0.397461 0.330297
0.399414 0.331887
0.401367 0.333477
0.40332 0.335067
0.405273 0.336655
0.407227 0.338244
0.40918 0.339832
0.411133 0.341419
0.413086 0.343006
0.415039 0.344592
0.416992 0.346178
0.418945 0.347764
0.420898 0.349349
0.422852 0.350933
0.424805 0.352517
0.426758 0.3541
0.428711 0.355683
0.430664 0.357266
0.432617 0.358848
0.43457 0.360429
0.436523 0.36201
0.438477 0.36359
0.44043 0.36517
0.442383 0.366749
0.444336 0.368328
0.446289 0.369907
0.448242 0.371484
0.450195 0.373062
0.452148 0.374638
0.454102 0.376214
0.456055 0.37779
0.458008 0.379365
0.459961 0.38094
0.461914 0.382514
0.463867 0.384087
0.46582 0.38566
0.467773 0.387233
0.469727 0.388804
0.47168 0.390376
0.473633 0.391946
0.475586 0.393517
0.477539 0.395086
0.479492 0.396655
0.481445 0.398224
0.483398 0.399792
0.485352 0.401359
0.487305 0.402926
0.489258 0.404492
0.491211 0.406057
0.493164 0.407623
0.495117 0.409187
0.49707 0.410751
0.499023 0.412314
0.500977 0.413877
0.50293 0.415439
0.504883 0.417
0.506836 0.418561
0.508789 0.420122
0.510742 0.421681
0.512695 0.423241
0.514648 0.424799
0.516602 0.426357
0.518555 0.427914
0.520508 0.429471
0.522461 0.431027
0.524414 0.432582
0.526367 0.434137
0.52832 0.435692
0.530273 0.437245
0.532227 0.438798
0.53418 0.44035
0.536133 0.441902
0.538086 0.443453
0.540039 0.445004
0.541992 0.446553
0.543945 0.448102
0.545898 0.449651
0.547852 0.451199
0.549805 0.452746
0.551758 0.454293
0.553711 0.455838
0.555664 0.457384
0.557617 0.458928
0.55957 0.460472
0.561523 0.462015
0.563477 0.463558
0.56543 0.4651
0.567383 0.466641
0.569336 0.468182
0.571289 0.469722
0.573242 0.471261
0.575195 0.472799
0.577148 0.474337
0.579102 0.475874
0.581055 0.477411
0.583008 0.478946
0.584961 0.480482
0.586914 0.482016
0.588867 0.48355
0.59082 0.485082
0.592773 0.486615
0.594727 0.488146
0.59668 0.489677
0.598633 0.491207
0.600586 0.492736
0.602539 0.494265
0.604492 0.495793
0.606445 0.49732
0.608398 0.498847
0.610352 0.500372
0.612305 0.501897
0.614258 0.503422
0.616211 0.504945
0.618164 0.506468
0.620117 0.50799
0.62207 0.509511
0.624023 0.511032
0.625977 0.512551
0.62793 0.51407
0.629883 0.515588
0.631836 0.517106
0.633789 0.518623
0.635742 0.520138
0.637695 0.521654
0.639648 0.523168
0.641602 0.524681
0.643555 0.526194
0.645508 0.527706
0.647461 0.529217
0.649414 0.530728
0.651367 0.532237
0.65332 0.533746
0.655273 0.535254
0.657227 0.536761
0.65918 0.538267
0.661133 0.539773
0.663086 0.541278
0.665039 0.542782
0.666992 0.544285
0.668945 0.545787
0.670898 0.547288
0.672852 0.548789
0.674805 0.550288
0.676758 0.551787
0.678711 0.553285
0.680664 0.554782
0.682617 0.556279
0.68457 0.557774
0.686523 0.559269
0.688477 0.560762
0.69043 0.562255
0.692383 0.563747
0.694336 0.565238
0.696289 0.566729
0.698242 0.568218
0.700195 0.569706
0.702148 0.571194
0.704102 0.57268
0.706055 0.574166
0.708008 0.575651
0.709961 0.577135
0.711914 0.578618
0.713867 0.5801
0.71582 0.581581
0.717773 0.583061
0.719727 0.584541
0.72168 0.586019
0.723633 0.587496
0.725586 0.588973
0.727539 0.590448
0.729492 0.591923
0.731445 0.593397
0.733398 0.594869
0.735352 0.596341
0.737305 0.597812
0.739258 0.599282
0.741211 0.60075
0.743164 0.602218
0.745117 0.603685
0.74707 0.605151
0.749023 0.606616
0.750977 0.608079
0.75293 0.609542
0.754883 0.611004
0.756836 0.612465
0.758789 0.613925
0.760742 0.615383
0.762695 0.616841
0.764648 0.618298
0.766602 0.619754
0.768555 0.621208
0.770508 0.622662
0.772461 0.624114
0.774414 0.625566
0.776367 0.627016
0.77832 0.628465
0.780273 0.629914
0.782227 0.631361
0.78418 0.632807
0.786133 0.634252
0.788086 0.635696
0.790039 0.637139
0.791992 0.63858
0.793945 0.640021
0.795898 0.64146
0.797852 0.642899
0.799805 0.644336
0.801758 0.645772
0.803711 0.647207
0.805664 0.64864
0.807617 0.650073
0.80957 0.651504
0.811523 0.652935
0.813477 0.654364
0.81543 0.655791
0.817383 0.657218
0.819336 0.658644
0.821289 0.660068
0.823242 0.661491
0.825195 0.662913
0.827148 0.664333
0.829102 0.665752
0.831055 0.66717
0.833008 0.668587
0.834961 0.670002
0.836914 0.671416
0.838867 0.672829
0.84082 0.67424
0.842773 0.67565
0.844727 0.677058
0.84668 0.678465
0.848633 0.679871
0.850586 0.681274
0.852539 0.682677
0.854492 0.684077
0.856445 0.685476
0.858398 0.686873
0.860352 0.688269
0.862305 0.689662
0.864258 0.691053
0.866211 0.692442
0.868164 0.693828
0.870117 0.695212
0.87207 0.696594
0.874023 0.697972
0.875977 0.699347
0.87793 0.700718
0.879883 0.702085
0.881836 0.703448
0.883789 0.704807
0.885742 0.706159
0.887695 0.707506
0.889648 0.708845
0.891602 0.710177
0.893555 0.7115
0.895508 0.712812
0.897461 0.714113
0.899414 0.715401
0.901367 0.716674
0.90332 0.717929
0.905273 0.719164
0.907227 0.720375
0.90918 0.72156
0.911133 0.722714
0.913086 0.723832
0.915039 0.724908
0.916992 0.725936
0.918945 0.726908
0.920898 0.727815
0.922852 0.728647
0.924805 0.729391
0.926758 0.730034
0.928711 0.73056
0.930664 0.730948
0.932617 0.731178
0.93457 0.731223
0.936523 0.731054
0.938477 0.730637
0.94043 0.729932
0.942383 0.728894
0.944336 0.72747
0.946289 0.725598
0.948242 0.723211
0.950195 0.720228
0.952148 0.716559
0.954102 0.712101
0.956055 0.706736
0.958008 0.700335
0.959961 0.69275
0.961914 0.683819
0.963867 0.673362
0.96582 0.661185
0.967773 0.647076
0.969727 0.630814
0.97168 0.612168
0.973633 0.590904
0.975586 0.566792
0.977539 0.539615
0.979492 0.509182
0.981445 0.475342
0.983398 0.437996
0.985352 0.397114
0.987305 0.352752
0.989258 0.305062
0.991211 0.254302
0.993164 0.200838
0.995117 0.145141
0.99707 0.087774
0.999023 0.0293746
1 0
