0 0
0.000976562 0.000810299
0.00292969 0.0024309
0.00488281 0.00405149
0.00683594 0.00567207
0.00878906 0.00729265
0.0107422 0.00891322
0.0126953 0.0105338
0.0146484 0.0121543
0.0166016 0.0137748
0.0185547 0.0153953
0.0205078 0.0170158
0.0224609 0.0186363
0.0244141 0.0202567
0.0263672 0.0218771
0.0283203 0.0234975
0.0302734 0.0251178
0.0322266 0.0267381
0.0341797 0.0283584
0.0361328 0.0299786
0.0380859 0.0315987
0.0400391 0.0332189
0.0419922 0.0348389
0.0439453 0.036459
0.0458984 0.0380789
0.0478516 0.0396989
0.0498047 0.0413187
0.0517578 0.0429385
0.0537109 0.0445583
0.0556641 0.0461779
0.0576172 0.0477975
0.0595703 0.0494171
0.0615234 0.0510365
0.0634766 0.0526559
0.0654297 0.0542752
0.0673828 0.0558945
0.0693359 0.0575136
0.0712891 0.0591327
0.0732422 0.0607517
0.0751953 0.0623706
0.0771484 0.0639894
0.0791016 0.0656081
0.0810547 0.0672267
0.0830078 0.0688452
0.0849609 0.0704637
0.0869141 0.072082
0.0888672 0.0737002
0.0908203 0.0753183
0.0927734 0.0769363
0.0947266 0.0785542
0.0966797 0.080172
0.0986328 0.0817896
0.100586 0.0834072
0.102539 0.0850246
0.104492 0.0866419
0.106445 0.088259
0.108398 0.0898761
0.110352 0.091493
0.112305 0.0931098
0.114258 0.0947264
0.116211 0.0963429
0.118164 0.0979593
0.120117 0.0995755
0.12207 0.101192
0.124023 0.102808
0.125977 0.104423
0.12793 0.106039
0.129883 0.107654
0.131836 0.10927
0.133789 0.110885
0.135742 0.1125
0.137695 0.114115
0.139648 0.115729
0.141602 0.117344
0.143555 0.118958
0.145508 0.120573
0.147461 0.122187
0.149414 0.1238
0.151367 0.125414
0.15332 0.127027
0.155273 0.128641
0.157227 0.130254
0.15918 0.131867
0.161133 0.13348
0.163086 0.135092
0.165039 0.136704
0.166992 0.138317
0.168945 0.139928
0.170898 0.14154
0.172852 0.143152
0.174805 0.144763
0.176758 0.146374
0.178711 0.147985
0.180664 0.149596
0.182617 0.151206
0.18457 0.152817
0.186523 0.154427
0.188477 0.156037
0.19043 0.157646
0.192383 0.159256
0.194336 0.160865
0.196289 0.162474
0.198242 0.164082
0.200195 0.165691
0.202148 0.167299
0.204102 0.168907
0.206055 0.170515
0.208008 0.172122
0.209961 0.17373
0.211914 0.175337
0.213867 0.176943
0.21582 0.17855
0.217773 0.180156
0.219727 0.181762
0.22168 0.183368
0.223633 0.184973
0.225586 0.186579
0.227539 0.188184
0.229492 0.189788
0.231445 0.191393
0.233398 0.192997
0.235352 0.194601
0.237305 0.196204
0.239258 0.197808
0.241211 0.199411
0.243164 0.201013
0.245117 0.202616
0.24707 0.204218
0.249023 0.20582
0.250977 0.207422
0.25293 0.209023
0.254883 0.210624
0.256836 0.212225
0.258789 0.213825
0.260742 0.215425
0.262695 0.217025
0.264648 0.218625
0.266602 0.220224
0.268555 0.221823
0.270508 0.223421
0.272461 0.22502
0.274414 0.226617
0.276367 0.228215
0.27832 0.229812
0.280273 0.231409
0.282227 0.233006
0.28418 0.234602
0.286133 0.236198
0.288086 0.237794
0.290039 0.23939
0.291992 0.240985
0.293945 0.242579
0.295898 0.244174
0.297852 0.245768
0.299805 0.247361
0.301758 0.248954
0.303711 0.250547
0.305664 0.25214
0.307617 0.253732
0.30957 0.255324
0.311523 0.256916
0.313477 0.258507
0.31543 0.260098
0.317383 0.261688
0.319336 0.263278
0.321289 0.264868
0.323242 0.266457
0.325195 0.268046
0.327148 0.269635
0.329102 0.271223
0.331055 0.272811
0.333008 0.274399
0.334961 0.275986
0.336914 0.277572
0.338867 0.279159
0.34082 0.280745
0.342773 0.28233
0.344727 0.283915
0.34668 0.2855
0.348633 0.287085
0.350586 0.288669
0.352539 0.290252
0.354492 0.291835
0.356445 0.293418
0.358398 0.295
0.360352 0.296582
0.362305 0.298164
0.364258 0.299745
0.366211 0.301326
0.368164 0.302906
0.370117 0.304486
0.37207 0.306065
0.374023 0.307644
0.375977 0.309223
0.37793 0.310801
0.379883 0.312379
0.381836 0.313956
0.383789 0.315533
0.385742 0.31711
0.387695 0.318686
0.389648 0.320261
0.391602 0.321836
0.393555 0.323411
0.395508 0.324985
0.397461 0.326559
0.399414 0.328132
0.401367 0.329705
0.40332 0.331278
0.405273 0.33285
0.407227 0.334421
0.40918 0.335992
0.411133 0.337563
0.413086 0.339133
0.415039 0.340703
0.416992 0.342272
0.418945 0.343841
0.420898 0.345409
0.422852 0.346977
0.424805 0.348544
0.426758 0.350111
0.428711 0.351677
0.430664 0.353243
0.432617 0.354808
0.43457 0.356373
0.436523 0.357937
0.438477 0.359501
0.44043 0.361065
0.442383 0.362628
0.444336 0.36419
0.446289 0.365752
0.448242 0.367313
0.450195 0.368874
0.452148 0.370435
0.454102 0.371995
0.456055 0.373554
0.458008 0.375113
0.459961 0.376671
0.461914 0.378229
0.463867 0.379786
0.46582 0.381343
0.467773 0.382899
0.469727 0.384455
0.47168 0.38601
0.473633 0.387565
0.475586 0.389119
0.477539 0.390673
0.479492 0.392226
0.481445 0.393778
0.483398 0.39533
0.485352 0.396882
0.487305 0.398432
0.489258 0.399983
0.491211 0.401532
0.493164 0.403082
0.495117 0.40463
0.49707 0.406179
0.499023 0.407726
0.500977 0.409273
0.50293 0.410819
0.504883 0.412365
0.506836 0.413911
0.508789 0.415455
0.510742 0.416999
0.512695 0.418543
0.514648 0.420086
0.516602 0.421628
0.518555 0.42317
0.520508 0.424712
0.522461 0.426252
0.524414 0.427792
0.526367 0.429332
0.52832 0.430871
0.530273 0.432409
0.532227 0.433947
0.53418 0.435484
0.536133 0.43702
0.538086 0.438556
0.540039 0.440091
0.541992 0.441626
0.543945 0.44316
0.545898 0.444693
0.547852 0.446226
0.549805 0.447758
0.551758 0.44929
0.553711 0.450821
0.555664 0.452351
0.557617 0.453881
0.55957 0.45541
0.561523 0.456938
0.563477 0.458466
0.56543 0.459993
0.567383 0.46152
0.569336 0.463045
0.571289 0.464571
0.573242 0.466095
0.575195 0.467619
0.577148 0.469142
0.579102 0.470665
0.581055 0.472187
0.583008 0.473708
0.584961 0.475228
0.586914 0.476748
0.588867 0.478268
0.59082 0.479786
0.592773 0.481304
0.594727 0.482821
0.59668 0.484338
0.598633 0.485853
0.600586 0.487369
0.602539 0.488883
0.604492 0.490397
0.606445 0.49191
0.608398 0.493422
0.610352 0.494934
0.612305 0.496445
0.614258 0.497955
0.616211 0.499465
0.618164 0.500973
0.620117 0.502481
0.62207 0.503989
0.624023 0.505495
0.625977 0.507001
0.62793 0.508507
0.629883 0.510011
0.631836 0.511515
0.633789 0.513018
0.635742 0.51452
0.637695 0.516022
0.639648 0.517522
0.641602 0.519022
0.643555 0.520522
0.645508 0.52202
0.647461 0.523518
0.649414 0.525015
0.651367 0.526511
0.65332 0.528007
0.655273 0.529501
0.657227 0.530995
0.65918 0.532488
0.661133 0.533981
0.663086 0.535472
0.665039 0.536963
0.666992 0.538453
0.668945 0.539942
0.670898 0.541431
0.672852 0.542918
0.674805 0.544405
0.676758 0.545891
0.678711 0.547377
0.680664 0.548861
0.682617 0.550344
0.68457 0.551827
0.686523 0.553309
0.688477 0.55479
0.69043 0.556271
0.692383 0.55775
0.694336 0.559229
0.696289 0.560706
0.698242 0.562183
0.700195 0.563659
0.702148 0.565135
0.704102 0.566609
0.706055 0.568082
0.708008 0.569555
0.709961 0.571027
0.711914 0.572498
0.713867 0.573968
0.71582 0.575437
0.717773 0.576905
0.719727 0.578373
0.72168 0.579839
0.723633 0.581305
0.725586 0.582769
0.727539 0.584233
0.729492 0.585696
0.731445 0.587158
0.733398 0.588619
0.735352 0.590079
0.737305 0.591539
0.739258 0.592997
0.741211 0.594454
0.743164 0.595911
0.745117 0.597366
0.74707 0.598821
0.749023 0.600274
0.750977 0.601727
0.75293 0.603179
0.754883 0.604629
0.756836 0.606079
0.758789 0.607528
0.760742 0.608976
0.762695 0.610423
0.764648 0.611869
0.766602 0.613313
0.768555 0.614757
0.770508 0.6162
0.772461 0.617642
0.774414 0.619083
0.776367 0.620523
0.77832 0.621962
0.780273 0.6234
0.782227 0.624836
0.78418 0.626272
0.786133 0.627707
0.788086 0.629141
0.790039 0.630573
0.791992 0.632005
0.793945 0.633435
0.795898 0.634865
0.797852 0.636293
0.799805 0.637721
0.801758 0.639147
0.803711 0.640572
0.805664 0.641996
0.807617 0.643419
0.80957 0.644841
0.811523 0.646262
0.813477 0.647681
0.81543 0.6491
0.817383 0.650517
0.819336 0.651933
0.821289 0.653348
0.823242 0.654762
0.825195 0.656175
0.827148 0.657586
0.829102 0.658996
0.831055 0.660405
0.833008 0.661813
0.834961 0.66322
0.836914 0.664625
0.838867 0.666029
0.84082 0.667431
0.842773 0.668833
0.844727 0.670233
0.84668 0.671631
0.848633 0.673028
0.850586 0.674423
0.852539 0.675817
0.854492 0.67721
0.856445 0.6786
0.858398 0.679989
0.860352 0.681376
0.862305 0.682761
0.864258 0.684144
0.866211 0.685525
0.868164 0.686903
0.870117 0.688279
0.87207 0.689652
0.874023 0.691022
0.875977 0.692389
0.87793 0.693752
0.879883 0.695111
0.881836 0.696466
0.883789 0.697815
0.885742 0.699159
0.887695 0.700497
0.889648 0.701827
0.891602 0.703149
0.893555 0.704462
0.895508 0.705765
0.897461 0.707055
0.899414 0.708332
0.901367 0.709593
0.90332 0.710836
0.905273 0.712058
0.907227 0.713256
0.90918 0.714426
0.911133 0.715564
0.913086 0.716665
0.915039 0.717723
0.916992 0.718732
0.918945 0.719683
0.920898 0.720567
0.922852 0.721373
0.924805 0.72209
0.926758 0.722703
0.928711 0.723196
0.930664 0.723548
0.932617 0.723738
0.93457 0.723741
0.936523 0.723525
0.938477 0.723058
0.94043 0.722298
0.942383 0.7212
0.944336 0.719712
0.946289 0.717772
0.948242 0.715311
0.950195 0.712251
0.952148 0.708502
0.954102 0.70396
0.956055 0.698511
0.958008 0.692025
0.959961 0.684358
0.961914 0.67535
0.963867 0.664825
0.96582 0.652592
0.967773 0.638448
0.969727 0.622175
0.97168 0.603552
0.973633 0.582352
0.975586 0.558354
0.977539 0.531353
0.979492 0.501168
0.981445 0.467657
0.983398 0.43073
0.985352 0.390365
0.987305 0.346623
0.989258 0.299655
0.991211 0.249716
0.993164 0.197164
0.995117 0.142457
0.99707 0.086139
0.999023 0.0288253
1 0
