0 0
0.000976562 0.000806938
0.00292969 0.00242081
0.00488281 0.00403469
0.00683594 0.00564855
0.00878906 0.00726241
0.0107422 0.00887626
0.0126953 0.0104901
0.0146484 0.0121039
0.0166016 0.0137177
0.0185547 0.0153315
0.0205078 0.0169453
0.0224609 0.018559
0.0244141 0.0201727
0.0263672 0.0217864
0.0283203 0.0234
0.0302734 0.0250137
0.0322266 0.0266272
0.0341797 0.0282408
0.0361328 0.0298543
0.0380859 0.0314677
0.0400391 0.0330811
0.0419922 0.0346945
0.0439453 0.0363078
0.0458984 0.0379211
0.0478516 0.0395343
0.0498047 0.0411475
0.0517578 0.0427605
0.0537109 0.0443736
0.0556641 0.0459865
0.0576172 0.0475994
0.0595703 0.0492123
0.0615234 0.050825
0.0634766 0.0524377
0.0654297 0.0540503
0.0673828 0.0556629
0.0693359 0.0572753
0.0712891 0.0588877
0.0732422 0.0605
0.0751953 0.0621122
0.0771484 0.0637243
0.0791016 0.0653364
0.0810547 0.0669483
0.0830078 0.0685601
0.0849609 0.0701719
0.0869141 0.0717835
0.0888672 0.073395
0.0908203 0.0750064
0.0927734 0.0766178
0.0947266 0.078229
0.0966797 0.0798401
0.0986328 0.0814511
0.100586 0.0830619
0.102539 0.0846727
0.104492 0.0862833
0.106445 0.0878938
0.108398 0.0895042
0.110352 0.0911144
0.112305 0.0927246
0.114258 0.0943345
0.116211 0.0959444
0.118164 0.0975541
0.120117 0.0991637
0.12207 0.100773
0.124023 0.102382
0.125977 0.103992
0.12793 0.105601
0.129883 0.107209
0.131836 0.108818
0.133789 0.110427
0.135742 0.112035
0.137695 0.113643
0.139648 0.115251
0.141602 0.116859
0.143555 0.118467
0.145508 0.120075
0.147461 0.121682
0.149414 0.123289
0.151367 0.124896
0.15332 0.126503
0.155273 0.12811
0.157227 0.129716
0.15918 0.131323
0.161133 0.132929
0.163086 0.134535
0.165039 0.13614
0.166992 0.137746
0.168945 0.139351
0.170898 0.140956
0.172852 0.142561
0.174805 0.144166
0.176758 0.145771
0.178711 0.147375
0.180664 0.148979
0.182617 0.150583
0.18457 0.152187
0.186523 0.15379
0.188477 0.155394
0.19043 0.156997
0.192383 0.1586
0.194336 0.160202
0.196289 0.161805
0.198242 0.163407
0.200195 0.165009
0.202148 0.166611
0.204102 0.168212
0.206055 0.169813
0.208008 0.171414
0.209961 0.173015
0.211914 0.174616
0.213867 0.176216
0.21582 0.177816
0.217773 0.179416
0.219727 0.181015
0.22168 0.182614
0.223633 0.184213
0.225586 0.185812
0.227539 0.187411
0.229492 0.189009
0.231445 0.190607
0.233398 0.192205
0.235352 0.193802
0.237305 0.195399
0.239258 0.196996
0.241211 0.198593
0.243164 0.200189
0.245117 0.201785
0.24707 0.203381
0.249023 0.204976
0.250977 0.206572
0.25293 0.208166
0.254883 0.209761
0.256836 0.211355
0.258789 0.212949
0.260742 0.214543
0.262695 0.216137
0.264648 0.21773
0.266602 0.219323
0.268555 0.220915
0.270508 0.222507
0.272461 0.224099
0.274414 0.225691
0.276367 0.227282
0.27832 0.228873
0.280273 0.230464
0.282227 0.232054
0.28418 0.233644
0.286133 0.235234
0.288086 0.236823
0.290039 0.238412
0.291992 0.240001
0.293945 0.241589
0.295898 0.243177
0.297852 0.244765
0.299805 0.246352
0.301758 0.24794
0.303711 0.249526
0.305664 0.251113
0.307617 0.252699
0.30957 0.254284
0.311523 0.255869
0.313477 0.257454
0.31543 0.259039
0.317383 0.260623
0.319336 0.262207
0.321289 0.263791
0.323242 0.265374
0.325195 0.266957
0.327148 0.268539
0.329102 0.270121
0.331055 0.271703
0.333008 0.273284
0.334961 0.274865
0.336914 0.276445
0.338867 0.278026
0.34082 0.279605
0.342773 0.281185
0.344727 0.282764
0.34668 0.284342
0.348633 0.285921
0.350586 0.287498
0.352539 0.289076
0.354492 0.290653
0.356445 0.29223
0.358398 0.293806
0.360352 0.295382
0.362305 0.296957
0.364258 0.298532
0.366211 0.300107
0.368164 0.301681
0.370117 0.303255
0.37207 0.304828
0.374023 0.306401
0.375977 0.307974
0.37793 0.309546
0.379883 0.311118
0.381836 0.312689
0.383789 0.31426
0.385742 0.31583
0.387695 0.3174
0.389648 0.31897
0.391602 0.320539
0.393555 0.322108
0.395508 0.323676
0.397461 0.325244
0.399414 0.326811
0.401367 0.328378
0.40332 0.329945
0.405273 0.331511
0.407227 0.333076
0.40918 0.334641
0.411133 0.336206
0.413086 0.33777
0.415039 0.339334
0.416992 0.340897
0.418945 0.34246
0.420898 0.344023
0.422852 0.345584
0.424805 0.347146
0.426758 0.348707
0.428711 0.350267
0.430664 0.351827
0.432617 0.353387
0.43457 0.354946
0.436523 0.356504
0.438477 0.358063
0.44043 0.35962
0.442383 0.361177
0.444336 0.362734
0.446289 0.36429
0.448242 0.365846
0.450195 0.367401
0.452148 0.368955
0.454102 0.370509
0.456055 0.372063
0.458008 0.373616
0.459961 0.375169
0.461914 0.376721
0.463867 0.378273
0.46582 0.379824
0.467773 0.381374
0.469727 0.382924
0.47168 0.384474
0.473633 0.386023
0.475586 0.387571
0.477539 0.389119
0.479492 0.390667
0.481445 0.392213
0.483398 0.39376
0.485352 0.395306
0.487305 0.396851
0.489258 0.398396
0.491211 0.39994
0.493164 0.401483
0.495117 0.403027
0.49707 0.404569
0.499023 0.406111
0.500977 0.407653
0.50293 0.409193
0.504883 0.410734
0.506836 0.412273
0.508789 0.413813
0.510742 0.415351
0.512695 0.416889
0.514648 0.418427
0.516602 0.419964
0.518555 0.4215
0.520508 0.423036
0.522461 0.424571
0.524414 0.426106
0.526367 0.42764
0.52832 0.429173
0.530273 0.430706
0.532227 0.432238
0.53418 0.43377
0.536133 0.435301
0.538086 0.436832
0.540039 0.438362
0.541992 0.439891
0.543945 0.44142
0.545898 0.442948
0.547852 0.444475
0.549805 0.446002
0.551758 0.447528
0.553711 0.449054
0.555664 0.450579
0.557617 0.452103
0.55957 0.453627
0.561523 0.45515
0.563477 0.456673
0.56543 0.458195
0.567383 0.459716
0.569336 0.461237
0.571289 0.462757
0.573242 0.464276
0.575195 0.465795
0.577148 0.467313
0.579102 0.46883
0.581055 0.470347
0.583008 0.471863
0.584961 0.473378
0.586914 0.474893
0.588867 0.476407
0.59082 0.477921
0.592773 0.479433
0.594727 0.480946
0.59668 0.482457
0.598633 0.483968
0.600586 0.485478
0.602539 0.486987
0.604492 0.488496
0.606445 0.490004
0.608398 0.491511
0.610352 0.493018
0.612305 0.494524
0.614258 0.496029
0.616211 0.497534
0.618164 0.499038
0.620117 0.500541
0.62207 0.502043
0.624023 0.503545
0.625977 0.505046
0.62793 0.506547
0.629883 0.508046
0.631836 0.509545
0.633789 0.511043
0.635742 0.512541
0.637695 0.514037
0.639648 0.515533
0.641602 0.517028
0.643555 0.518523
0.645508 0.520017
0.647461 0.52151
0.649414 0.523002
0.651367 0.524494
0.65332 0.525984
0.655273 0.527474
0.657227 0.528963
0.65918 0.530452
0.661133 0.53194
0.663086 0.533427
0.665039 0.534913
0.666992 0.536398
0.668945 0.537883
0.670898 0.539367
0.672852 0.54085
0.674805 0.542332
0.676758 0.543813
0.678711 0.545294
0.680664 0.546774
0.682617 0.548253
0.68457 0.549731
0.686523 0.551209
0.688477 0.552685
0.69043 0.554161
0.692383 0.555636
0.694336 0.55711
0.696289 0.558583
0.698242 0.560056
0.700195 0.561528
0.702148 0.562998
0.704102 0.564468
0.706055 0.565938
0.708008 0.567406
0.709961 0.568873
0.711914 0.57034
0.713867 0.571806
0.71582 0.573271
0.717773 0.574735
0.719727 0.576198
0.72168 0.57766
0.723633 0.579121
0.725586 0.580582
0.727539 0.582041
0.729492 0.5835
0.731445 0.584958
0.733398 0.586415
0.735352 0.587871
0.737305 0.589326
0.739258 0.59078
0.741211 0.592234
0.743164 0.593686
0.745117 0.595137
0.74707 0.596588
0.749023 0.598038
0.750977 0.599486
0.75293 0.600934
0.754883 0.602381
0.756836 0.603827
0.758789 0.605272
0.760742 0.606715
0.762695 0.608158
0.764648 0.6096
0.766602 0.611041
0.768555 0.612481
0.770508 0.613921
0.772461 0.615359
0.774414 0.616796
0.776367 0.618232
0.77832 0.619667
0.780273 0.621101
0.782227 0.622534
0.78418 0.623966
0.786133 0.625397
0.788086 0.626827
0.790039 0.628256
0.791992 0.629684
0.793945 0.631111
0.795898 0.632537
0.797852 0.633962
0.799805 0.635386
0.801758 0.636809
0.803711 0.63823
0.805664 0.639651
0.807617 0.64107
0.80957 0.642489
0.811523 0.643906
0.813477 0.645322
0.81543 0.646737
0.817383 0.648151
0.819336 0.649564
0.821289 0.650976
0.823242 0.652386
0.825195 0.653796
0.827148 0.655204
0.829102 0.656611
0.831055 0.658016
0.833008 0.659421
0.834961 0.660824
0.836914 0.662226
0.838867 0.663627
0.84082 0.665027
0.842773 0.666425
0.844727 0.667822
0.84668 0.669217
0.848633 0.670611
0.850586 0.672003
0.852539 0.673394
0.854492 0.674784
0.856445 0.676171
0.858398 0.677557
0.860352 0.678941
0.862305 0.680323
0.864258 0.681703
0.866211 0.683081
0.868164 0.684457
0.870117 0.685829
0.87207 0.687199
0.874023 0.688566
0.875977 0.68993
0.87793 0.69129
0.879883 0.692646
0.881836 0.693997
0.883789 0.695344
0.885742 0.696684
0.887695 0.698019
0.889648 0.699346
0.891602 0.700664
0.893555 0.701974
0.895508 0.703273
0.897461 0.70456
0.899414 0.705832
0.901367 0.707089
0.90332 0.708328
0.905273 0.709545
0.907227 0.710738
0.90918 0.711903
0.911133 0.713035
0.913086 0.71413
0.915039 0.715181
0.916992 0.716182
0.918945 0.717125
0.920898 0.718001
0.922852 0.718798
0.924805 0.719505
0.926758 0.720107
0.928711 0.720588
0.930664 0.720927
0.932617 0.721103
0.93457 0.72109
0.936523 0.720858
0.938477 0.720372
0.94043 0.719592
0.942383 0.718473
0.944336 0.716961
0.946289 0.714997
0.948242 0.71251
0.950195 0.709423
0.952148 0.705644
0.954102 0.701073
0.956055 0.695593
0.958008 0.689078
0.959961 0.681382
0.961914 0.672347
0.963867 0.661798
0.96582 0.649547
0.967773 0.63539
0.969727 0.619115
0.97168 0.600501
0.973633 0.579324
0.975586 0.555368
0.977539 0.528431
0.979492 0.498335
0.981445 0.464941
0.983398 0.428164
0.985352 0.387983
0.987305 0.34446
0.989258 0.297748
0.991211 0.2481
0.993164 0.19587
0.995117 0.141511
0.99707 0.085563
0.999023 0.0286319
1 0
