0 0
0.000976562 0.000805602
0.00292969 0.00241681
0.00488281 0.00402801
0.00683594 0.0056392
0.00878906 0.00725038
0.0107422 0.00886156
0.0126953 0.0104727
0.0146484 0.0120839
0.0166016 0.013695
0.0185547 0.0153061
0.0205078 0.0169172
0.0224609 0.0185283
0.0244141 0.0201393
0.0263672 0.0217503
0.0283203 0.0233613
0.0302734 0.0249722
0.0322266 0.0265831
0.0341797 0.028194
0.0361328 0.0298048
0.0380859 0.0314156
0.0400391 0.0330264
0.0419922 0.0346371
0.0439453 0.0362477
0.0458984 0.0378583
0.0478516 0.0394689
0.0498047 0.0410793
0.0517578 0.0426898
0.0537109 0.0443001
0.0556641 0.0459104
0.0576172 0.0475207
0.0595703 0.0491308
0.0615234 0.0507409
0.0634766 0.052351
0.0654297 0.0539609
0.0673828 0.0555708
0.0693359 0.0571806
0.0712891 0.0587903
0.0732422 0.0603999
0.0751953 0.0620095
0.0771484 0.0636189
0.0791016 0.0652283
0.0810547 0.0668376
0.0830078 0.0684467
0.0849609 0.0700558
0.0869141 0.0716648
0.0888672 0.0732737
0.0908203 0.0748824
0.0927734 0.0764911
0.0947266 0.0780996
0.0966797 0.0797081
0.0986328 0.0813164
0.100586 0.0829246
0.102539 0.0845327
0.104492 0.0861407
0.106445 0.0877486
0.108398 0.0893563
0.110352 0.0909639
0.112305 0.0925714
0.114258 0.0941787
0.116211 0.0957859
0.118164 0.097393
0.120117 0.0989999
0.12207 0.100607
0.124023 0.102213
0.125977 0.10382
0.12793 0.105426
0.129883 0.107032
0.131836 0.108639
0.133789 0.110244
0.135742 0.11185
0.137695 0.113456
0.139648 0.115061
0.141602 0.116666
0.143555 0.118272
0.145508 0.119876
0.147461 0.121481
0.149414 0.123086
0.151367 0.12469
0.15332 0.126294
0.155273 0.127899
0.157227 0.129502
0.15918 0.131106
0.161133 0.13271
0.163086 0.134313
0.165039 0.135916
0.166992 0.137519
0.168945 0.139122
0.170898 0.140724
0.172852 0.142327
0.174805 0.143929
0.176758 0.145531
0.178711 0.147133
0.180664 0.148734
0.182617 0.150335
0.18457 0.151937
0.186523 0.153537
0.188477 0.155138
0.19043 0.156739
0.192383 0.158339
0.194336 0.159939
0.196289 0.161539
0.198242 0.163138
0.200195 0.164738
0.202148 0.166337
0.204102 0.167936
0.206055 0.169534
0.208008 0.171133
0.209961 0.172731
0.211914 0.174329
0.213867 0.175927
0.21582 0.177524
0.217773 0.179121
0.219727 0.180718
0.22168 0.182315
0.223633 0.183911
0.225586 0.185507
0.227539 0.187103
0.229492 0.188699
0.231445 0.190294
0.233398 0.19189
0.235352 0.193484
0.237305 0.195079
0.239258 0.196673
0.241211 0.198267
0.243164 0.199861
0.245117 0.201455
0.24707 0.203048
0.249023 0.204641
0.250977 0.206233
0.25293 0.207826
0.254883 0.209418
0.256836 0.21101
0.258789 0.212601
0.260742 0.214192
0.262695 0.215783
0.264648 0.217374
0.266602 0.218964
0.268555 0.220554
0.270508 0.222144
0.272461 0.223733
0.274414 0.225322
0.276367 0.226911
0.27832 0.2285
0.280273 0.230088
0.282227 0.231676
0.28418 0.233263
0.286133 0.23485
0.288086 0.236437
0.290039 0.238024
0.291992 0.23961
0.293945 0.241196
0.295898 0.242781
0.297852 0.244366
0.299805 0.245951
0.301758 0.247536
0.303711 0.24912
0.305664 0.250704
0.307617 0.252287
0.30957 0.25387
0.311523 0.255453
0.313477 0.257036
0.31543 0.258618
0.317383 0.2602
0.319336 0.261781
0.321289 0.263362
0.323242 0.264943
0.325195 0.266523
0.327148 0.268103
0.329102 0.269683
0.331055 0.271262
0.333008 0.272841
0.334961 0.274419
0.336914 0.275997
0.338867 0.277575
0.34082 0.279152
0.342773 0.280729
0.344727 0.282306
0.34668 0.283882
0.348633 0.285458
0.350586 0.287033
0.352539 0.288608
0.354492 0.290183
0.356445 0.291757
0.358398 0.293331
0.360352 0.294904
0.362305 0.296477
0.364258 0.29805
0.366211 0.299622
0.368164 0.301194
0.370117 0.302765
0.37207 0.304336
0.374023 0.305907
0.375977 0.307477
0.37793 0.309047
0.379883 0.310616
0.381836 0.312185
0.383789 0.313753
0.385742 0.315321
0.387695 0.316889
0.389648 0.318456
0.391602 0.320023
0.393555 0.321589
0.395508 0.323155
0.397461 0.324721
0.399414 0.326286
0.401367 0.32785
0.40332 0.329414
0.405273 0.330978
0.407227 0.332541
0.40918 0.334104
0.411133 0.335666
0.413086 0.337228
0.415039 0.33879
0.416992 0.340351
0.418945 0.341911
0.420898 0.343471
0.422852 0.345031
0.424805 0.34659
0.426758 0.348148
0.428711 0.349707
0.430664 0.351264
0.432617 0.352821
0.43457 0.354378
0.436523 0.355934
0.438477 0.35749
0.44043 0.359045
0.442383 0.3606
0.444336 0.362155
0.446289 0.363708
0.448242 0.365262
0.450195 0.366815
0.452148 0.368367
0.454102 0.369919
0.456055 0.37147
0.458008 0.373021
0.459961 0.374571
0.461914 0.376121
0.463867 0.37767
0.46582 0.379219
0.467773 0.380767
0.469727 0.382315
0.47168 0.383862
0.473633 0.385409
0.475586 0.386955
0.477539 0.388501
0.479492 0.390046
0.481445 0.391591
0.483398 0.393135
0.485352 0.394679
0.487305 0.396222
0.489258 0.397764
0.491211 0.399306
0.493164 0.400847
0.495117 0.402388
0.49707 0.403929
0.499023 0.405468
0.500977 0.407008
0.50293 0.408546
0.504883 0.410085
0.506836 0.411622
0.508789 0.413159
0.510742 0.414696
0.512695 0.416231
0.514648 0.417767
0.516602 0.419302
0.518555 0.420836
0.520508 0.422369
0.522461 0.423902
0.524414 0.425435
0.526367 0.426967
0.52832 0.428498
0.530273 0.430029
0.532227 0.431559
0.53418 0.433088
0.536133 0.434617
0.538086 0.436146
0.540039 0.437673
0.541992 0.439201
0.543945 0.440727
0.545898 0.442253
0.547852 0.443778
0.549805 0.445303
0.551758 0.446827
0.553711 0.448351
0.555664 0.449874
0.557617 0.451396
0.55957 0.452918
0.561523 0.454439
0.563477 0.455959
0.56543 0.457479
0.567383 0.458998
0.569336 0.460517
0.571289 0.462035
0.573242 0.463552
0.575195 0.465069
0.577148 0.466585
0.579102 0.4681
0.581055 0.469615
0.583008 0.471129
0.584961 0.472642
0.586914 0.474155
0.588867 0.475667
0.59082 0.477178
0.592773 0.478689
0.594727 0.480199
0.59668 0.481709
0.598633 0.483217
0.600586 0.484725
0.602539 0.486233
0.604492 0.487739
0.606445 0.489246
0.608398 0.490751
0.610352 0.492256
0.612305 0.49376
0.614258 0.495263
0.616211 0.496765
0.618164 0.498267
0.620117 0.499769
0.62207 0.501269
0.624023 0.502769
0.625977 0.504268
0.62793 0.505766
0.629883 0.507264
0.631836 0.508761
0.633789 0.510257
0.635742 0.511753
0.637695 0.513247
0.639648 0.514742
0.641602 0.516235
0.643555 0.517727
0.645508 0.519219
0.647461 0.52071
0.649414 0.522201
0.651367 0.52369
0.65332 0.525179
0.655273 0.526667
0.657227 0.528155
0.65918 0.529641
0.661133 0.531127
0.663086 0.532612
0.665039 0.534097
0.666992 0.53558
0.668945 0.537063
0.670898 0.538545
0.672852 0.540026
0.674805 0.541506
0.676758 0.542986
0.678711 0.544465
0.680664 0.545943
0.682617 0.54742
0.68457 0.548897
0.686523 0.550372
0.688477 0.551847
0.69043 0.553321
0.692383 0.554794
0.694336 0.556267
0.696289 0.557738
0.698242 0.559209
0.700195 0.560679
0.702148 0.562148
0.704102 0.563616
0.706055 0.565084
0.708008 0.56655
0.709961 0.568016
0.711914 0.569481
0.713867 0.570945
0.71582 0.572408
0.717773 0.57387
0.719727 0.575332
0.72168 0.576792
0.723633 0.578252
0.725586 0.579711
0.727539 0.581169
0.729492 0.582626
0.731445 0.584082
0.733398 0.585537
0.735352 0.586992
0.737305 0.588445
0.739258 0.589898
0.741211 0.591349
0.743164 0.5928
0.745117 0.59425
0.74707 0.595699
0.749023 0.597147
0.750977 0.598594
0.75293 0.60004
0.754883 0.601485
0.756836 0.60293
0.758789 0.604373
0.760742 0.605815
0.762695 0.607257
0.764648 0.608697
0.766602 0.610137
0.768555 0.611575
0.770508 0.613013
0.772461 0.614449
0.774414 0.615885
0.776367 0.61732
0.77832 0.618753
0.780273 0.620186
0.782227 0.621617
0.78418 0.623048
0.786133 0.624478
0.788086 0.625906
0.790039 0.627334
0.791992 0.62876
0.793945 0.630186
0.795898 0.63161
0.797852 0.633034
0.799805 0.634456
0.801758 0.635877
0.803711 0.637297
0.805664 0.638717
0.807617 0.640135
0.80957 0.641552
0.811523 0.642968
0.813477 0.644383
0.81543 0.645796
0.817383 0.647209
0.819336 0.64862
0.821289 0.650031
0.823242 0.65144
0.825195 0.652848
0.827148 0.654255
0.829102 0.65566
0.831055 0.657065
0.833008 0.658468
0.834961 0.65987
0.836914 0.661271
0.838867 0.662671
0.84082 0.664069
0.842773 0.665466
0.844727 0.666861
0.84668 0.668255
0.848633 0.669648
0.850586 0.671039
0.852539 0.672429
0.854492 0.673817
0.856445 0.675204
0.858398 0.676588
0.860352 0.677971
0.862305 0.679352
0.864258 0.680731
0.866211 0.682107
0.868164 0.683482
0.870117 0.684853
0.87207 0.686222
0.874023 0.687588
0.875977 0.68895
0.87793 0.690309
0.879883 0.691664
0.881836 0.693014
0.883789 0.694359
0.885742 0.695698
0.887695 0.697031
0.889648 0.698357
0.891602 0.699674
0.893555 0.700982
0.895508 0.70228
0.897461 0.703565
0.899414 0.704836
0.901367 0.706091
0.90332 0.707328
0.905273 0.708543
0.907227 0.709734
0.90918 0.710897
0.911133 0.712027
0.913086 0.713119
0.915039 0.714168
0.916992 0.715166
0.918945 0.716106
0.920898 0.716978
0.922852 0.717771
0.924805 0.718474
0.926758 0.719072
0.928711 0.719548
0.930664 0.719882
0.932617 0.720052
0.93457 0.720033
0.936523 0.719794
0.938477 0.7193
0.94043 0.718513
0.942383 0.717385
0.944336 0.715864
0.946289 0.71389
0.948242 0.711393
0.950195 0.708294
0.952148 0.704504
0.954102 0.699921
0.956055 0.69443
0.958008 0.687902
0.959961 0.680194
0.961914 0.671149
0.963867 0.660591
0.96582 0.648332
0.967773 0.634171
0.969727 0.617895
0.97168 0.599284
0.973633 0.578117
0.975586 0.554178
0.977539 0.527267
0.979492 0.497206
0.981445 0.463859
0.983398 0.427142
0.985352 0.387034
0.987305 0.343599
0.989258 0.296989
0.991211 0.247456
0.993164 0.195355
0.995117 0.141135
0.99707 0.0853338
0.999023 0.0285549
1 0
