0 0
0.000976562 0.00079572
0.00292969 0.00238716
0.00488281 0.00397859
0.00683594 0.00557002
0.00878906 0.00716145
0.0107422 0.00875286
0.0126953 0.0103443
0.0146484 0.0119356
0.0166016 0.013527
0.0185547 0.0151184
0.0205078 0.0167097
0.0224609 0.018301
0.0244141 0.0198923
0.0263672 0.0214835
0.0283203 0.0230748
0.0302734 0.024666
0.0322266 0.0262571
0.0341797 0.0278482
0.0361328 0.0294393
0.0380859 0.0310304
0.0400391 0.0326214
0.0419922 0.0342123
0.0439453 0.0358032
0.0458984 0.0373941
0.0478516 0.0389849
0.0498047 0.0405757
0.0517578 0.0421664
0.0537109 0.043757
0.0556641 0.0453476
0.0576172 0.0469381
0.0595703 0.0485285
0.0615234 0.0501189
0.0634766 0.0517093
0.0654297 0.0532995
0.0673828 0.0548897
0.0693359 0.0564798
0.0712891 0.0580698
0.0732422 0.0596597
0.0751953 0.0612496
0.0771484 0.0628394
0.0791016 0.064429
0.0810547 0.0660186
0.0830078 0.0676082
0.0849609 0.0691976
0.0869141 0.0707869
0.0888672 0.0723761
0.0908203 0.0739652
0.0927734 0.0755543
0.0947266 0.0771432
0.0966797 0.078732
0.0986328 0.0803207
0.100586 0.0819093
0.102539 0.0834978
0.104492 0.0850861
0.106445 0.0866744
0.108398 0.0882625
0.110352 0.0898505
0.112305 0.0914384
0.114258 0.0930262
0.116211 0.0946138
0.118164 0.0962013
0.120117 0.0977887
0.12207 0.099376
0.124023 0.100963
0.125977 0.10255
0.12793 0.104137
0.129883 0.105724
0.131836 0.10731
0.133789 0.108896
0.135742 0.110483
0.137695 0.112069
0.139648 0.113655
0.141602 0.115241
0.143555 0.116826
0.145508 0.118412
0.147461 0.119997
0.149414 0.121582
0.151367 0.123167
0.15332 0.124752
0.155273 0.126337
0.157227 0.127921
0.15918 0.129505
0.161133 0.131089
0.163086 0.132673
0.165039 0.134257
0.166992 0.135841
0.168945 0.137424
0.170898 0.139007
0.172852 0.14059
0.174805 0.142173
0.176758 0.143756
0.178711 0.145338
0.180664 0.14692
0.182617 0.148502
0.18457 0.150084
0.186523 0.151666
0.188477 0.153247
0.19043 0.154829
0.192383 0.15641
0.194336 0.15799
0.196289 0.159571
0.198242 0.161151
0.200195 0.162732
0.202148 0.164311
0.204102 0.165891
0.206055 0.167471
0.208008 0.16905
0.209961 0.170629
0.211914 0.172208
0.213867 0.173786
0.21582 0.175365
0.217773 0.176943
0.219727 0.178521
0.22168 0.180098
0.223633 0.181676
0.225586 0.183253
0.227539 0.18483
0.229492 0.186406
0.231445 0.187983
0.233398 0.189559
0.235352 0.191135
0.237305 0.19271
0.239258 0.194286
0.241211 0.195861
0.243164 0.197436
0.245117 0.19901
0.24707 0.200585
0.249023 0.202159
0.250977 0.203732
0.25293 0.205306
0.254883 0.206879
0.256836 0.208452
0.258789 0.210025
0.260742 0.211597
0.262695 0.213169
0.264648 0.214741
0.266602 0.216313
0.268555 0.217884
0.270508 0.219455
0.272461 0.221025
0.274414 0.222596
0.276367 0.224166
0.27832 0.225736
0.280273 0.227305
0.282227 0.228874
0.28418 0.230443
0.286133 0.232012
0.288086 0.23358
0.290039 0.235148
0.291992 0.236716
0.293945 0.238283
0.295898 0.23985
0.297852 0.241416
0.299805 0.242983
0.301758 0.244549
0.303711 0.246115
0.305664 0.24768
0.307617 0.249245
0.30957 0.25081
0.311523 0.252374
0.313477 0.253938
0.31543 0.255502
0.317383 0.257065
0.319336 0.258628
0.321289 0.260191
0.323242 0.261753
0.325195 0.263315
0.327148 0.264877
0.329102 0.266438
0.331055 0.267999
0.333008 0.26956
0.334961 0.27112
0.336914 0.27268
0.338867 0.27424
0.34082 0.275799
0.342773 0.277358
0.344727 0.278916
0.34668 0.280474
0.348633 0.282032
0.350586 0.283589
0.352539 0.285146
0.354492 0.286703
0.356445 0.288259
0.358398 0.289815
0.360352 0.29137
0.362305 0.292925
0.364258 0.29448
0.366211 0.296034
0.368164 0.297588
0.370117 0.299142
0.37207 0.300695
0.374023 0.302247
0.375977 0.3038
0.37793 0.305352
0.379883 0.306903
0.381836 0.308454
0.383789 0.310005
0.385742 0.311555
0.387695 0.313105
0.389648 0.314655
0.391602 0.316204
0.393555 0.317752
0.395508 0.319301
0.397461 0.320849
0.399414 0.322396
0.401367 0.323943
0.40332 0.32549
0.405273 0.327036
0.407227 0.328581
0.40918 0.330127
0.411133 0.331671
0.413086 0.333216
0.415039 0.33476
0.416992 0.336303
0.418945 0.337847
0.420898 0.339389
0.422852 0.340931
0.424805 0.342473
0.426758 0.344015
0.428711 0.345555
0.430664 0.347096
0.432617 0.348636
0.43457 0.350175
0.436523 0.351714
0.438477 0.353253
0.44043 0.354791
0.442383 0.356329
0.444336 0.357866
0.446289 0.359403
0.448242 0.360939
0.450195 0.362475
0.452148 0.36401
0.454102 0.365545
0.456055 0.367079
0.458008 0.368613
0.459961 0.370147
0.461914 0.37168
0.463867 0.373212
0.46582 0.374744
0.467773 0.376275
0.469727 0.377806
0.47168 0.379337
0.473633 0.380867
0.475586 0.382396
0.477539 0.383925
0.479492 0.385454
0.481445 0.386982
0.483398 0.388509
0.485352 0.390036
0.487305 0.391563
0.489258 0.393089
0.491211 0.394614
0.493164 0.396139
0.495117 0.397663
0.49707 0.399187
0.499023 0.400711
0.500977 0.402233
0.50293 0.403756
0.504883 0.405277
0.506836 0.406799
0.508789 0.408319
0.510742 0.40984
0.512695 0.411359
0.514648 0.412878
0.516602 0.414397
0.518555 0.415915
0.520508 0.417432
0.522461 0.418949
0.524414 0.420466
0.526367 0.421981
0.52832 0.423497
0.530273 0.425011
0.532227 0.426526
0.53418 0.428039
0.536133 0.429552
0.538086 0.431065
0.540039 0.432576
0.541992 0.434088
0.543945 0.435599
0.545898 0.437109
0.547852 0.438618
0.549805 0.440127
0.551758 0.441636
0.553711 0.443144
0.555664 0.444651
0.557617 0.446158
0.55957 0.447664
0.561523 0.449169
0.563477 0.450674
0.56543 0.452178
0.567383 0.453682
0.569336 0.455185
0.571289 0.456688
0.573242 0.458189
0.575195 0.459691
0.577148 0.461191
0.579102 0.462691
0.581055 0.464191
0.583008 0.46569
0.584961 0.467188
0.586914 0.468685
0.588867 0.470182
0.59082 0.471679
0.592773 0.473174
0.594727 0.474669
0.59668 0.476164
0.598633 0.477658
0.600586 0.479151
0.602539 0.480643
0.604492 0.482135
0.606445 0.483626
0.608398 0.485117
0.610352 0.486607
0.612305 0.488096
0.614258 0.489584
0.616211 0.491072
0.618164 0.49256
0.620117 0.494046
0.62207 0.495532
0.624023 0.497017
0.625977 0.498502
0.62793 0.499986
0.629883 0.501469
0.631836 0.502951
0.633789 0.504433
0.635742 0.505914
0.637695 0.507395
0.639648 0.508875
0.641602 0.510354
0.643555 0.511832
0.645508 0.51331
0.647461 0.514787
0.649414 0.516263
0.651367 0.517738
0.65332 0.519213
0.655273 0.520687
0.657227 0.522161
0.65918 0.523633
0.661133 0.525105
0.663086 0.526577
0.665039 0.528047
0.666992 0.529517
0.668945 0.530986
0.670898 0.532454
0.672852 0.533922
0.674805 0.535388
0.676758 0.536854
0.678711 0.53832
0.680664 0.539784
0.682617 0.541248
0.68457 0.542711
0.686523 0.544173
0.688477 0.545635
0.69043 0.547095
0.692383 0.548555
0.694336 0.550015
0.696289 0.551473
0.698242 0.552931
0.700195 0.554387
0.702148 0.555843
0.704102 0.557299
0.706055 0.558753
0.708008 0.560207
0.709961 0.561659
0.711914 0.563111
0.713867 0.564563
0.71582 0.566013
0.717773 0.567463
0.719727 0.568911
0.72168 0.570359
0.723633 0.571806
0.725586 0.573253
0.727539 0.574698
0.729492 0.576143
0.731445 0.577586
0.733398 0.579029
0.735352 0.580471
0.737305 0.581912
0.739258 0.583353
0.741211 0.584792
0.743164 0.586231
0.745117 0.587669
0.74707 0.589105
0.749023 0.590541
0.750977 0.591976
0.75293 0.593411
0.754883 0.594844
0.756836 0.596276
0.758789 0.597708
0.760742 0.599139
0.762695 0.600568
0.764648 0.601997
0.766602 0.603425
0.768555 0.604852
0.770508 0.606278
0.772461 0.607703
0.774414 0.609127
0.776367 0.610551
0.77832 0.611973
0.780273 0.613394
0.782227 0.614815
0.78418 0.616234
0.786133 0.617653
0.788086 0.61907
0.790039 0.620487
0.791992 0.621903
0.793945 0.623317
0.795898 0.624731
0.797852 0.626144
0.799805 0.627555
0.801758 0.628966
0.803711 0.630376
0.805664 0.631784
0.807617 0.633192
0.80957 0.634598
0.811523 0.636004
0.813477 0.637409
0.81543 0.638812
0.817383 0.640214
0.819336 0.641616
0.821289 0.643016
0.823242 0.644415
0.825195 0.645813
0.827148 0.64721
0.829102 0.648606
0.831055 0.650001
0.833008 0.651394
0.834961 0.652787
0.836914 0.654178
0.838867 0.655568
0.84082 0.656957
0.842773 0.658344
0.844727 0.65973
0.84668 0.661115
0.848633 0.662498
0.850586 0.66388
0.852539 0.66526
0.854492 0.666639
0.856445 0.668017
0.858398 0.669392
0.860352 0.670766
0.862305 0.672137
0.864258 0.673507
0.866211 0.674875
0.868164 0.67624
0.870117 0.677602
0.87207 0.678962
0.874023 0.680318
0.875977 0.681671
0.87793 0.683021
0.879883 0.684366
0.881836 0.685706
0.883789 0.687041
0.885742 0.688371
0.887695 0.689693
0.889648 0.691009
0.891602 0.692315
0.893555 0.693612
0.895508 0.694898
0.897461 0.696171
0.899414 0.697429
0.901367 0.698671
0.90332 0.699894
0.905273 0.701095
0.907227 0.70227
0.90918 0.703416
0.911133 0.704528
0.913086 0.705601
0.915039 0.706629
0.916992 0.707605
0.918945 0.708521
0.920898 0.709367
0.922852 0.710132
0.924805 0.710804
0.926758 0.711368
0.928711 0.711807
0.930664 0.712101
0.932617 0.712228
0.93457 0.712162
0.936523 0.711871
0.938477 0.711322
0.94043 0.710474
0.942383 0.709282
0.944336 0.707691
0.946289 0.705643
0.948242 0.703067
0.950195 0.699886
0.952148 0.69601
0.954102 0.691339
0.956055 0.685758
0.958008 0.679142
0.959961 0.671349
0.961914 0.662224
0.963867 0.651598
0.96582 0.639286
0.967773 0.625092
0.969727 0.608811
0.97168 0.59023
0.973633 0.569139
0.975586 0.545329
0.977539 0.518611
0.979492 0.488818
0.981445 0.455825
0.983398 0.419554
0.985352 0.379995
0.987305 0.337212
0.989258 0.29136
0.991211 0.242687
0.993164 0.191537
0.995117 0.138348
0.99707 0.0836363
0.999023 0.0279848
1 0
