0 0
0.000976562 0.000788626
0.00292969 0.00236588
0.00488281 0.00394313
0.00683594 0.00552037
0.00878906 0.0070976
0.0107422 0.00867483
0.0126953 0.010252
0.0146484 0.0118292
0.0166016 0.0134064
0.0185547 0.0149836
0.0205078 0.0165607
0.0224609 0.0181379
0.0244141 0.019715
0.0263672 0.021292
0.0283203 0.0228691
0.0302734 0.0244461
0.0322266 0.0260231
0.0341797 0.0276
0.0361328 0.0291769
0.0380859 0.0307538
0.0400391 0.0323306
0.0419922 0.0339074
0.0439453 0.0354842
0.0458984 0.0370609
0.0478516 0.0386375
0.0498047 0.0402141
0.0517578 0.0417906
0.0537109 0.0433671
0.0556641 0.0449435
0.0576172 0.0465199
0.0595703 0.0480962
0.0615234 0.0496724
0.0634766 0.0512486
0.0654297 0.0528247
0.0673828 0.0544007
0.0693359 0.0559767
0.0712891 0.0575526
0.0732422 0.0591284
0.0751953 0.0607041
0.0771484 0.0622798
0.0791016 0.0638553
0.0810547 0.0654308
0.0830078 0.0670062
0.0849609 0.0685815
0.0869141 0.0701567
0.0888672 0.0717318
0.0908203 0.0733068
0.0927734 0.0748817
0.0947266 0.0764566
0.0966797 0.0780313
0.0986328 0.0796059
0.100586 0.0811804
0.102539 0.0827548
0.104492 0.0843291
0.106445 0.0859033
0.108398 0.0874773
0.110352 0.0890513
0.112305 0.0906251
0.114258 0.0921988
0.116211 0.0937724
0.118164 0.0953458
0.120117 0.0969192
0.12207 0.0984924
0.124023 0.100065
0.125977 0.101638
0.12793 0.103211
0.129883 0.104784
0.131836 0.106356
0.133789 0.107929
0.135742 0.109501
0.137695 0.111073
0.139648 0.112645
0.141602 0.114217
0.143555 0.115788
0.145508 0.11736
0.147461 0.118931
0.149414 0.120503
0.151367 0.122074
0.15332 0.123644
0.155273 0.125215
0.157227 0.126786
0.15918 0.128356
0.161133 0.129926
0.163086 0.131496
0.165039 0.133066
0.166992 0.134636
0.168945 0.136205
0.170898 0.137774
0.172852 0.139344
0.174805 0.140913
0.176758 0.142481
0.178711 0.14405
0.180664 0.145618
0.182617 0.147186
0.18457 0.148754
0.186523 0.150322
0.188477 0.15189
0.19043 0.153457
0.192383 0.155024
0.194336 0.156591
0.196289 0.158158
0.198242 0.159725
0.200195 0.161291
0.202148 0.162857
0.204102 0.164423
0.206055 0.165989
0.208008 0.167554
0.209961 0.16912
0.211914 0.170685
0.213867 0.17225
0.21582 0.173814
0.217773 0.175379
0.219727 0.176943
0.22168 0.178507
0.223633 0.18007
0.225586 0.181634
0.227539 0.183197
0.229492 0.18476
0.231445 0.186323
0.233398 0.187885
0.235352 0.189447
0.237305 0.191009
0.239258 0.192571
0.241211 0.194133
0.243164 0.195694
0.245117 0.197255
0.24707 0.198816
0.249023 0.200376
0.250977 0.201936
0.25293 0.203496
0.254883 0.205056
0.256836 0.206615
0.258789 0.208174
0.260742 0.209733
0.262695 0.211292
0.264648 0.21285
0.266602 0.214408
0.268555 0.215966
0.270508 0.217523
0.272461 0.219081
0.274414 0.220638
0.276367 0.222194
0.27832 0.22375
0.280273 0.225307
0.282227 0.226862
0.28418 0.228418
0.286133 0.229973
0.288086 0.231528
0.290039 0.233082
0.291992 0.234637
0.293945 0.236191
0.295898 0.237744
0.297852 0.239298
0.299805 0.240851
0.301758 0.242403
0.303711 0.243956
0.305664 0.245508
0.307617 0.24706
0.30957 0.248611
0.311523 0.250162
0.313477 0.251713
0.31543 0.253264
0.317383 0.254814
0.319336 0.256364
0.321289 0.257913
0.323242 0.259462
0.325195 0.261011
0.327148 0.26256
0.329102 0.264108
0.331055 0.265656
0.333008 0.267203
0.334961 0.26875
0.336914 0.270297
0.338867 0.271843
0.34082 0.273389
0.342773 0.274935
0.344727 0.276481
0.34668 0.278026
0.348633 0.27957
0.350586 0.281115
0.352539 0.282659
0.354492 0.284202
0.356445 0.285745
0.358398 0.287288
0.360352 0.288831
0.362305 0.290373
0.364258 0.291915
0.366211 0.293456
0.368164 0.294997
0.370117 0.296538
0.37207 0.298078
0.374023 0.299618
0.375977 0.301157
0.37793 0.302696
0.379883 0.304235
0.381836 0.305773
0.383789 0.307311
0.385742 0.308849
0.387695 0.310386
0.389648 0.311923
0.391602 0.313459
0.393555 0.314995
0.395508 0.316531
0.397461 0.318066
0.399414 0.319601
0.401367 0.321135
0.40332 0.322669
0.405273 0.324202
0.407227 0.325735
0.40918 0.327268
0.411133 0.3288
0.413086 0.330332
0.415039 0.331864
0.416992 0.333395
0.418945 0.334925
0.420898 0.336455
0.422852 0.337985
0.424805 0.339514
0.426758 0.341043
0.428711 0.342572
0.430664 0.3441
0.432617 0.345627
0.43457 0.347154
0.436523 0.348681
0.438477 0.350207
0.44043 0.351733
0.442383 0.353258
0.444336 0.354783
0.446289 0.356307
0.448242 0.357831
0.450195 0.359355
0.452148 0.360878
0.454102 0.362401
0.456055 0.363923
0.458008 0.365444
0.459961 0.366966
0.461914 0.368486
0.463867 0.370007
0.46582 0.371526
0.467773 0.373046
0.469727 0.374565
0.47168 0.376083
0.473633 0.377601
0.475586 0.379118
0.477539 0.380635
0.479492 0.382152
0.481445 0.383668
0.483398 0.385183
0.485352 0.386698
0.487305 0.388213
0.489258 0.389727
0.491211 0.39124
0.493164 0.392753
0.495117 0.394266
0.49707 0.395778
0.499023 0.397289
0.500977 0.3988
0.50293 0.40031
0.504883 0.40182
0.506836 0.40333
0.508789 0.404839
0.510742 0.406347
0.512695 0.407855
0.514648 0.409362
0.516602 0.410869
0.518555 0.412376
0.520508 0.413881
0.522461 0.415387
0.524414 0.416891
0.526367 0.418396
0.52832 0.419899
0.530273 0.421402
0.532227 0.422905
0.53418 0.424407
0.536133 0.425909
0.538086 0.42741
0.540039 0.42891
0.541992 0.43041
0.543945 0.431909
0.545898 0.433408
0.547852 0.434906
0.549805 0.436404
0.551758 0.437901
0.553711 0.439397
0.555664 0.440893
0.557617 0.442389
0.55957 0.443883
0.561523 0.445378
0.563477 0.446871
0.56543 0.448364
0.567383 0.449857
0.569336 0.451349
0.571289 0.45284
0.573242 0.454331
0.575195 0.455821
0.577148 0.45731
0.579102 0.458799
0.581055 0.460288
0.583008 0.461776
0.584961 0.463263
0.586914 0.464749
0.588867 0.466235
0.59082 0.467721
0.592773 0.469205
0.594727 0.47069
0.59668 0.472173
0.598633 0.473656
0.600586 0.475138
0.602539 0.47662
0.604492 0.478101
0.606445 0.479581
0.608398 0.481061
0.610352 0.48254
0.612305 0.484019
0.614258 0.485497
0.616211 0.486974
0.618164 0.488451
0.620117 0.489927
0.62207 0.491402
0.624023 0.492877
0.625977 0.494351
0.62793 0.495824
0.629883 0.497297
0.631836 0.498769
0.633789 0.50024
0.635742 0.501711
0.637695 0.503181
0.639648 0.50465
0.641602 0.506119
0.643555 0.507587
0.645508 0.509054
0.647461 0.510521
0.649414 0.511987
0.651367 0.513452
0.65332 0.514917
0.655273 0.516381
0.657227 0.517844
0.65918 0.519307
0.661133 0.520769
0.663086 0.52223
0.665039 0.52369
0.666992 0.52515
0.668945 0.526609
0.670898 0.528067
0.672852 0.529525
0.674805 0.530982
0.676758 0.532438
0.678711 0.533893
0.680664 0.535348
0.682617 0.536802
0.68457 0.538255
0.686523 0.539708
0.688477 0.541159
0.69043 0.54261
0.692383 0.544061
0.694336 0.54551
0.696289 0.546959
0.698242 0.548407
0.700195 0.549854
0.702148 0.551301
0.704102 0.552746
0.706055 0.554191
0.708008 0.555635
0.709961 0.557079
0.711914 0.558521
0.713867 0.559963
0.71582 0.561404
0.717773 0.562845
0.719727 0.564284
0.72168 0.565723
0.723633 0.567161
0.725586 0.568598
0.727539 0.570034
0.729492 0.571469
0.731445 0.572904
0.733398 0.574338
0.735352 0.575771
0.737305 0.577203
0.739258 0.578635
0.741211 0.580065
0.743164 0.581495
0.745117 0.582924
0.74707 0.584352
0.749023 0.585779
0.750977 0.587205
0.75293 0.588631
0.754883 0.590055
0.756836 0.591479
0.758789 0.592902
0.760742 0.594324
0.762695 0.595745
0.764648 0.597165
0.766602 0.598585
0.768555 0.600003
0.770508 0.601421
0.772461 0.602838
0.774414 0.604254
0.776367 0.605669
0.77832 0.607083
0.780273 0.608496
0.782227 0.609908
0.78418 0.611319
0.786133 0.61273
0.788086 0.614139
0.790039 0.615548
0.791992 0.616955
0.793945 0.618362
0.795898 0.619768
0.797852 0.621172
0.799805 0.622576
0.801758 0.623979
0.803711 0.625381
0.805664 0.626782
0.807617 0.628182
0.80957 0.62958
0.811523 0.630978
0.813477 0.632375
0.81543 0.633771
0.817383 0.635166
0.819336 0.63656
0.821289 0.637953
0.823242 0.639344
0.825195 0.640735
0.827148 0.642125
0.829102 0.643513
0.831055 0.644901
0.833008 0.646287
0.834961 0.647672
0.836914 0.649056
0.838867 0.650439
0.84082 0.651821
0.842773 0.653201
0.844727 0.65458
0.84668 0.655958
0.848633 0.657334
0.850586 0.658709
0.852539 0.660083
0.854492 0.661455
0.856445 0.662825
0.858398 0.664193
0.860352 0.66556
0.862305 0.666925
0.864258 0.668288
0.866211 0.669648
0.868164 0.671007
0.870117 0.672362
0.87207 0.673715
0.874023 0.675064
0.875977 0.67641
0.87793 0.677753
0.879883 0.679091
0.881836 0.680424
0.883789 0.681751
0.885742 0.683073
0.887695 0.684388
0.889648 0.685695
0.891602 0.686994
0.893555 0.688282
0.895508 0.689559
0.897461 0.690823
0.899414 0.692072
0.901367 0.693304
0.90332 0.694516
0.905273 0.695705
0.907227 0.696869
0.90918 0.698002
0.911133 0.6991
0.913086 0.700159
0.915039 0.701172
0.916992 0.702131
0.918945 0.703028
0.920898 0.703854
0.922852 0.704598
0.924805 0.705247
0.926758 0.705786
0.928711 0.706197
0.930664 0.706462
0.932617 0.706556
0.93457 0.706454
0.936523 0.706126
0.938477 0.705535
0.94043 0.704643
0.942383 0.703402
0.944336 0.701761
0.946289 0.699658
0.948242 0.697025
0.950195 0.693783
0.952148 0.689844
0.954102 0.685109
0.956055 0.679463
0.958008 0.672783
0.959961 0.66493
0.961914 0.655749
0.963867 0.645074
0.96582 0.632725
0.967773 0.61851
0.969727 0.602228
0.97168 0.583673
0.973633 0.562639
0.975586 0.538926
0.977539 0.512352
0.979492 0.482757
0.981445 0.450023
0.983398 0.414079
0.985352 0.374918
0.987305 0.332609
0.989258 0.287306
0.991211 0.239254
0.993164 0.18879
0.995117 0.136343
0.99707 0.0824157
0.999023 0.0275749
1 0
