0 0
0.000976562 0.000774197
0.00292969 0.00232259
0.00488281 0.00387098
0.00683594 0.00541936
0.00878906 0.00696774
0.0107422 0.00851611
0.0126953 0.0100645
0.0146484 0.0116128
0.0166016 0.0131611
0.0185547 0.0147095
0.0205078 0.0162578
0.0224609 0.017806
0.0244141 0.0193543
0.0263672 0.0209025
0.0283203 0.0224507
0.0302734 0.0239989
0.0322266 0.025547
0.0341797 0.0270951
0.0361328 0.0286432
0.0380859 0.0301912
0.0400391 0.0317392
0.0419922 0.0332872
0.0439453 0.0348351
0.0458984 0.036383
0.0478516 0.0379308
0.0498047 0.0394786
0.0517578 0.0410263
0.0537109 0.042574
0.0556641 0.0441216
0.0576172 0.0456692
0.0595703 0.0472167
0.0615234 0.0487642
0.0634766 0.0503115
0.0654297 0.0518589
0.0673828 0.0534061
0.0693359 0.0549533
0.0712891 0.0565004
0.0732422 0.0580475
0.0751953 0.0595945
0.0771484 0.0611414
0.0791016 0.0626882
0.0810547 0.0642349
0.0830078 0.0657816
0.0849609 0.0673282
0.0869141 0.0688747
0.0888672 0.0704211
0.0908203 0.0719674
0.0927734 0.0735136
0.0947266 0.0750598
0.0966797 0.0766058
0.0986328 0.0781518
0.100586 0.0796976
0.102539 0.0812433
0.104492 0.082789
0.106445 0.0843345
0.108398 0.08588
0.110352 0.0874253
0.112305 0.0889705
0.114258 0.0905156
0.116211 0.0920606
0.118164 0.0936054
0.120117 0.0951502
0.12207 0.0966948
0.124023 0.0982393
0.125977 0.0997837
0.12793 0.101328
0.129883 0.102872
0.131836 0.104416
0.133789 0.10596
0.135742 0.107504
0.137695 0.109047
0.139648 0.110591
0.141602 0.112134
0.143555 0.113677
0.145508 0.11522
0.147461 0.116763
0.149414 0.118306
0.151367 0.119849
0.15332 0.121391
0.155273 0.122933
0.157227 0.124476
0.15918 0.126017
0.161133 0.127559
0.163086 0.129101
0.165039 0.130643
0.166992 0.132184
0.168945 0.133725
0.170898 0.135266
0.172852 0.136807
0.174805 0.138348
0.176758 0.139888
0.178711 0.141428
0.180664 0.142969
0.182617 0.144509
0.18457 0.146048
0.186523 0.147588
0.188477 0.149127
0.19043 0.150667
0.192383 0.152206
0.194336 0.153744
0.196289 0.155283
0.198242 0.156822
0.200195 0.15836
0.202148 0.159898
0.204102 0.161436
0.206055 0.162974
0.208008 0.164511
0.209961 0.166048
0.211914 0.167585
0.213867 0.169122
0.21582 0.170659
0.217773 0.172195
0.219727 0.173731
0.22168 0.175267
0.223633 0.176803
0.225586 0.178339
0.227539 0.179874
0.229492 0.181409
0.231445 0.182944
0.233398 0.184479
0.235352 0.186013
0.237305 0.187548
0.239258 0.189082
0.241211 0.190615
0.243164 0.192149
0.245117 0.193682
0.24707 0.195215
0.249023 0.196748
0.250977 0.19828
0.25293 0.199813
0.254883 0.201345
0.256836 0.202877
0.258789 0.204408
0.260742 0.205939
0.262695 0.20747
0.264648 0.209001
0.266602 0.210532
0.268555 0.212062
0.270508 0.213592
0.272461 0.215122
0.274414 0.216651
0.276367 0.218181
0.27832 0.219709
0.280273 0.221238
0.282227 0.222767
0.28418 0.224295
0.286133 0.225823
0.288086 0.22735
0.290039 0.228877
0.291992 0.230404
0.293945 0.231931
0.295898 0.233458
0.297852 0.234984
0.299805 0.23651
0.301758 0.238035
0.303711 0.239561
0.305664 0.241086
0.307617 0.24261
0.30957 0.244135
0.311523 0.245659
0.313477 0.247183
0.31543 0.248706
0.317383 0.250229
0.319336 0.251752
0.321289 0.253275
0.323242 0.254797
0.325195 0.256319
0.327148 0.257841
0.329102 0.259362
0.331055 0.260883
0.333008 0.262404
0.334961 0.263924
0.336914 0.265444
0.338867 0.266964
0.34082 0.268483
0.342773 0.270003
0.344727 0.271521
0.34668 0.27304
0.348633 0.274558
0.350586 0.276076
0.352539 0.277593
0.354492 0.27911
0.356445 0.280627
0.358398 0.282143
0.360352 0.283659
0.362305 0.285175
0.364258 0.28669
0.366211 0.288205
0.368164 0.28972
0.370117 0.291234
0.37207 0.292748
0.374023 0.294262
0.375977 0.295775
0.37793 0.297288
0.379883 0.298801
0.381836 0.300313
0.383789 0.301825
0.385742 0.303336
0.387695 0.304847
0.389648 0.306358
0.391602 0.307868
0.393555 0.309378
0.395508 0.310888
0.397461 0.312397
0.399414 0.313906
0.401367 0.315414
0.40332 0.316922
0.405273 0.31843
0.407227 0.319937
0.40918 0.321444
0.411133 0.322951
0.413086 0.324457
0.415039 0.325963
0.416992 0.327468
0.418945 0.328973
0.420898 0.330478
0.422852 0.331982
0.424805 0.333486
0.426758 0.334989
0.428711 0.336492
0.430664 0.337994
0.432617 0.339497
0.43457 0.340998
0.436523 0.3425
0.438477 0.344
0.44043 0.345501
0.442383 0.347001
0.444336 0.348501
0.446289 0.35
0.448242 0.351499
0.450195 0.352997
0.452148 0.354495
0.454102 0.355993
0.456055 0.35749
0.458008 0.358986
0.459961 0.360483
0.461914 0.361978
0.463867 0.363474
0.46582 0.364969
0.467773 0.366463
0.469727 0.367957
0.47168 0.369451
0.473633 0.370944
0.475586 0.372437
0.477539 0.373929
0.479492 0.375421
0.481445 0.376912
0.483398 0.378403
0.485352 0.379893
0.487305 0.381383
0.489258 0.382873
0.491211 0.384362
0.493164 0.38585
0.495117 0.387338
0.49707 0.388826
0.499023 0.390313
0.500977 0.3918
0.50293 0.393286
0.504883 0.394772
0.506836 0.396257
0.508789 0.397742
0.510742 0.399226
0.512695 0.40071
0.514648 0.402193
0.516602 0.403676
0.518555 0.405159
0.520508 0.406641
0.522461 0.408122
0.524414 0.409603
0.526367 0.411083
0.52832 0.412563
0.530273 0.414043
0.532227 0.415521
0.53418 0.417
0.536133 0.418478
0.538086 0.419955
0.540039 0.421432
0.541992 0.422908
0.543945 0.424384
0.545898 0.425859
0.547852 0.427334
0.549805 0.428808
0.551758 0.430282
0.553711 0.431755
0.555664 0.433228
0.557617 0.4347
0.55957 0.436172
0.561523 0.437643
0.563477 0.439113
0.56543 0.440583
0.567383 0.442053
0.569336 0.443522
0.571289 0.44499
0.573242 0.446458
0.575195 0.447925
0.577148 0.449392
0.579102 0.450858
0.581055 0.452324
0.583008 0.453789
0.584961 0.455254
0.586914 0.456718
0.588867 0.458181
0.59082 0.459644
0.592773 0.461106
0.594727 0.462568
0.59668 0.464029
0.598633 0.46549
0.600586 0.46695
0.602539 0.468409
0.604492 0.469868
0.606445 0.471326
0.608398 0.472784
0.610352 0.474241
0.612305 0.475697
0.614258 0.477153
0.616211 0.478609
0.618164 0.480063
0.620117 0.481517
0.62207 0.482971
0.624023 0.484424
0.625977 0.485876
0.62793 0.487328
0.629883 0.488779
0.631836 0.490229
0.633789 0.491679
0.635742 0.493128
0.637695 0.494577
0.639648 0.496025
0.641602 0.497472
0.643555 0.498919
0.645508 0.500365
0.647461 0.501811
0.649414 0.503256
0.651367 0.5047
0.65332 0.506143
0.655273 0.507586
0.657227 0.509029
0.65918 0.51047
0.661133 0.511911
0.663086 0.513351
0.665039 0.514791
0.666992 0.51623
0.668945 0.517669
0.670898 0.519106
0.672852 0.520543
0.674805 0.52198
0.676758 0.523415
0.678711 0.52485
0.680664 0.526285
0.682617 0.527718
0.68457 0.529151
0.686523 0.530584
0.688477 0.532015
0.69043 0.533446
0.692383 0.534876
0.694336 0.536306
0.696289 0.537735
0.698242 0.539163
0.700195 0.54059
0.702148 0.542017
0.704102 0.543443
0.706055 0.544868
0.708008 0.546293
0.709961 0.547717
0.711914 0.54914
0.713867 0.550562
0.71582 0.551984
0.717773 0.553405
0.719727 0.554825
0.72168 0.556245
0.723633 0.557664
0.725586 0.559082
0.727539 0.560499
0.729492 0.561915
0.731445 0.563331
0.733398 0.564746
0.735352 0.56616
0.737305 0.567574
0.739258 0.568987
0.741211 0.570399
0.743164 0.57181
0.745117 0.57322
0.74707 0.57463
0.749023 0.576039
0.750977 0.577447
0.75293 0.578854
0.754883 0.580261
0.756836 0.581666
0.758789 0.583071
0.760742 0.584475
0.762695 0.585879
0.764648 0.587281
0.766602 0.588683
0.768555 0.590084
0.770508 0.591484
0.772461 0.592883
0.774414 0.594281
0.776367 0.595679
0.77832 0.597075
0.780273 0.598471
0.782227 0.599866
0.78418 0.60126
0.786133 0.602654
0.788086 0.604046
0.790039 0.605438
0.791992 0.606829
0.793945 0.608218
0.795898 0.609607
0.797852 0.610996
0.799805 0.612383
0.801758 0.613769
0.803711 0.615155
0.805664 0.616539
0.807617 0.617923
0.80957 0.619305
0.811523 0.620687
0.813477 0.622068
0.81543 0.623448
0.817383 0.624827
0.819336 0.626205
0.821289 0.627582
0.823242 0.628958
0.825195 0.630333
0.827148 0.631707
0.829102 0.63308
0.831055 0.634452
0.833008 0.635823
0.834961 0.637193
0.836914 0.638562
0.838867 0.63993
0.84082 0.641296
0.842773 0.642662
0.844727 0.644026
0.84668 0.645389
0.848633 0.64675
0.850586 0.64811
0.852539 0.649469
0.854492 0.650826
0.856445 0.652182
0.858398 0.653536
0.860352 0.654888
0.862305 0.656238
0.864258 0.657586
0.866211 0.658932
0.868164 0.660275
0.870117 0.661616
0.87207 0.662954
0.874023 0.664288
0.875977 0.665619
0.87793 0.666946
0.879883 0.668268
0.881836 0.669585
0.883789 0.670897
0.885742 0.672202
0.887695 0.6735
0.889648 0.67479
0.891602 0.67607
0.893555 0.67734
0.895508 0.678598
0.897461 0.679842
0.899414 0.68107
0.901367 0.68228
0.90332 0.683469
0.905273 0.684634
0.907227 0.685772
0.90918 0.686877
0.911133 0.687946
0.913086 0.688973
0.915039 0.689952
0.916992 0.690875
0.918945 0.691733
0.920898 0.692516
0.922852 0.693214
0.924805 0.693813
0.926758 0.694297
0.928711 0.69465
0.930664 0.694851
0.932617 0.694876
0.93457 0.694699
0.936523 0.694289
0.938477 0.693611
0.94043 0.692625
0.942383 0.691283
0.944336 0.689534
0.946289 0.687317
0.948242 0.684564
0.950195 0.681197
0.952148 0.677128
0.954102 0.67226
0.956055 0.666482
0.958008 0.659672
0.959961 0.651695
0.961914 0.642402
0.963867 0.631632
0.96582 0.619212
0.967773 0.604959
0.969727 0.588683
0.97168 0.570188
0.973633 0.549282
0.975586 0.525779
0.977539 0.499511
0.979492 0.470333
0.981445 0.438141
0.983398 0.402875
0.985352 0.36454
0.987305 0.323207
0.989258 0.279031
0.991211 0.232251
0.993164 0.183191
0.995117 0.132257
0.99707 0.079929
0.999023 0.02674
1 0
