0.00390625 1.13862
0.0117188 1.16142
0.0195312 1.17965
0.0273438 1.1939
0.0351562 1.20477
0.0429688 1.21282
0.0507812 1.21857
0.0585938 1.22247
0.0664062 1.22492
0.0742188 1.22624
0.0820312 1.2267
0.0898438 1.2265
0.0976562 1.22582
0.105469 1.22477
0.113281 1.22346
0.121094 1.22196
0.128906 1.22033
0.136719 1.21859
0.144531 1.21679
0.152344 1.21494
0.160156 1.21305
0.167969 1.21114
0.175781 1.20921
0.183594 1.20728
0.191406 1.20533
0.199219 1.20338
0.207031 1.20142
0.214844 1.19947
0.222656 1.19751
0.230469 1.19555
0.238281 1.19359
0.246094 1.19163
0.253906 1.18967
0.261719 1.18771
0.269531 1.18574
0.277344 1.18378
0.285156 1.18182
0.292969 1.17986
0.300781 1.1779
0.308594 1.17594
0.316406 1.17397
0.324219 1.17201
0.332031 1.17005
0.339844 1.16809
0.347656 1.16613
0.355469 1.16416
0.363281 1.1622
0.371094 1.16024
0.378906 1.15828
0.386719 1.15632
0.394531 1.15436
0.402344 1.15239
0.410156 1.15043
0.417969 1.14847
0.425781 1.14651
0.433594 1.14455
0.441406 1.14258
0.449219 1.14062
0.457031 1.13866
0.464844 1.1367
0.472656 1.13474
0.480469 1.13277
0.488281 1.13081
0.496094 1.12885
0.503906 1.12689
0.511719 1.12493
0.519531 1.12297
0.527344 1.121
0.535156 1.11904
0.542969 1.11708
0.550781 1.11512
0.558594 1.11316
0.566406 1.11119
0.574219 1.10923
0.582031 1.10727
0.589844 1.10531
0.597656 1.10335
0.605469 1.10139
0.613281 1.09942
0.621094 1.09746
0.628906 1.0955
0.636719 1.09354
0.644531 1.09158
0.652344 1.08961
0.660156 1.08765
0.667969 1.08569
0.675781 1.08373
0.683594 1.08177
0.691406 1.07981
0.699219 1.07784
0.707031 1.07588
0.714844 1.07392
0.722656 1.07196
0.730469 1.07
0.738281 1.06803
0.746094 1.06607
0.753906 1.06411
0.761719 1.06215
0.769531 1.06019
0.777344 1.05822
0.785156 1.05626
0.792969 1.0543
0.800781 1.05234
0.808594 1.05038
0.816406 1.04842
0.824219 1.04645
0.832031 1.04449
0.839844 1.04253
0.847656 1.04057
0.855469 1.03861
0.863281 1.03664
0.871094 1.03468
0.878906 1.03272
0.886719 1.03075
0.894531 1.02879
0.902344 1.02682
0.910156 1.02486
0.917969 1.02288
0.925781 1.02091
0.933594 1.01892
0.941406 1.01692
0.949219 1.0149
0.957031 1.01285
0.964844 1.01075
0.972656 1.00859
0.980469 1.00634
0.988281 1.00395
0.996094 1.00138
