0.015625 0.0546796
0.046875 0.16135
0.078125 0.266043
0.109375 0.360176
0.140625 0.457708
0.171875 0.538007
0.203125 0.615347
0.234375 0.681096
0.265625 0.755054
0.296875 0.805961
0.328125 0.85433
0.359375 0.891884
0.390625 0.931798
0.421875 0.954342
0.453125 0.973495
0.484375 0.9806
0.515625 0.99424
0.546875 0.985331
0.578125 0.972849
0.609375 0.95001
0.640625 0.924986
0.671875 0.886652
0.703125 0.84204
0.734375 0.788227
0.765625 0.727331
0.796875 0.657304
0.828125 0.578835
0.859375 0.492863
0.890625 0.393191
0.921875 0.291039
0.953125 0.177077
0.984375 0.0599606
