0 0
0.000488281 0.00177067
0.00146484 0.00531108
0.00244141 0.0088488
0.00341797 0.0123825
0.00439453 0.0159113
0.00537109 0.0194347
0.00634766 0.0229525
0.00732422 0.0264645
0.00830078 0.0299708
0.00927734 0.0334714
0.0102539 0.0369662
0.0112305 0.0404552
0.012207 0.0439384
0.0131836 0.0474159
0.0141602 0.0508875
0.0151367 0.0543534
0.0161133 0.0578135
0.0170898 0.0612678
0.0180664 0.0647164
0.019043 0.0681591
0.0200195 0.071596
0.0209961 0.0750271
0.0219727 0.0784524
0.0229492 0.081872
0.0239258 0.0852857
0.0249023 0.0886936
0.0258789 0.0920956
0.0268555 0.0954919
0.027832 0.0988823
0.0288086 0.102267
0.0297852 0.105646
0.0307617 0.109019
0.0317383 0.112386
0.0327148 0.115747
0.0336914 0.119103
0.034668 0.122452
0.0356445 0.125796
0.0366211 0.129134
0.0375977 0.132466
0.0385742 0.135792
0.0395508 0.139113
0.0405273 0.142427
0.0415039 0.145736
0.0424805 0.149039
0.043457 0.152336
0.0444336 0.155627
0.0454102 0.158912
0.0463867 0.162191
0.0473633 0.165465
0.0483398 0.168732
0.0493164 0.171994
0.050293 0.17525
0.0512695 0.1785
0.0522461 0.181744
0.0532227 0.184982
0.0541992 0.188214
0.0551758 0.19144
0.0561523 0.194661
0.0571289 0.197875
0.0581055 0.201084
0.059082 0.204286
0.0600586 0.207483
0.0610352 0.210674
0.0620117 0.213859
0.0629883 0.217038
0.0639648 0.220211
0.0649414 0.223378
0.065918 0.22654
0.0668945 0.229695
0.0678711 0.232844
0.0688477 0.235988
0.0698242 0.239125
0.0708008 0.242257
0.0717773 0.245382
0.0727539 0.248502
0.0737305 0.251616
0.074707 0.254723
0.0756836 0.257825
0.0766602 0.260921
0.0776367 0.264011
0.0786133 0.267095
0.0795898 0.270173
0.0805664 0.273245
0.081543 0.276311
0.0825195 0.27937
0.0834961 0.282424
0.0844727 0.285472
0.0854492 0.288514
0.0864258 0.291551
0.0874023 0.294581
0.0883789 0.297605
0.0893555 0.300623
0.090332 0.303635
0.0913086 0.306641
0.0922852 0.309641
0.0932617 0.312635
0.0942383 0.315623
0.0952148 0.318605
0.0961914 0.32158
0.097168 0.32455
0.0981445 0.327514
0.0991211 0.330472
0.100098 0.333424
0.101074 0.33637
0.102051 0.339309
0.103027 0.342243
0.104004 0.345171
0.10498 0.348092
0.105957 0.351008
0.106934 0.353917
0.10791 0.356821
0.108887 0.359718
0.109863 0.36261
0.11084 0.365495
0.111816 0.368374
0.112793 0.371247
0.11377 0.374114
0.114746 0.376975
0.115723 0.37983
0.116699 0.382679
0.117676 0.385521
0.118652 0.388358
0.119629 0.391188
0.120605 0.394013
0.121582 0.396831
0.122559 0.399643
0.123535 0.40245
0.124512 0.40525
0.125488 0.408043
0.126465 0.410831
0.127441 0.413613
0.128418 0.416388
0.129395 0.419158
0.130371 0.421921
0.131348 0.424678
0.132324 0.427429
0.133301 0.430174
0.134277 0.432913
0.135254 0.435645
0.13623 0.438372
0.137207 0.441092
0.138184 0.443806
0.13916 0.446514
0.140137 0.449216
0.141113 0.451912
0.14209 0.454601
0.143066 0.457285
0.144043 0.459962
0.14502 0.462633
0.145996 0.465298
0.146973 0.467956
0.147949 0.470609
0.148926 0.473255
0.149902 0.475895
0.150879 0.478529
0.151855 0.481157
0.152832 0.483778
0.153809 0.486393
0.154785 0.489003
0.155762 0.491605
0.156738 0.494202
0.157715 0.496793
0.158691 0.499377
0.159668 0.501955
0.160645 0.504527
0.161621 0.507092
0.162598 0.509652
0.163574 0.512205
0.164551 0.514752
0.165527 0.517292
0.166504 0.519827
0.16748 0.522355
0.168457 0.524877
0.169434 0.527392
0.17041 0.529902
0.171387 0.532405
0.172363 0.534902
0.17334 0.537392
0.174316 0.539877
0.175293 0.542355
0.17627 0.544826
0.177246 0.547292
0.178223 0.549751
0.179199 0.552204
0.180176 0.554651
0.181152 0.557091
0.182129 0.559525
0.183105 0.561953
0.184082 0.564375
0.185059 0.56679
0.186035 0.569199
0.187012 0.571601
0.187988 0.573998
0.188965 0.576387
0.189941 0.578771
0.190918 0.581148
0.191895 0.583519
0.192871 0.585884
0.193848 0.588242
0.194824 0.590594
0.195801 0.59294
0.196777 0.595279
0.197754 0.597612
0.19873 0.599939
0.199707 0.602259
0.200684 0.604573
0.20166 0.606881
0.202637 0.609182
0.203613 0.611477
0.20459 0.613765
0.205566 0.616047
0.206543 0.618323
0.20752 0.620592
0.208496 0.622855
0.209473 0.625112
0.210449 0.627362
0.211426 0.629606
0.212402 0.631843
0.213379 0.634074
0.214355 0.636299
0.215332 0.638517
0.216309 0.640729
0.217285 0.642934
0.218262 0.645133
0.219238 0.647326
0.220215 0.649512
0.221191 0.651691
0.222168 0.653865
0.223145 0.656031
0.224121 0.658192
0.225098 0.660346
0.226074 0.662493
0.227051 0.664635
0.228027 0.666769
0.229004 0.668897
0.22998 0.671019
0.230957 0.673134
0.231934 0.675243
0.23291 0.677346
0.233887 0.679441
0.234863 0.681531
0.23584 0.683614
0.236816 0.68569
0.237793 0.68776
0.23877 0.689824
0.239746 0.691881
0.240723 0.693931
0.241699 0.695975
0.242676 0.698013
0.243652 0.700044
0.244629 0.702069
0.245605 0.704087
0.246582 0.706098
0.247559 0.708103
0.248535 0.710102
0.249512 0.712094
0.250488 0.714079
0.251465 0.716058
0.252441 0.71803
0.253418 0.719996
0.254395 0.721956
0.255371 0.723908
0.256348 0.725855
0.257324 0.727794
0.258301 0.729727
0.259277 0.731654
0.260254 0.733574
0.26123 0.735487
0.262207 0.737394
0.263184 0.739295
0.26416 0.741188
0.265137 0.743076
0.266113 0.744956
0.26709 0.74683
0.268066 0.748698
0.269043 0.750558
0.27002 0.752413
0.270996 0.75426
0.271973 0.756101
0.272949 0.757936
0.273926 0.759764
0.274902 0.761585
0.275879 0.763399
0.276855 0.765207
0.277832 0.767009
0.278809 0.768804
0.279785 0.770592
0.280762 0.772373
0.281738 0.774148
0.282715 0.775916
0.283691 0.777678
0.284668 0.779433
0.285645 0.781181
0.286621 0.782923
0.287598 0.784658
0.288574 0.786386
0.289551 0.788108
0.290527 0.789822
0.291504 0.791531
0.29248 0.793232
0.293457 0.794927
0.294434 0.796616
0.29541 0.798297
0.296387 0.799972
0.297363 0.80164
0.29834 0.803302
0.299316 0.804957
0.300293 0.806605
0.30127 0.808246
0.302246 0.809881
0.303223 0.811509
0.304199 0.81313
0.305176 0.814745
0.306152 0.816353
0.307129 0.817954
0.308105 0.819548
0.309082 0.821136
0.310059 0.822717
0.311035 0.824291
0.312012 0.825858
0.312988 0.827419
0.313965 0.828973
0.314941 0.83052
0.315918 0.83206
0.316895 0.833594
0.317871 0.835121
0.318848 0.836641
0.319824 0.838154
0.320801 0.839661
0.321777 0.841161
0.322754 0.842654
0.32373 0.84414
0.324707 0.845619
0.325684 0.847092
0.32666 0.848557
0.327637 0.850016
0.328613 0.851469
0.32959 0.852914
0.330566 0.854353
0.331543 0.855784
0.33252 0.857209
0.333496 0.858627
0.334473 0.860039
0.335449 0.861443
0.336426 0.862841
0.337402 0.864231
0.338379 0.865615
0.339355 0.866992
0.340332 0.868363
0.341309 0.869726
0.342285 0.871083
0.343262 0.872432
0.344238 0.873775
0.345215 0.875111
0.346191 0.87644
0.347168 0.877762
0.348145 0.879077
0.349121 0.880386
0.350098 0.881687
0.351074 0.882982
0.352051 0.884269
0.353027 0.88555
0.354004 0.886824
0.35498 0.888091
0.355957 0.889351
0.356934 0.890604
0.35791 0.891851
0.358887 0.89309
0.359863 0.894322
0.36084 0.895548
0.361816 0.896766
0.362793 0.897978
0.36377 0.899183
0.364746 0.90038
0.365723 0.901571
0.366699 0.902755
0.367676 0.903932
0.368652 0.905102
0.369629 0.906265
0.370605 0.907421
0.371582 0.90857
0.372559 0.909712
0.373535 0.910847
0.374512 0.911975
0.375488 0.913096
0.376465 0.91421
0.377441 0.915317
0.378418 0.916417
0.379395 0.91751
0.380371 0.918596
0.381348 0.919675
0.382324 0.920747
0.383301 0.921812
0.384277 0.92287
0.385254 0.923921
0.38623 0.924965
0.387207 0.926002
0.388184 0.927032
0.38916 0.928055
0.390137 0.929071
0.391113 0.93008
0.39209 0.931081
0.393066 0.932076
0.394043 0.933064
0.39502 0.934044
0.395996 0.935018
0.396973 0.935984
0.397949 0.936943
0.398926 0.937895
0.399902 0.938841
0.400879 0.939779
0.401855 0.94071
0.402832 0.941633
0.403809 0.94255
0.404785 0.94346
0.405762 0.944362
0.406738 0.945258
0.407715 0.946146
0.408691 0.947027
0.409668 0.947901
0.410645 0.948768
0.411621 0.949628
0.412598 0.950481
0.413574 0.951326
0.414551 0.952165
0.415527 0.952996
0.416504 0.95382
0.41748 0.954637
0.418457 0.955447
0.419434 0.95625
0.42041 0.957045
0.421387 0.957833
0.422363 0.958614
0.42334 0.959388
0.424316 0.960155
0.425293 0.960915
0.42627 0.961667
0.427246 0.962412
0.428223 0.96315
0.429199 0.963881
0.430176 0.964604
0.431152 0.965321
0.432129 0.96603
0.433105 0.966732
0.434082 0.967426
0.435059 0.968114
0.436035 0.968794
0.437012 0.969467
0.437988 0.970133
0.438965 0.970791
0.439941 0.971443
0.440918 0.972087
0.441895 0.972723
0.442871 0.973353
0.443848 0.973975
0.444824 0.97459
0.445801 0.975198
0.446777 0.975798
0.447754 0.976391
0.44873 0.976977
0.449707 0.977556
0.450684 0.978127
0.45166 0.978691
0.452637 0.979247
0.453613 0.979797
0.45459 0.980339
0.455566 0.980874
0.456543 0.981401
0.45752 0.981921
0.458496 0.982434
0.459473 0.982939
0.460449 0.983437
0.461426 0.983928
0.462402 0.984411
0.463379 0.984888
0.464355 0.985356
0.465332 0.985818
0.466309 0.986272
0.467285 0.986718
0.468262 0.987157
0.469238 0.987589
0.470215 0.988014
0.471191 0.988431
0.472168 0.988841
0.473145 0.989243
0.474121 0.989638
0.475098 0.990026
0.476074 0.990406
0.477051 0.990778
0.478027 0.991144
0.479004 0.991502
0.47998 0.991852
0.480957 0.992195
0.481934 0.992531
0.48291 0.992859
0.483887 0.99318
0.484863 0.993493
0.48584 0.993799
0.486816 0.994098
0.487793 0.994389
0.48877 0.994672
0.489746 0.994948
0.490723 0.995217
0.491699 0.995478
0.492676 0.995732
0.493652 0.995978
0.494629 0.996216
0.495605 0.996448
0.496582 0.996671
0.497559 0.996888
0.498535 0.997096
0.499512 0.997297
0.500488 0.997491
0.501465 0.997677
0.502441 0.997856
0.503418 0.998027
0.504395 0.998191
0.505371 0.998347
0.506348 0.998495
0.507324 0.998636
0.508301 0.99877
0.509277 0.998896
0.510254 0.999014
0.51123 0.999125
0.512207 0.999228
0.513184 0.999324
0.51416 0.999412
0.515137 0.999492
0.516113 0.999565
0.51709 0.999631
0.518066 0.999689
0.519043 0.999739
0.52002 0.999781
0.520996 0.999816
0.521973 0.999844
0.522949 0.999863
0.523926 0.999876
0.524902 0.99988
0.525879 0.999877
0.526855 0.999866
0.527832 0.999848
0.528809 0.999822
0.529785 0.999788
0.530762 0.999747
0.531738 0.999698
0.532715 0.999641
0.533691 0.999577
0.534668 0.999505
0.535645 0.999426
0.536621 0.999338
0.537598 0.999243
0.538574 0.999141
0.539551 0.99903
0.540527 0.998912
0.541504 0.998787
0.54248 0.998653
0.543457 0.998512
0.544434 0.998363
0.54541 0.998207
0.546387 0.998043
0.547363 0.997871
0.54834 0.997691
0.549316 0.997504
0.550293 0.997308
0.55127 0.997105
0.552246 0.996895
0.553223 0.996676
0.554199 0.99645
0.555176 0.996216
0.556152 0.995975
0.557129 0.995725
0.558105 0.995468
0.559082 0.995203
0.560059 0.99493
0.561035 0.994649
0.562012 0.994361
0.562988 0.994065
0.563965 0.993761
0.564941 0.993449
0.565918 0.99313
0.566895 0.992802
0.567871 0.992467
0.568848 0.992124
0.569824 0.991773
0.570801 0.991414
0.571777 0.991048
0.572754 0.990673
0.57373 0.990291
0.574707 0.989901
0.575684 0.989503
0.57666 0.989097
0.577637 0.988683
0.578613 0.988262
0.57959 0.987832
0.580566 0.987395
0.581543 0.98695
0.58252 0.986497
0.583496 0.986036
0.584473 0.985567
0.585449 0.98509
0.586426 0.984605
0.587402 0.984113
0.588379 0.983612
0.589355 0.983104
0.590332 0.982587
0.591309 0.982063
0.592285 0.981531
0.593262 0.98099
0.594238 0.980442
0.595215 0.979886
0.596191 0.979322
0.597168 0.97875
0.598145 0.97817
0.599121 0.977582
0.600098 0.976986
0.601074 0.976382
0.602051 0.97577
0.603027 0.97515
0.604004 0.974522
0.60498 0.973886
0.605957 0.973242
0.606934 0.972591
0.60791 0.971931
0.608887 0.971263
0.609863 0.970587
0.61084 0.969903
0.611816 0.969211
0.612793 0.96851
0.61377 0.967802
0.614746 0.967086
0.615723 0.966362
0.616699 0.965629
0.617676 0.964889
0.618652 0.964141
0.619629 0.963384
0.620605 0.96262
0.621582 0.961847
0.622559 0.961066
0.623535 0.960277
0.624512 0.95948
0.625488 0.958675
0.626465 0.957862
0.627441 0.957041
0.628418 0.956211
0.629395 0.955374
0.630371 0.954528
0.631348 0.953674
0.632324 0.952812
0.633301 0.951942
0.634277 0.951064
0.635254 0.950178
0.63623 0.949283
0.637207 0.94838
0.638184 0.947469
0.63916 0.94655
0.640137 0.945623
0.641113 0.944688
0.64209 0.943744
0.643066 0.942792
0.644043 0.941832
0.64502 0.940864
0.645996 0.939888
0.646973 0.938903
0.647949 0.93791
0.648926 0.936909
0.649902 0.9359
0.650879 0.934882
0.651855 0.933856
0.652832 0.932822
0.653809 0.93178
0.654785 0.93073
0.655762 0.929671
0.656738 0.928604
0.657715 0.927528
0.658691 0.926445
0.659668 0.925353
0.660645 0.924253
0.661621 0.923144
0.662598 0.922027
0.663574 0.920902
0.664551 0.919769
0.665527 0.918627
0.666504 0.917477
0.66748 0.916319
0.668457 0.915152
0.669434 0.913977
0.67041 0.912794
0.671387 0.911602
0.672363 0.910402
0.67334 0.909194
0.674316 0.907977
0.675293 0.906752
0.67627 0.905519
0.677246 0.904277
0.678223 0.903026
0.679199 0.901768
0.680176 0.900501
0.681152 0.899225
0.682129 0.897942
0.683105 0.896649
0.684082 0.895349
0.685059 0.89404
0.686035 0.892722
0.687012 0.891396
0.687988 0.890062
0.688965 0.888719
0.689941 0.887368
0.690918 0.886009
0.691895 0.88464
0.692871 0.883264
0.693848 0.881879
0.694824 0.880485
0.695801 0.879083
0.696777 0.877673
0.697754 0.876254
0.69873 0.874827
0.699707 0.873391
0.700684 0.871946
0.70166 0.870493
0.702637 0.869032
0.703613 0.867562
0.70459 0.866083
0.705566 0.864596
0.706543 0.863101
0.70752 0.861597
0.708496 0.860084
0.709473 0.858563
0.710449 0.857033
0.711426 0.855495
0.712402 0.853948
0.713379 0.852392
0.714355 0.850828
0.715332 0.849256
0.716309 0.847675
0.717285 0.846085
0.718262 0.844486
0.719238 0.842879
0.720215 0.841264
0.721191 0.839639
0.722168 0.838007
0.723145 0.836365
0.724121 0.834715
0.725098 0.833056
0.726074 0.831389
0.727051 0.829713
0.728027 0.828028
0.729004 0.826335
0.72998 0.824633
0.730957 0.822922
0.731934 0.821203
0.73291 0.819474
0.733887 0.817738
0.734863 0.815992
0.73584 0.814238
0.736816 0.812475
0.737793 0.810704
0.73877 0.808923
0.739746 0.807134
0.740723 0.805337
0.741699 0.80353
0.742676 0.801715
0.743652 0.799891
0.744629 0.798058
0.745605 0.796217
0.746582 0.794366
0.747559 0.792507
0.748535 0.79064
0.749512 0.788763
0.750488 0.786878
0.751465 0.784984
0.752441 0.783081
0.753418 0.781169
0.754395 0.779248
0.755371 0.777319
0.756348 0.775381
0.757324 0.773434
0.758301 0.771478
0.759277 0.769513
0.760254 0.76754
0.76123 0.765557
0.762207 0.763566
0.763184 0.761566
0.76416 0.759557
0.765137 0.757539
0.766113 0.755513
0.76709 0.753477
0.768066 0.751433
0.769043 0.749379
0.77002 0.747317
0.770996 0.745246
0.771973 0.743166
0.772949 0.741077
0.773926 0.738979
0.774902 0.736872
0.775879 0.734756
0.776855 0.732631
0.777832 0.730498
0.778809 0.728355
0.779785 0.726203
0.780762 0.724043
0.781738 0.721873
0.782715 0.719695
0.783691 0.717507
0.784668 0.715311
0.785645 0.713105
0.786621 0.710891
0.787598 0.708667
0.788574 0.706435
0.789551 0.704193
0.790527 0.701943
0.791504 0.699683
0.79248 0.697415
0.793457 0.695137
0.794434 0.69285
0.79541 0.690554
0.796387 0.68825
0.797363 0.685936
0.79834 0.683613
0.799316 0.681281
0.800293 0.67894
0.80127 0.676589
0.802246 0.67423
0.803223 0.671862
0.804199 0.669484
0.805176 0.667098
0.806152 0.664702
0.807129 0.662297
0.808105 0.659883
0.809082 0.65746
0.810059 0.655027
0.811035 0.652586
0.812012 0.650135
0.812988 0.647676
0.813965 0.645207
0.814941 0.642728
0.815918 0.640241
0.816895 0.637745
0.817871 0.635239
0.818848 0.632724
0.819824 0.6302
0.820801 0.627667
0.821777 0.625124
0.822754 0.622572
0.82373 0.620011
0.824707 0.617441
0.825684 0.614862
0.82666 0.612273
0.827637 0.609675
0.828613 0.607068
0.82959 0.604451
0.830566 0.601825
0.831543 0.59919
0.83252 0.596546
0.833496 0.593892
0.834473 0.591229
0.835449 0.588557
0.836426 0.585875
0.837402 0.583184
0.838379 0.580484
0.839355 0.577775
0.840332 0.575056
0.841309 0.572327
0.842285 0.56959
0.843262 0.566843
0.844238 0.564087
0.845215 0.561321
0.846191 0.558546
0.847168 0.555761
0.848145 0.552967
0.849121 0.550164
0.850098 0.547352
0.851074 0.54453
0.852051 0.541698
0.853027 0.538857
0.854004 0.536007
0.85498 0.533147
0.855957 0.530278
0.856934 0.527399
0.85791 0.524511
0.858887 0.521614
0.859863 0.518707
0.86084 0.51579
0.861816 0.512864
0.862793 0.509929
0.86377 0.506984
0.864746 0.504029
0.865723 0.501065
0.866699 0.498092
0.867676 0.495109
0.868652 0.492116
0.869629 0.489114
0.870605 0.486103
0.871582 0.483081
0.872559 0.480051
0.873535 0.47701
0.874512 0.473961
0.875488 0.470901
0.876465 0.467832
0.877441 0.464754
0.878418 0.461665
0.879395 0.458568
0.880371 0.45546
0.881348 0.452343
0.882324 0.449217
0.883301 0.446081
0.884277 0.442935
0.885254 0.439779
0.88623 0.436614
0.887207 0.433439
0.888184 0.430255
0.88916 0.427061
0.890137 0.423857
0.891113 0.420644
0.89209 0.41742
0.893066 0.414188
0.894043 0.410945
0.89502 0.407693
0.895996 0.404431
0.896973 0.401159
0.897949 0.397878
0.898926 0.394587
0.899902 0.391286
0.900879 0.387975
0.901855 0.384655
0.902832 0.381324
0.903809 0.377985
0.904785 0.374635
0.905762 0.371275
0.906738 0.367906
0.907715 0.364527
0.908691 0.361138
0.909668 0.35774
0.910645 0.354331
0.911621 0.350913
0.912598 0.347485
0.913574 0.344047
0.914551 0.340599
0.915527 0.337141
0.916504 0.333674
0.91748 0.330196
0.918457 0.326709
0.919434 0.323212
0.92041 0.319705
0.921387 0.316188
0.922363 0.312661
0.92334 0.309124
0.924316 0.305578
0.925293 0.302021
0.92627 0.298455
0.927246 0.294878
0.928223 0.291292
0.929199 0.287696
0.930176 0.284089
0.931152 0.280473
0.932129 0.276847
0.933105 0.273211
0.934082 0.269565
0.935059 0.265908
0.936035 0.262242
0.937012 0.258566
0.937988 0.25488
0.938965 0.251184
0.939941 0.247477
0.940918 0.243761
0.941895 0.240035
0.942871 0.236299
0.943848 0.232552
0.944824 0.228796
0.945801 0.225029
0.946777 0.221253
0.947754 0.217466
0.94873 0.213669
0.949707 0.209862
0.950684 0.206045
0.95166 0.202218
0.952637 0.198381
0.953613 0.194533
0.95459 0.190676
0.955566 0.186808
0.956543 0.18293
0.95752 0.179042
0.958496 0.175144
0.959473 0.171236
0.960449 0.167318
0.961426 0.163389
0.962402 0.15945
0.963379 0.155501
0.964355 0.151542
0.965332 0.147572
0.966309 0.143593
0.967285 0.139603
0.968262 0.135602
0.969238 0.131592
0.970215 0.127571
0.971191 0.12354
0.972168 0.119499
0.973145 0.115448
0.974121 0.111386
0.975098 0.107314
0.976074 0.103231
0.977051 0.0991387
0.978027 0.0950357
0.979004 0.0909224
0.97998 0.0867987
0.980957 0.0826648
0.981934 0.0785204
0.98291 0.0743658
0.983887 0.0702007
0.984863 0.0660253
0.98584 0.0618395
0.986816 0.0576434
0.987793 0.0534368
0.98877 0.0492199
0.989746 0.0449925
0.990723 0.0407547
0.991699 0.0365065
0.992676 0.0322479
0.993652 0.0279789
0.994629 0.0236994
0.995605 0.0194096
0.996582 0.0151098
0.997559 0.0108008
0.998535 0.006484
0.999512 0.00216196
1 0
