0 0
0.000488281 0.00165556
0.00146484 0.0049661
0.00244141 0.00827499
0.00341797 0.0115813
0.00439453 0.0148842
0.00537109 0.0181832
0.00634766 0.0214779
0.00732422 0.0247681
0.00830078 0.0280537
0.00927734 0.0313346
0.0102539 0.0346108
0.0112305 0.0378823
0.012207 0.041149
0.0131836 0.044411
0.0141602 0.0476682
0.0151367 0.0509207
0.0161133 0.0541684
0.0170898 0.0574113
0.0180664 0.0606495
0.019043 0.0638829
0.0200195 0.0671115
0.0209961 0.0703353
0.0219727 0.0735544
0.0229492 0.0767686
0.0239258 0.0799781
0.0249023 0.0831828
0.0258789 0.0863827
0.0268555 0.0895778
0.027832 0.0927681
0.0288086 0.0959536
0.0297852 0.0991342
0.0307617 0.10231
0.0317383 0.105481
0.0327148 0.108647
0.0336914 0.111809
0.034668 0.114965
0.0356445 0.118117
0.0366211 0.121264
0.0375977 0.124406
0.0385742 0.127543
0.0395508 0.130676
0.0405273 0.133803
0.0415039 0.136926
0.0424805 0.140043
0.043457 0.143156
0.0444336 0.146264
0.0454102 0.149368
0.0463867 0.152466
0.0473633 0.155559
0.0483398 0.158648
0.0493164 0.161732
0.050293 0.16481
0.0512695 0.167884
0.0522461 0.170953
0.0532227 0.174018
0.0541992 0.177077
0.0551758 0.180131
0.0561523 0.18318
0.0571289 0.186225
0.0581055 0.189265
0.059082 0.192299
0.0600586 0.195329
0.0610352 0.198354
0.0620117 0.201374
0.0629883 0.204388
0.0639648 0.207398
0.0649414 0.210403
0.065918 0.213404
0.0668945 0.216399
0.0678711 0.219389
0.0688477 0.222374
0.0698242 0.225354
0.0708008 0.22833
0.0717773 0.2313
0.0727539 0.234265
0.0737305 0.237226
0.074707 0.240181
0.0756836 0.243132
0.0766602 0.246077
0.0776367 0.249018
0.0786133 0.251953
0.0795898 0.254883
0.0805664 0.257809
0.081543 0.260729
0.0825195 0.263645
0.0834961 0.266555
0.0844727 0.26946
0.0854492 0.272361
0.0864258 0.275256
0.0874023 0.278146
0.0883789 0.281032
0.0893555 0.283912
0.090332 0.286787
0.0913086 0.289657
0.0922852 0.292522
0.0932617 0.295382
0.0942383 0.298237
0.0952148 0.301087
0.0961914 0.303932
0.097168 0.306772
0.0981445 0.309607
0.0991211 0.312436
0.100098 0.315261
0.101074 0.31808
0.102051 0.320895
0.103027 0.323704
0.104004 0.326508
0.10498 0.329307
0.105957 0.332101
0.106934 0.33489
0.10791 0.337674
0.108887 0.340452
0.109863 0.343226
0.11084 0.345994
0.111816 0.348758
0.112793 0.351516
0.11377 0.354269
0.114746 0.357017
0.115723 0.359759
0.116699 0.362497
0.117676 0.365229
0.118652 0.367957
0.119629 0.370679
0.120605 0.373396
0.121582 0.376107
0.122559 0.378814
0.123535 0.381515
0.124512 0.384211
0.125488 0.386903
0.126465 0.389588
0.127441 0.392269
0.128418 0.394944
0.129395 0.397615
0.130371 0.40028
0.131348 0.40294
0.132324 0.405594
0.133301 0.408244
0.134277 0.410888
0.135254 0.413527
0.13623 0.41616
0.137207 0.418789
0.138184 0.421412
0.13916 0.42403
0.140137 0.426643
0.141113 0.42925
0.14209 0.431853
0.143066 0.43445
0.144043 0.437041
0.14502 0.439628
0.145996 0.442209
0.146973 0.444785
0.147949 0.447356
0.148926 0.449921
0.149902 0.452481
0.150879 0.455036
0.151855 0.457585
0.152832 0.460129
0.153809 0.462668
0.154785 0.465202
0.155762 0.46773
0.156738 0.470253
0.157715 0.47277
0.158691 0.475283
0.159668 0.47779
0.160645 0.480291
0.161621 0.482787
0.162598 0.485278
0.163574 0.487764
0.164551 0.490244
0.165527 0.492719
0.166504 0.495188
0.16748 0.497653
0.168457 0.500111
0.169434 0.502565
0.17041 0.505013
0.171387 0.507455
0.172363 0.509892
0.17334 0.512324
0.174316 0.514751
0.175293 0.517172
0.17627 0.519587
0.177246 0.521998
0.178223 0.524402
0.179199 0.526802
0.180176 0.529196
0.181152 0.531584
0.182129 0.533967
0.183105 0.536345
0.184082 0.538717
0.185059 0.541084
0.186035 0.543445
0.187012 0.545801
0.187988 0.548152
0.188965 0.550497
0.189941 0.552836
0.190918 0.55517
0.191895 0.557499
0.192871 0.559822
0.193848 0.562139
0.194824 0.564451
0.195801 0.566758
0.196777 0.569059
0.197754 0.571355
0.19873 0.573645
0.199707 0.575929
0.200684 0.578209
0.20166 0.580482
0.202637 0.58275
0.203613 0.585013
0.20459 0.58727
0.205566 0.589521
0.206543 0.591767
0.20752 0.594007
0.208496 0.596242
0.209473 0.598471
0.210449 0.600695
0.211426 0.602913
0.212402 0.605125
0.213379 0.607332
0.214355 0.609534
0.215332 0.611729
0.216309 0.61392
0.217285 0.616104
0.218262 0.618283
0.219238 0.620457
0.220215 0.622624
0.221191 0.624786
0.222168 0.626943
0.223145 0.629094
0.224121 0.631239
0.225098 0.633379
0.226074 0.635513
0.227051 0.637641
0.228027 0.639764
0.229004 0.641881
0.22998 0.643993
0.230957 0.646098
0.231934 0.648199
0.23291 0.650293
0.233887 0.652382
0.234863 0.654465
0.23584 0.656542
0.236816 0.658614
0.237793 0.66068
0.23877 0.66274
0.239746 0.664795
0.240723 0.666844
0.241699 0.668887
0.242676 0.670925
0.243652 0.672956
0.244629 0.674982
0.245605 0.677003
0.246582 0.679017
0.247559 0.681026
0.248535 0.683029
0.249512 0.685027
0.250488 0.687018
0.251465 0.689004
0.252441 0.690984
0.253418 0.692958
0.254395 0.694927
0.255371 0.69689
0.256348 0.698846
0.257324 0.700798
0.258301 0.702743
0.259277 0.704683
0.260254 0.706616
0.26123 0.708544
0.262207 0.710466
0.263184 0.712383
0.26416 0.714293
0.265137 0.716198
0.266113 0.718097
0.26709 0.71999
0.268066 0.721877
0.269043 0.723758
0.27002 0.725634
0.270996 0.727503
0.271973 0.729367
0.272949 0.731225
0.273926 0.733077
0.274902 0.734923
0.275879 0.736763
0.276855 0.738597
0.277832 0.740426
0.278809 0.742248
0.279785 0.744065
0.280762 0.745876
0.281738 0.74768
0.282715 0.749479
0.283691 0.751272
0.284668 0.753059
0.285645 0.75484
0.286621 0.756615
0.287598 0.758385
0.288574 0.760148
0.289551 0.761905
0.290527 0.763656
0.291504 0.765402
0.29248 0.767141
0.293457 0.768875
0.294434 0.770602
0.29541 0.772323
0.296387 0.774039
0.297363 0.775748
0.29834 0.777452
0.299316 0.779149
0.300293 0.780841
0.30127 0.782526
0.302246 0.784206
0.303223 0.785879
0.304199 0.787546
0.305176 0.789208
0.306152 0.790863
0.307129 0.792512
0.308105 0.794155
0.309082 0.795792
0.310059 0.797423
0.311035 0.799048
0.312012 0.800667
0.312988 0.80228
0.313965 0.803886
0.314941 0.805487
0.315918 0.807082
0.316895 0.80867
0.317871 0.810252
0.318848 0.811828
0.319824 0.813398
0.320801 0.814962
0.321777 0.81652
0.322754 0.818072
0.32373 0.819617
0.324707 0.821157
0.325684 0.82269
0.32666 0.824217
0.327637 0.825738
0.328613 0.827253
0.32959 0.828761
0.330566 0.830264
0.331543 0.83176
0.33252 0.83325
0.333496 0.834734
0.334473 0.836211
0.335449 0.837683
0.336426 0.839148
0.337402 0.840607
0.338379 0.84206
0.339355 0.843506
0.340332 0.844946
0.341309 0.846381
0.342285 0.847808
0.343262 0.84923
0.344238 0.850645
0.345215 0.852054
0.346191 0.853457
0.347168 0.854853
0.348145 0.856244
0.349121 0.857628
0.350098 0.859005
0.351074 0.860377
0.352051 0.861742
0.353027 0.8631
0.354004 0.864453
0.35498 0.865799
0.355957 0.867139
0.356934 0.868472
0.35791 0.869799
0.358887 0.87112
0.359863 0.872434
0.36084 0.873742
0.361816 0.875044
0.362793 0.876339
0.36377 0.877628
0.364746 0.878911
0.365723 0.880187
0.366699 0.881457
0.367676 0.88272
0.368652 0.883977
0.369629 0.885228
0.370605 0.886472
0.371582 0.88771
0.372559 0.888941
0.373535 0.890166
0.374512 0.891385
0.375488 0.892597
0.376465 0.893802
0.377441 0.895002
0.378418 0.896194
0.379395 0.897381
0.380371 0.89856
0.381348 0.899734
0.382324 0.9009
0.383301 0.902061
0.384277 0.903215
0.385254 0.904362
0.38623 0.905503
0.387207 0.906637
0.388184 0.907765
0.38916 0.908886
0.390137 0.910001
0.391113 0.911109
0.39209 0.912211
0.393066 0.913306
0.394043 0.914394
0.39502 0.915476
0.395996 0.916552
0.396973 0.917621
0.397949 0.918683
0.398926 0.919738
0.399902 0.920788
0.400879 0.92183
0.401855 0.922866
0.402832 0.923895
0.403809 0.924918
0.404785 0.925934
0.405762 0.926943
0.406738 0.927946
0.407715 0.928942
0.408691 0.929932
0.409668 0.930915
0.410645 0.931891
0.411621 0.93286
0.412598 0.933823
0.413574 0.934779
0.414551 0.935729
0.415527 0.936672
0.416504 0.937608
0.41748 0.938537
0.418457 0.93946
0.419434 0.940376
0.42041 0.941285
0.421387 0.942188
0.422363 0.943083
0.42334 0.943972
0.424316 0.944855
0.425293 0.94573
0.42627 0.946599
0.427246 0.947461
0.428223 0.948316
0.429199 0.949165
0.430176 0.950006
0.431152 0.950841
0.432129 0.951669
0.433105 0.952491
0.434082 0.953305
0.435059 0.954113
0.436035 0.954914
0.437012 0.955708
0.437988 0.956495
0.438965 0.957275
0.439941 0.958049
0.440918 0.958815
0.441895 0.959575
0.442871 0.960328
0.443848 0.961074
0.444824 0.961813
0.445801 0.962545
0.446777 0.96327
0.447754 0.963989
0.44873 0.9647
0.449707 0.965405
0.450684 0.966103
0.45166 0.966793
0.452637 0.967477
0.453613 0.968154
0.45459 0.968824
0.455566 0.969487
0.456543 0.970143
0.45752 0.970792
0.458496 0.971434
0.459473 0.972069
0.460449 0.972697
0.461426 0.973318
0.462402 0.973932
0.463379 0.974539
0.464355 0.975139
0.465332 0.975732
0.466309 0.976318
0.467285 0.976897
0.468262 0.977469
0.469238 0.978034
0.470215 0.978592
0.471191 0.979142
0.472168 0.979686
0.473145 0.980223
0.474121 0.980752
0.475098 0.981275
0.476074 0.98179
0.477051 0.982298
0.478027 0.982799
0.479004 0.983293
0.47998 0.98378
0.480957 0.984259
0.481934 0.984732
0.48291 0.985197
0.483887 0.985656
0.484863 0.986107
0.48584 0.986551
0.486816 0.986987
0.487793 0.987417
0.48877 0.987839
0.489746 0.988254
0.490723 0.988662
0.491699 0.989063
0.492676 0.989457
0.493652 0.989843
0.494629 0.990222
0.495605 0.990594
0.496582 0.990958
0.497559 0.991316
0.498535 0.991666
0.499512 0.992008
0.500488 0.992344
0.501465 0.992672
0.502441 0.992993
0.503418 0.993307
0.504395 0.993613
0.505371 0.993912
0.506348 0.994204
0.507324 0.994488
0.508301 0.994765
0.509277 0.995035
0.510254 0.995297
0.51123 0.995552
0.512207 0.995799
0.513184 0.99604
0.51416 0.996272
0.515137 0.996498
0.516113 0.996716
0.51709 0.996927
0.518066 0.99713
0.519043 0.997326
0.52002 0.997514
0.520996 0.997695
0.521973 0.997868
0.522949 0.998035
0.523926 0.998193
0.524902 0.998344
0.525879 0.998488
0.526855 0.998624
0.527832 0.998753
0.528809 0.998874
0.529785 0.998988
0.530762 0.999094
0.531738 0.999193
0.532715 0.999284
0.533691 0.999368
0.534668 0.999444
0.535645 0.999512
0.536621 0.999573
0.537598 0.999627
0.538574 0.999672
0.539551 0.999711
0.540527 0.999741
0.541504 0.999765
0.54248 0.99978
0.543457 0.999788
0.544434 0.999788
0.54541 0.999781
0.546387 0.999766
0.547363 0.999743
0.54834 0.999713
0.549316 0.999675
0.550293 0.999629
0.55127 0.999576
0.552246 0.999515
0.553223 0.999447
0.554199 0.99937
0.555176 0.999286
0.556152 0.999195
0.557129 0.999095
0.558105 0.998988
0.559082 0.998873
0.560059 0.99875
0.561035 0.99862
0.562012 0.998482
0.562988 0.998336
0.563965 0.998182
0.564941 0.99802
0.565918 0.997851
0.566895 0.997674
0.567871 0.997489
0.568848 0.997296
0.569824 0.997096
0.570801 0.996887
0.571777 0.996671
0.572754 0.996447
0.57373 0.996215
0.574707 0.995975
0.575684 0.995728
0.57666 0.995472
0.577637 0.995209
0.578613 0.994937
0.57959 0.994658
0.580566 0.994371
0.581543 0.994076
0.58252 0.993773
0.583496 0.993462
0.584473 0.993143
0.585449 0.992816
0.586426 0.992481
0.587402 0.992138
0.588379 0.991787
0.589355 0.991428
0.590332 0.991062
0.591309 0.990687
0.592285 0.990304
0.593262 0.989913
0.594238 0.989514
0.595215 0.989107
0.596191 0.988692
0.597168 0.988269
0.598145 0.987838
0.599121 0.987399
0.600098 0.986951
0.601074 0.986496
0.602051 0.986032
0.603027 0.985561
0.604004 0.985081
0.60498 0.984593
0.605957 0.984097
0.606934 0.983593
0.60791 0.983081
0.608887 0.98256
0.609863 0.982031
0.61084 0.981495
0.611816 0.98095
0.612793 0.980396
0.61377 0.979835
0.614746 0.979265
0.615723 0.978687
0.616699 0.978101
0.617676 0.977507
0.618652 0.976904
0.619629 0.976293
0.620605 0.975674
0.621582 0.975047
0.622559 0.974411
0.623535 0.973767
0.624512 0.973114
0.625488 0.972454
0.626465 0.971785
0.627441 0.971107
0.628418 0.970422
0.629395 0.969728
0.630371 0.969025
0.631348 0.968314
0.632324 0.967595
0.633301 0.966868
0.634277 0.966132
0.635254 0.965387
0.63623 0.964635
0.637207 0.963873
0.638184 0.963104
0.63916 0.962326
0.640137 0.961539
0.641113 0.960744
0.64209 0.95994
0.643066 0.959128
0.644043 0.958308
0.64502 0.957479
0.645996 0.956642
0.646973 0.955795
0.647949 0.954941
0.648926 0.954078
0.649902 0.953206
0.650879 0.952326
0.651855 0.951437
0.652832 0.95054
0.653809 0.949634
0.654785 0.948719
0.655762 0.947796
0.656738 0.946864
0.657715 0.945924
0.658691 0.944975
0.659668 0.944017
0.660645 0.943051
0.661621 0.942076
0.662598 0.941092
0.663574 0.9401
0.664551 0.939099
0.665527 0.938089
0.666504 0.93707
0.66748 0.936043
0.668457 0.935007
0.669434 0.933962
0.67041 0.932909
0.671387 0.931847
0.672363 0.930776
0.67334 0.929696
0.674316 0.928607
0.675293 0.92751
0.67627 0.926404
0.677246 0.925289
0.678223 0.924165
0.679199 0.923032
0.680176 0.92189
0.681152 0.92074
0.682129 0.919581
0.683105 0.918412
0.684082 0.917235
0.685059 0.916049
0.686035 0.914854
0.687012 0.91365
0.687988 0.912438
0.688965 0.911216
0.689941 0.909985
0.690918 0.908745
0.691895 0.907497
0.692871 0.906239
0.693848 0.904972
0.694824 0.903697
0.695801 0.902412
0.696777 0.901118
0.697754 0.899816
0.69873 0.898504
0.699707 0.897183
0.700684 0.895853
0.70166 0.894514
0.702637 0.893166
0.703613 0.891809
0.70459 0.890442
0.705566 0.889067
0.706543 0.887682
0.70752 0.886288
0.708496 0.884885
0.709473 0.883473
0.710449 0.882052
0.711426 0.880621
0.712402 0.879182
0.713379 0.877733
0.714355 0.876275
0.715332 0.874807
0.716309 0.873331
0.717285 0.871845
0.718262 0.87035
0.719238 0.868846
0.720215 0.867332
0.721191 0.865809
0.722168 0.864277
0.723145 0.862735
0.724121 0.861184
0.725098 0.859624
0.726074 0.858054
0.727051 0.856475
0.728027 0.854887
0.729004 0.853289
0.72998 0.851682
0.730957 0.850065
0.731934 0.848439
0.73291 0.846804
0.733887 0.845159
0.734863 0.843504
0.73584 0.841841
0.736816 0.840167
0.737793 0.838484
0.73877 0.836792
0.739746 0.83509
0.740723 0.833379
0.741699 0.831658
0.742676 0.829928
0.743652 0.828188
0.744629 0.826438
0.745605 0.824679
0.746582 0.82291
0.747559 0.821132
0.748535 0.819344
0.749512 0.817546
0.750488 0.815739
0.751465 0.813922
0.752441 0.812096
0.753418 0.81026
0.754395 0.808414
0.755371 0.806558
0.756348 0.804693
0.757324 0.802818
0.758301 0.800933
0.759277 0.799038
0.760254 0.797134
0.76123 0.79522
0.762207 0.793296
0.763184 0.791362
0.76416 0.789419
0.765137 0.787466
0.766113 0.785503
0.76709 0.78353
0.768066 0.781547
0.769043 0.779554
0.77002 0.777552
0.770996 0.775539
0.771973 0.773517
0.772949 0.771485
0.773926 0.769442
0.774902 0.76739
0.775879 0.765328
0.776855 0.763256
0.777832 0.761174
0.778809 0.759082
0.779785 0.75698
0.780762 0.754868
0.781738 0.752746
0.782715 0.750614
0.783691 0.748472
0.784668 0.746319
0.785645 0.744157
0.786621 0.741985
0.787598 0.739802
0.788574 0.73761
0.789551 0.735407
0.790527 0.733194
0.791504 0.730971
0.79248 0.728738
0.793457 0.726494
0.794434 0.724241
0.79541 0.721977
0.796387 0.719703
0.797363 0.717418
0.79834 0.715124
0.799316 0.712819
0.800293 0.710504
0.80127 0.708179
0.802246 0.705843
0.803223 0.703497
0.804199 0.701141
0.805176 0.698774
0.806152 0.696397
0.807129 0.69401
0.808105 0.691612
0.809082 0.689204
0.810059 0.686786
0.811035 0.684357
0.812012 0.681918
0.812988 0.679468
0.813965 0.677008
0.814941 0.674537
0.815918 0.672056
0.816895 0.669564
0.817871 0.667062
0.818848 0.664549
0.819824 0.662026
0.820801 0.659492
0.821777 0.656948
0.822754 0.654393
0.82373 0.651827
0.824707 0.649251
0.825684 0.646664
0.82666 0.644067
0.827637 0.641459
0.828613 0.63884
0.82959 0.636211
0.830566 0.63357
0.831543 0.63092
0.83252 0.628258
0.833496 0.625586
0.834473 0.622903
0.835449 0.620209
0.836426 0.617505
0.837402 0.614789
0.838379 0.612063
0.839355 0.609326
0.840332 0.606578
0.841309 0.60382
0.842285 0.60105
0.843262 0.59827
0.844238 0.595479
0.845215 0.592676
0.846191 0.589863
0.847168 0.587039
0.848145 0.584204
0.849121 0.581359
0.850098 0.578502
0.851074 0.575634
0.852051 0.572755
0.853027 0.569865
0.854004 0.566964
0.85498 0.564052
0.855957 0.561129
0.856934 0.558195
0.85791 0.55525
0.858887 0.552293
0.859863 0.549326
0.86084 0.546347
0.861816 0.543357
0.862793 0.540356
0.86377 0.537344
0.864746 0.534321
0.865723 0.531287
0.866699 0.528241
0.867676 0.525184
0.868652 0.522115
0.869629 0.519036
0.870605 0.515945
0.871582 0.512843
0.872559 0.50973
0.873535 0.506605
0.874512 0.503469
0.875488 0.500321
0.876465 0.497162
0.877441 0.493992
0.878418 0.49081
0.879395 0.487617
0.880371 0.484412
0.881348 0.481196
0.882324 0.477969
0.883301 0.47473
0.884277 0.471479
0.885254 0.468217
0.88623 0.464944
0.887207 0.461658
0.888184 0.458362
0.88916 0.455053
0.890137 0.451733
0.891113 0.448402
0.89209 0.445059
0.893066 0.441704
0.894043 0.438337
0.89502 0.434959
0.895996 0.431569
0.896973 0.428168
0.897949 0.424754
0.898926 0.421329
0.899902 0.417892
0.900879 0.414444
0.901855 0.410983
0.902832 0.407511
0.903809 0.404027
0.904785 0.400531
0.905762 0.397023
0.906738 0.393503
0.907715 0.389972
0.908691 0.386428
0.909668 0.382873
0.910645 0.379305
0.911621 0.375726
0.912598 0.372135
0.913574 0.368531
0.914551 0.364916
0.915527 0.361288
0.916504 0.357649
0.91748 0.353997
0.918457 0.350334
0.919434 0.346658
0.92041 0.34297
0.921387 0.33927
0.922363 0.335558
0.92334 0.331834
0.924316 0.328097
0.925293 0.324348
0.92627 0.320587
0.927246 0.316814
0.928223 0.313029
0.929199 0.309231
0.930176 0.305421
0.931152 0.301599
0.932129 0.297764
0.933105 0.293917
0.934082 0.290057
0.935059 0.286186
0.936035 0.282301
0.937012 0.278405
0.937988 0.274496
0.938965 0.270574
0.939941 0.26664
0.940918 0.262694
0.941895 0.258735
0.942871 0.254763
0.943848 0.250779
0.944824 0.246782
0.945801 0.242773
0.946777 0.238751
0.947754 0.234717
0.94873 0.23067
0.949707 0.22661
0.950684 0.222537
0.95166 0.218452
0.952637 0.214354
0.953613 0.210244
0.95459 0.20612
0.955566 0.201984
0.956543 0.197835
0.95752 0.193673
0.958496 0.189499
0.959473 0.185311
0.960449 0.181111
0.961426 0.176898
0.962402 0.172672
0.963379 0.168433
0.964355 0.164181
0.965332 0.159916
0.966309 0.155638
0.967285 0.151347
0.968262 0.147043
0.969238 0.142726
0.970215 0.138396
0.971191 0.134052
0.972168 0.129696
0.973145 0.125327
0.974121 0.120944
0.975098 0.116549
0.976074 0.11214
0.977051 0.107718
0.978027 0.103282
0.979004 0.0988337
0.97998 0.0943718
0.980957 0.0898967
0.981934 0.0854083
0.98291 0.0809066
0.983887 0.0763915
0.984863 0.071863
0.98584 0.0673212
0.986816 0.062766
0.987793 0.0581973
0.98877 0.0536152
0.989746 0.0490196
0.990723 0.0444105
0.991699 0.0397879
0.992676 0.0351519
0.993652 0.0305023
0.994629 0.0258395
0.995605 0.0211638
0.996582 0.0164759
0.997559 0.0117773
0.998535 0.00707008
0.999512 0.00235734
1 0
