0 0
0.000488281 0.00163877
0.00146484 0.00491579
0.00244141 0.00819124
0.00341797 0.0114642
0.00439453 0.0147341
0.00537109 0.0180002
0.00634766 0.0212622
0.00732422 0.0245198
0.00830078 0.0277731
0.00927734 0.0310218
0.0102539 0.0342659
0.0112305 0.0375054
0.012207 0.0407403
0.0131836 0.0439706
0.0141602 0.0471963
0.0151367 0.0504174
0.0161133 0.0536339
0.0170898 0.0568457
0.0180664 0.0600529
0.019043 0.0632555
0.0200195 0.0664534
0.0209961 0.0696467
0.0219727 0.0728354
0.0229492 0.0760194
0.0239258 0.0791987
0.0249023 0.0823734
0.0258789 0.0855435
0.0268555 0.0887089
0.027832 0.0918696
0.0288086 0.0950256
0.0297852 0.098177
0.0307617 0.101324
0.0317383 0.104466
0.0327148 0.107603
0.0336914 0.110736
0.034668 0.113864
0.0356445 0.116987
0.0366211 0.120105
0.0375977 0.123219
0.0385742 0.126328
0.0395508 0.129433
0.0405273 0.132533
0.0415039 0.135628
0.0424805 0.138718
0.043457 0.141804
0.0444336 0.144884
0.0454102 0.147961
0.0463867 0.151032
0.0473633 0.154099
0.0483398 0.15716
0.0493164 0.160218
0.050293 0.16327
0.0512695 0.166318
0.0522461 0.169361
0.0532227 0.172399
0.0541992 0.175432
0.0551758 0.178461
0.0561523 0.181484
0.0571289 0.184504
0.0581055 0.187518
0.059082 0.190527
0.0600586 0.193532
0.0610352 0.196532
0.0620117 0.199527
0.0629883 0.202517
0.0639648 0.205503
0.0649414 0.208483
0.065918 0.211459
0.0668945 0.21443
0.0678711 0.217397
0.0688477 0.220358
0.0698242 0.223315
0.0708008 0.226266
0.0717773 0.229213
0.0727539 0.232156
0.0737305 0.235093
0.074707 0.238025
0.0756836 0.240953
0.0766602 0.243875
0.0776367 0.246793
0.0786133 0.249706
0.0795898 0.252614
0.0805664 0.255518
0.081543 0.258416
0.0825195 0.26131
0.0834961 0.264198
0.0844727 0.267082
0.0854492 0.269961
0.0864258 0.272835
0.0874023 0.275704
0.0883789 0.278568
0.0893555 0.281427
0.090332 0.284282
0.0913086 0.287131
0.0922852 0.289976
0.0932617 0.292815
0.0942383 0.29565
0.0952148 0.29848
0.0961914 0.301305
0.097168 0.304124
0.0981445 0.306939
0.0991211 0.309749
0.100098 0.312554
0.101074 0.315354
0.102051 0.31815
0.103027 0.32094
0.104004 0.323725
0.10498 0.326505
0.105957 0.329281
0.106934 0.332051
0.10791 0.334816
0.108887 0.337577
0.109863 0.340332
0.11084 0.343082
0.111816 0.345828
0.112793 0.348568
0.11377 0.351303
0.114746 0.354034
0.115723 0.356759
0.116699 0.359479
0.117676 0.362195
0.118652 0.364905
0.119629 0.36761
0.120605 0.37031
0.121582 0.373005
0.122559 0.375696
0.123535 0.378381
0.124512 0.381061
0.125488 0.383736
0.126465 0.386406
0.127441 0.38907
0.128418 0.39173
0.129395 0.394385
0.130371 0.397034
0.131348 0.399679
0.132324 0.402318
0.133301 0.404953
0.134277 0.407582
0.135254 0.410206
0.13623 0.412825
0.137207 0.415439
0.138184 0.418048
0.13916 0.420652
0.140137 0.423251
0.141113 0.425844
0.14209 0.428433
0.143066 0.431016
0.144043 0.433594
0.14502 0.436167
0.145996 0.438735
0.146973 0.441298
0.147949 0.443855
0.148926 0.446407
0.149902 0.448955
0.150879 0.451497
0.151855 0.454034
0.152832 0.456565
0.153809 0.459092
0.154785 0.461613
0.155762 0.464129
0.156738 0.46664
0.157715 0.469146
0.158691 0.471647
0.159668 0.474142
0.160645 0.476632
0.161621 0.479117
0.162598 0.481597
0.163574 0.484072
0.164551 0.486541
0.165527 0.489005
0.166504 0.491464
0.16748 0.493917
0.168457 0.496366
0.169434 0.498809
0.17041 0.501247
0.171387 0.503679
0.172363 0.506106
0.17334 0.508529
0.174316 0.510945
0.175293 0.513357
0.17627 0.515763
0.177246 0.518164
0.178223 0.52056
0.179199 0.52295
0.180176 0.525335
0.181152 0.527715
0.182129 0.530089
0.183105 0.532458
0.184082 0.534822
0.185059 0.537181
0.186035 0.539534
0.187012 0.541882
0.187988 0.544224
0.188965 0.546562
0.189941 0.548893
0.190918 0.55122
0.191895 0.553541
0.192871 0.555857
0.193848 0.558167
0.194824 0.560472
0.195801 0.562772
0.196777 0.565066
0.197754 0.567355
0.19873 0.569639
0.199707 0.571917
0.200684 0.57419
0.20166 0.576457
0.202637 0.578719
0.203613 0.580975
0.20459 0.583227
0.205566 0.585472
0.206543 0.587713
0.20752 0.589947
0.208496 0.592177
0.209473 0.594401
0.210449 0.596619
0.211426 0.598833
0.212402 0.60104
0.213379 0.603242
0.214355 0.605439
0.215332 0.60763
0.216309 0.609816
0.217285 0.611997
0.218262 0.614171
0.219238 0.616341
0.220215 0.618505
0.221191 0.620663
0.222168 0.622816
0.223145 0.624963
0.224121 0.627105
0.225098 0.629242
0.226074 0.631373
0.227051 0.633498
0.228027 0.635618
0.229004 0.637732
0.22998 0.639841
0.230957 0.641944
0.231934 0.644042
0.23291 0.646134
0.233887 0.64822
0.234863 0.650301
0.23584 0.652377
0.236816 0.654446
0.237793 0.656511
0.23877 0.658569
0.239746 0.660622
0.240723 0.66267
0.241699 0.664712
0.242676 0.666748
0.243652 0.668779
0.244629 0.670804
0.245605 0.672823
0.246582 0.674837
0.247559 0.676846
0.248535 0.678848
0.249512 0.680845
0.250488 0.682836
0.251465 0.684822
0.252441 0.686802
0.253418 0.688776
0.254395 0.690745
0.255371 0.692708
0.256348 0.694666
0.257324 0.696617
0.258301 0.698563
0.259277 0.700504
0.260254 0.702438
0.26123 0.704367
0.262207 0.70629
0.263184 0.708208
0.26416 0.71012
0.265137 0.712026
0.266113 0.713926
0.26709 0.715821
0.268066 0.71771
0.269043 0.719593
0.27002 0.72147
0.270996 0.723342
0.271973 0.725208
0.272949 0.727068
0.273926 0.728923
0.274902 0.730771
0.275879 0.732614
0.276855 0.734451
0.277832 0.736283
0.278809 0.738108
0.279785 0.739928
0.280762 0.741742
0.281738 0.74355
0.282715 0.745352
0.283691 0.747149
0.284668 0.748939
0.285645 0.750724
0.286621 0.752503
0.287598 0.754276
0.288574 0.756044
0.289551 0.757805
0.290527 0.759561
0.291504 0.761311
0.29248 0.763055
0.293457 0.764793
0.294434 0.766525
0.29541 0.768251
0.296387 0.769971
0.297363 0.771686
0.29834 0.773395
0.299316 0.775097
0.300293 0.776794
0.30127 0.778485
0.302246 0.78017
0.303223 0.781849
0.304199 0.783522
0.305176 0.785189
0.306152 0.78685
0.307129 0.788506
0.308105 0.790155
0.309082 0.791799
0.310059 0.793436
0.311035 0.795067
0.312012 0.796693
0.312988 0.798312
0.313965 0.799926
0.314941 0.801533
0.315918 0.803135
0.316895 0.804731
0.317871 0.80632
0.318848 0.807904
0.319824 0.809481
0.320801 0.811053
0.321777 0.812618
0.322754 0.814177
0.32373 0.815731
0.324707 0.817278
0.325684 0.818819
0.32666 0.820355
0.327637 0.821884
0.328613 0.823407
0.32959 0.824924
0.330566 0.826435
0.331543 0.82794
0.33252 0.829438
0.333496 0.830931
0.334473 0.832418
0.335449 0.833898
0.336426 0.835372
0.337402 0.836841
0.338379 0.838303
0.339355 0.839759
0.340332 0.841209
0.341309 0.842652
0.342285 0.84409
0.343262 0.845521
0.344238 0.846946
0.345215 0.848365
0.346191 0.849778
0.347168 0.851185
0.348145 0.852585
0.349121 0.85398
0.350098 0.855368
0.351074 0.85675
0.352051 0.858125
0.353027 0.859495
0.354004 0.860858
0.35498 0.862215
0.355957 0.863566
0.356934 0.864911
0.35791 0.866249
0.358887 0.867581
0.359863 0.868907
0.36084 0.870227
0.361816 0.87154
0.362793 0.872847
0.36377 0.874148
0.364746 0.875442
0.365723 0.87673
0.366699 0.878012
0.367676 0.879288
0.368652 0.880557
0.369629 0.88182
0.370605 0.883077
0.371582 0.884327
0.372559 0.885571
0.373535 0.886809
0.374512 0.88804
0.375488 0.889265
0.376465 0.890483
0.377441 0.891696
0.378418 0.892901
0.379395 0.894101
0.380371 0.895294
0.381348 0.896481
0.382324 0.897661
0.383301 0.898835
0.384277 0.900002
0.385254 0.901163
0.38623 0.902318
0.387207 0.903466
0.388184 0.904608
0.38916 0.905743
0.390137 0.906872
0.391113 0.907995
0.39209 0.909111
0.393066 0.91022
0.394043 0.911323
0.39502 0.91242
0.395996 0.91351
0.396973 0.914594
0.397949 0.915671
0.398926 0.916741
0.399902 0.917805
0.400879 0.918863
0.401855 0.919914
0.402832 0.920958
0.403809 0.921996
0.404785 0.923028
0.405762 0.924053
0.406738 0.925071
0.407715 0.926083
0.408691 0.927088
0.409668 0.928087
0.410645 0.929079
0.411621 0.930064
0.412598 0.931043
0.413574 0.932016
0.414551 0.932981
0.415527 0.93394
0.416504 0.934893
0.41748 0.935839
0.418457 0.936778
0.419434 0.93771
0.42041 0.938636
0.421387 0.939555
0.422363 0.940468
0.42334 0.941374
0.424316 0.942273
0.425293 0.943166
0.42627 0.944052
0.427246 0.944931
0.428223 0.945803
0.429199 0.946669
0.430176 0.947528
0.431152 0.94838
0.432129 0.949226
0.433105 0.950065
0.434082 0.950897
0.435059 0.951723
0.436035 0.952541
0.437012 0.953353
0.437988 0.954158
0.438965 0.954957
0.439941 0.955748
0.440918 0.956533
0.441895 0.957311
0.442871 0.958082
0.443848 0.958846
0.444824 0.959604
0.445801 0.960355
0.446777 0.961099
0.447754 0.961836
0.44873 0.962566
0.449707 0.963289
0.450684 0.964006
0.45166 0.964715
0.452637 0.965418
0.453613 0.966114
0.45459 0.966803
0.455566 0.967485
0.456543 0.96816
0.45752 0.968829
0.458496 0.96949
0.459473 0.970145
0.460449 0.970792
0.461426 0.971433
0.462402 0.972066
0.463379 0.972693
0.464355 0.973313
0.465332 0.973926
0.466309 0.974531
0.467285 0.97513
0.468262 0.975722
0.469238 0.976307
0.470215 0.976885
0.471191 0.977456
0.472168 0.97802
0.473145 0.978576
0.474121 0.979126
0.475098 0.979669
0.476074 0.980205
0.477051 0.980733
0.478027 0.981255
0.479004 0.981769
0.47998 0.982277
0.480957 0.982777
0.481934 0.983271
0.48291 0.983757
0.483887 0.984236
0.484863 0.984708
0.48584 0.985173
0.486816 0.98563
0.487793 0.986081
0.48877 0.986525
0.489746 0.986961
0.490723 0.98739
0.491699 0.987812
0.492676 0.988227
0.493652 0.988635
0.494629 0.989035
0.495605 0.989428
0.496582 0.989814
0.497559 0.990193
0.498535 0.990565
0.499512 0.990929
0.500488 0.991286
0.501465 0.991636
0.502441 0.991979
0.503418 0.992315
0.504395 0.992643
0.505371 0.992964
0.506348 0.993277
0.507324 0.993584
0.508301 0.993883
0.509277 0.994175
0.510254 0.994459
0.51123 0.994736
0.512207 0.995006
0.513184 0.995268
0.51416 0.995524
0.515137 0.995771
0.516113 0.996012
0.51709 0.996245
0.518066 0.996471
0.519043 0.996689
0.52002 0.9969
0.520996 0.997103
0.521973 0.9973
0.522949 0.997488
0.523926 0.99767
0.524902 0.997843
0.525879 0.99801
0.526855 0.998169
0.527832 0.99832
0.528809 0.998465
0.529785 0.998601
0.530762 0.99873
0.531738 0.998852
0.532715 0.998966
0.533691 0.999073
0.534668 0.999172
0.535645 0.999264
0.536621 0.999348
0.537598 0.999424
0.538574 0.999493
0.539551 0.999555
0.540527 0.999609
0.541504 0.999655
0.54248 0.999694
0.543457 0.999725
0.544434 0.999749
0.54541 0.999765
0.546387 0.999773
0.547363 0.999774
0.54834 0.999767
0.549316 0.999753
0.550293 0.999731
0.55127 0.999701
0.552246 0.999664
0.553223 0.999619
0.554199 0.999566
0.555176 0.999505
0.556152 0.999437
0.557129 0.999361
0.558105 0.999278
0.559082 0.999187
0.560059 0.999088
0.561035 0.998981
0.562012 0.998867
0.562988 0.998744
0.563965 0.998614
0.564941 0.998477
0.565918 0.998331
0.566895 0.998178
0.567871 0.998017
0.568848 0.997848
0.569824 0.997671
0.570801 0.997487
0.571777 0.997294
0.572754 0.997094
0.57373 0.996886
0.574707 0.99667
0.575684 0.996446
0.57666 0.996215
0.577637 0.995975
0.578613 0.995728
0.57959 0.995473
0.580566 0.995209
0.581543 0.994938
0.58252 0.994659
0.583496 0.994372
0.584473 0.994077
0.585449 0.993774
0.586426 0.993463
0.587402 0.993145
0.588379 0.992818
0.589355 0.992483
0.590332 0.99214
0.591309 0.991789
0.592285 0.99143
0.593262 0.991064
0.594238 0.990689
0.595215 0.990306
0.596191 0.989915
0.597168 0.989516
0.598145 0.989108
0.599121 0.988693
0.600098 0.98827
0.601074 0.987839
0.602051 0.987399
0.603027 0.986951
0.604004 0.986496
0.60498 0.986032
0.605957 0.98556
0.606934 0.985079
0.60791 0.984591
0.608887 0.984094
0.609863 0.98359
0.61084 0.983077
0.611816 0.982556
0.612793 0.982026
0.61377 0.981489
0.614746 0.980943
0.615723 0.980389
0.616699 0.979826
0.617676 0.979256
0.618652 0.978677
0.619629 0.97809
0.620605 0.977495
0.621582 0.976891
0.622559 0.976279
0.623535 0.975658
0.624512 0.97503
0.625488 0.974393
0.626465 0.973747
0.627441 0.973094
0.628418 0.972432
0.629395 0.971761
0.630371 0.971082
0.631348 0.970395
0.632324 0.969699
0.633301 0.968995
0.634277 0.968283
0.635254 0.967562
0.63623 0.966832
0.637207 0.966095
0.638184 0.965348
0.63916 0.964593
0.640137 0.96383
0.641113 0.963058
0.64209 0.962278
0.643066 0.961489
0.644043 0.960692
0.64502 0.959886
0.645996 0.959072
0.646973 0.958249
0.647949 0.957417
0.648926 0.956577
0.649902 0.955728
0.650879 0.954871
0.651855 0.954005
0.652832 0.95313
0.653809 0.952247
0.654785 0.951355
0.655762 0.950455
0.656738 0.949546
0.657715 0.948628
0.658691 0.947701
0.659668 0.946766
0.660645 0.945822
0.661621 0.94487
0.662598 0.943908
0.663574 0.942938
0.664551 0.94196
0.665527 0.940972
0.666504 0.939976
0.66748 0.938971
0.668457 0.937957
0.669434 0.936934
0.67041 0.935902
0.671387 0.934862
0.672363 0.933813
0.67334 0.932755
0.674316 0.931688
0.675293 0.930612
0.67627 0.929528
0.677246 0.928434
0.678223 0.927332
0.679199 0.926221
0.680176 0.9251
0.681152 0.923971
0.682129 0.922833
0.683105 0.921686
0.684082 0.92053
0.685059 0.919365
0.686035 0.918191
0.687012 0.917008
0.687988 0.915816
0.688965 0.914615
0.689941 0.913405
0.690918 0.912186
0.691895 0.910958
0.692871 0.909721
0.693848 0.908475
0.694824 0.90722
0.695801 0.905955
0.696777 0.904682
0.697754 0.903399
0.69873 0.902107
0.699707 0.900806
0.700684 0.899496
0.70166 0.898177
0.702637 0.896849
0.703613 0.895511
0.70459 0.894164
0.705566 0.892808
0.706543 0.891443
0.70752 0.890069
0.708496 0.888685
0.709473 0.887292
0.710449 0.88589
0.711426 0.884478
0.712402 0.883057
0.713379 0.881627
0.714355 0.880188
0.715332 0.878739
0.716309 0.877281
0.717285 0.875813
0.718262 0.874337
0.719238 0.87285
0.720215 0.871355
0.721191 0.86985
0.722168 0.868336
0.723145 0.866812
0.724121 0.865278
0.725098 0.863736
0.726074 0.862184
0.727051 0.860622
0.728027 0.859051
0.729004 0.85747
0.72998 0.85588
0.730957 0.854281
0.731934 0.852671
0.73291 0.851053
0.733887 0.849424
0.734863 0.847787
0.73584 0.846139
0.736816 0.844482
0.737793 0.842816
0.73877 0.841139
0.739746 0.839453
0.740723 0.837758
0.741699 0.836053
0.742676 0.834338
0.743652 0.832613
0.744629 0.830879
0.745605 0.829135
0.746582 0.827382
0.747559 0.825618
0.748535 0.823845
0.749512 0.822062
0.750488 0.82027
0.751465 0.818467
0.752441 0.816655
0.753418 0.814833
0.754395 0.813001
0.755371 0.811159
0.756348 0.809308
0.757324 0.807446
0.758301 0.805575
0.759277 0.803694
0.760254 0.801803
0.76123 0.799902
0.762207 0.797991
0.763184 0.79607
0.76416 0.794139
0.765137 0.792199
0.766113 0.790248
0.76709 0.788287
0.768066 0.786316
0.769043 0.784336
0.77002 0.782345
0.770996 0.780344
0.771973 0.778333
0.772949 0.776312
0.773926 0.774281
0.774902 0.77224
0.775879 0.770189
0.776855 0.768127
0.777832 0.766056
0.778809 0.763974
0.779785 0.761882
0.780762 0.75978
0.781738 0.757668
0.782715 0.755546
0.783691 0.753413
0.784668 0.75127
0.785645 0.749117
0.786621 0.746953
0.787598 0.74478
0.788574 0.742596
0.789551 0.740401
0.790527 0.738197
0.791504 0.735982
0.79248 0.733757
0.793457 0.731521
0.794434 0.729275
0.79541 0.727018
0.796387 0.724752
0.797363 0.722474
0.79834 0.720187
0.799316 0.717889
0.800293 0.71558
0.80127 0.713261
0.802246 0.710931
0.803223 0.708591
0.804199 0.706241
0.805176 0.70388
0.806152 0.701508
0.807129 0.699126
0.808105 0.696733
0.809082 0.694329
0.810059 0.691915
0.811035 0.689491
0.812012 0.687056
0.812988 0.68461
0.813965 0.682153
0.814941 0.679686
0.815918 0.677208
0.816895 0.674719
0.817871 0.67222
0.818848 0.66971
0.819824 0.667189
0.820801 0.664657
0.821777 0.662114
0.822754 0.659561
0.82373 0.656997
0.824707 0.654422
0.825684 0.651836
0.82666 0.64924
0.827637 0.646632
0.828613 0.644014
0.82959 0.641385
0.830566 0.638744
0.831543 0.636093
0.83252 0.633431
0.833496 0.630758
0.834473 0.628074
0.835449 0.625379
0.836426 0.622673
0.837402 0.619956
0.838379 0.617227
0.839355 0.614488
0.840332 0.611738
0.841309 0.608976
0.842285 0.606204
0.843262 0.60342
0.844238 0.600625
0.845215 0.597819
0.846191 0.595002
0.847168 0.592174
0.848145 0.589334
0.849121 0.586483
0.850098 0.583621
0.851074 0.580748
0.852051 0.577864
0.853027 0.574968
0.854004 0.57206
0.85498 0.569142
0.855957 0.566212
0.856934 0.563271
0.85791 0.560318
0.858887 0.557355
0.859863 0.554379
0.86084 0.551392
0.861816 0.548394
0.862793 0.545385
0.86377 0.542363
0.864746 0.539331
0.865723 0.536287
0.866699 0.533231
0.867676 0.530164
0.868652 0.527085
0.869629 0.523995
0.870605 0.520893
0.871582 0.517779
0.872559 0.514654
0.873535 0.511517
0.874512 0.508369
0.875488 0.505209
0.876465 0.502037
0.877441 0.498853
0.878418 0.495658
0.879395 0.492451
0.880371 0.489232
0.881348 0.486001
0.882324 0.482759
0.883301 0.479505
0.884277 0.476239
0.885254 0.472961
0.88623 0.469671
0.887207 0.46637
0.888184 0.463056
0.88916 0.459731
0.890137 0.456393
0.891113 0.453044
0.89209 0.449682
0.893066 0.446309
0.894043 0.442924
0.89502 0.439526
0.895996 0.436117
0.896973 0.432695
0.897949 0.429262
0.898926 0.425816
0.899902 0.422358
0.900879 0.418888
0.901855 0.415406
0.902832 0.411911
0.903809 0.408405
0.904785 0.404886
0.905762 0.401355
0.906738 0.397812
0.907715 0.394256
0.908691 0.390688
0.909668 0.387108
0.910645 0.383516
0.911621 0.379911
0.912598 0.376294
0.913574 0.372664
0.914551 0.369022
0.915527 0.365368
0.916504 0.361701
0.91748 0.358022
0.918457 0.35433
0.919434 0.350625
0.92041 0.346909
0.921387 0.343179
0.922363 0.339437
0.92334 0.335683
0.924316 0.331916
0.925293 0.328136
0.92627 0.324343
0.927246 0.320538
0.928223 0.316721
0.929199 0.31289
0.930176 0.309047
0.931152 0.305191
0.932129 0.301322
0.933105 0.297441
0.934082 0.293546
0.935059 0.289639
0.936035 0.285719
0.937012 0.281787
0.937988 0.277841
0.938965 0.273882
0.939941 0.269911
0.940918 0.265926
0.941895 0.261929
0.942871 0.257918
0.943848 0.253895
0.944824 0.249858
0.945801 0.245809
0.946777 0.241746
0.947754 0.237671
0.94873 0.233582
0.949707 0.22948
0.950684 0.225365
0.95166 0.221237
0.952637 0.217095
0.953613 0.21294
0.95459 0.208772
0.955566 0.204591
0.956543 0.200397
0.95752 0.196189
0.958496 0.191968
0.959473 0.187733
0.960449 0.183486
0.961426 0.179224
0.962402 0.17495
0.963379 0.170662
0.964355 0.16636
0.965332 0.162045
0.966309 0.157716
0.967285 0.153374
0.968262 0.149019
0.969238 0.14465
0.970215 0.140267
0.971191 0.13587
0.972168 0.13146
0.973145 0.127037
0.974121 0.122599
0.975098 0.118148
0.976074 0.113683
0.977051 0.109205
0.978027 0.104712
0.979004 0.100206
0.97998 0.0956863
0.980957 0.0911525
0.981934 0.0866048
0.98291 0.0820433
0.983887 0.0774678
0.984863 0.0728784
0.98584 0.068275
0.986816 0.0636576
0.987793 0.0590262
0.98877 0.0543808
0.989746 0.0497214
0.990723 0.0450478
0.991699 0.0403602
0.992676 0.0356585
0.993652 0.0309427
0.994629 0.0262131
0.995605 0.0214701
0.996582 0.0167146
0.997559 0.0119479
0.998535 0.00717256
0.999512 0.00239151
1 0
