0.00195312 0.00464445
0.00585938 0.0139326
0.00976562 0.0232184
0.0136719 0.0325004
0.0175781 0.0417771
0.0214844 0.0510469
0.0253906 0.0603084
0.0292969 0.0695601
0.0332031 0.0788005
0.0371094 0.0880284
0.0410156 0.0972422
0.0449219 0.106441
0.0488281 0.115623
0.0527344 0.124787
0.0566406 0.133932
0.0605469 0.143056
0.0644531 0.152159
0.0683594 0.16124
0.0722656 0.170298
0.0761719 0.17933
0.0800781 0.188338
0.0839844 0.197319
0.0878906 0.206273
0.0917969 0.215198
0.0957031 0.224096
0.0996094 0.232963
0.103516 0.241801
0.107422 0.250607
0.111328 0.259382
0.115234 0.268125
0.119141 0.276836
0.123047 0.285513
0.126953 0.294156
0.130859 0.302766
0.134766 0.311341
0.138672 0.31988
0.142578 0.328385
0.146484 0.336853
0.150391 0.345286
0.154297 0.353681
0.158203 0.36204
0.162109 0.370362
0.166016 0.378645
0.169922 0.386891
0.173828 0.395099
0.177734 0.403268
0.181641 0.411398
0.185547 0.419489
0.189453 0.427541
0.193359 0.435552
0.197266 0.443524
0.201172 0.451455
0.205078 0.459346
0.208984 0.467195
0.212891 0.475004
0.216797 0.48277
0.220703 0.490495
0.224609 0.498178
0.228516 0.505818
0.232422 0.513416
0.236328 0.52097
0.240234 0.528481
0.244141 0.535949
0.248047 0.543372
0.251953 0.550751
0.255859 0.558086
0.259766 0.565375
0.263672 0.572619
0.267578 0.579818
0.271484 0.586971
0.275391 0.594077
0.279297 0.601137
0.283203 0.60815
0.287109 0.615116
0.291016 0.622034
0.294922 0.628904
0.298828 0.635726
0.302734 0.642499
0.306641 0.649223
0.310547 0.655897
0.314453 0.662521
0.318359 0.669096
0.322266 0.675619
0.326172 0.682092
0.330078 0.688513
0.333984 0.694883
0.337891 0.7012
0.341797 0.707464
0.345703 0.713675
0.349609 0.719833
0.353516 0.725937
0.357422 0.731987
0.361328 0.737982
0.365234 0.743921
0.369141 0.749805
0.373047 0.755632
0.376953 0.761403
0.380859 0.767117
0.384766 0.772773
0.388672 0.77837
0.392578 0.78391
0.396484 0.78939
0.400391 0.79481
0.404297 0.80017
0.408203 0.80547
0.412109 0.810708
0.416016 0.815885
0.419922 0.820999
0.423828 0.82605
0.427734 0.831038
0.431641 0.835962
0.435547 0.840821
0.439453 0.845614
0.443359 0.850342
0.447266 0.855004
0.451172 0.859598
0.455078 0.864125
0.458984 0.868583
0.462891 0.872972
0.466797 0.877292
0.470703 0.881541
0.474609 0.885719
0.478516 0.889825
0.482422 0.893859
0.486328 0.897819
0.490234 0.901706
0.494141 0.905518
0.498047 0.909254
0.501953 0.912914
0.505859 0.916497
0.509766 0.920002
0.513672 0.923428
0.517578 0.926775
0.521484 0.930042
0.525391 0.933227
0.529297 0.93633
0.533203 0.93935
0.537109 0.942286
0.541016 0.945137
0.544922 0.947903
0.548828 0.950581
0.552734 0.953172
0.556641 0.955674
0.560547 0.958086
0.564453 0.960408
0.568359 0.962637
0.572266 0.964774
0.576172 0.966816
0.580078 0.968763
0.583984 0.970613
0.587891 0.972366
0.591797 0.97402
0.595703 0.975574
0.599609 0.977027
0.603516 0.978377
0.607422 0.979623
0.611328 0.980764
0.615234 0.981799
0.619141 0.982725
0.623047 0.983542
0.626953 0.984248
0.630859 0.984841
0.634766 0.985321
0.638672 0.985685
0.642578 0.985932
0.646484 0.98606
0.650391 0.986067
0.654297 0.985952
0.658203 0.985714
0.662109 0.985349
0.666016 0.984857
0.669922 0.984235
0.673828 0.983482
0.677734 0.982595
0.681641 0.981573
0.685547 0.980413
0.689453 0.979113
0.693359 0.977671
0.697266 0.976084
0.701172 0.974351
0.705078 0.972468
0.708984 0.970434
0.712891 0.968246
0.716797 0.9659
0.720703 0.963395
0.724609 0.960728
0.728516 0.957895
0.732422 0.954894
0.736328 0.951722
0.740234 0.948376
0.744141 0.944851
0.748047 0.941146
0.751953 0.937256
0.755859 0.933177
0.759766 0.928907
0.763672 0.924441
0.767578 0.919776
0.771484 0.914906
0.775391 0.909829
0.779297 0.904539
0.783203 0.899032
0.787109 0.893304
0.791016 0.887348
0.794922 0.881161
0.798828 0.874737
0.802734 0.86807
0.806641 0.861154
0.810547 0.853984
0.814453 0.846554
0.818359 0.838856
0.822266 0.830884
0.826172 0.822631
0.830078 0.81409
0.833984 0.805252
0.837891 0.79611
0.841797 0.786656
0.845703 0.776879
0.849609 0.766771
0.853516 0.756322
0.857422 0.745522
0.861328 0.734359
0.865234 0.722823
0.869141 0.710901
0.873047 0.698581
0.876953 0.685849
0.880859 0.672691
0.884766 0.659093
0.888672 0.64504
0.892578 0.630514
0.896484 0.615499
0.900391 0.599979
0.904297 0.583934
0.908203 0.567345
0.912109 0.550195
0.916016 0.532464
0.919922 0.514132
0.923828 0.495181
0.927734 0.475593
0.931641 0.455351
0.935547 0.434441
0.939453 0.412849
0.943359 0.390568
0.947266 0.36759
0.951172 0.343915
0.955078 0.319549
0.958984 0.294502
0.962891 0.268793
0.966797 0.242449
0.970703 0.215505
0.974609 0.188003
0.978516 0.159996
0.982422 0.131544
0.986328 0.102717
0.990234 0.0735889
0.994141 0.0442422
0.998047 0.0147623
