0 0
0.000488281 0.00158524
0.00146484 0.0047553
0.00244141 0.00792409
0.00341797 0.0110908
0.00439453 0.0142549
0.00537109 0.0174159
0.00634766 0.0205733
0.00732422 0.0237269
0.00830078 0.0268766
0.00927734 0.0300222
0.0102539 0.0331637
0.0112305 0.036301
0.012207 0.0394342
0.0131836 0.0425632
0.0141602 0.045688
0.0151367 0.0488086
0.0161133 0.051925
0.0170898 0.0550373
0.0180664 0.0581453
0.019043 0.0612491
0.0200195 0.0643487
0.0209961 0.0674441
0.0219727 0.0705353
0.0229492 0.0736223
0.0239258 0.076705
0.0249023 0.0797835
0.0258789 0.0828578
0.0268555 0.0859279
0.027832 0.0889937
0.0288086 0.0920553
0.0297852 0.0951126
0.0307617 0.0981656
0.0317383 0.101214
0.0327148 0.104259
0.0336914 0.107299
0.034668 0.110335
0.0356445 0.113367
0.0366211 0.116395
0.0375977 0.119418
0.0385742 0.122437
0.0395508 0.125451
0.0405273 0.128462
0.0415039 0.131468
0.0424805 0.13447
0.043457 0.137467
0.0444336 0.14046
0.0454102 0.143449
0.0463867 0.146434
0.0473633 0.149414
0.0483398 0.15239
0.0493164 0.155361
0.050293 0.158329
0.0512695 0.161292
0.0522461 0.16425
0.0532227 0.167204
0.0541992 0.170154
0.0551758 0.1731
0.0561523 0.176041
0.0571289 0.178978
0.0581055 0.181911
0.059082 0.184839
0.0600586 0.187762
0.0610352 0.190682
0.0620117 0.193597
0.0629883 0.196508
0.0639648 0.199414
0.0649414 0.202316
0.065918 0.205213
0.0668945 0.208106
0.0678711 0.210995
0.0688477 0.213879
0.0698242 0.216759
0.0708008 0.219635
0.0717773 0.222506
0.0727539 0.225373
0.0737305 0.228235
0.074707 0.231093
0.0756836 0.233946
0.0766602 0.236795
0.0776367 0.239639
0.0786133 0.242479
0.0795898 0.245315
0.0805664 0.248146
0.081543 0.250973
0.0825195 0.253795
0.0834961 0.256613
0.0844727 0.259426
0.0854492 0.262235
0.0864258 0.26504
0.0874023 0.267839
0.0883789 0.270635
0.0893555 0.273426
0.090332 0.276212
0.0913086 0.278994
0.0922852 0.281772
0.0932617 0.284545
0.0942383 0.287313
0.0952148 0.290077
0.0961914 0.292836
0.097168 0.295591
0.0981445 0.298342
0.0991211 0.301087
0.100098 0.303829
0.101074 0.306565
0.102051 0.309298
0.103027 0.312025
0.104004 0.314748
0.10498 0.317467
0.105957 0.320181
0.106934 0.32289
0.10791 0.325595
0.108887 0.328296
0.109863 0.330991
0.11084 0.333682
0.111816 0.336369
0.112793 0.339051
0.11377 0.341728
0.114746 0.344401
0.115723 0.347069
0.116699 0.349733
0.117676 0.352392
0.118652 0.355046
0.119629 0.357696
0.120605 0.360341
0.121582 0.362981
0.122559 0.365617
0.123535 0.368248
0.124512 0.370875
0.125488 0.373497
0.126465 0.376114
0.127441 0.378727
0.128418 0.381335
0.129395 0.383938
0.130371 0.386537
0.131348 0.389131
0.132324 0.39172
0.133301 0.394304
0.134277 0.396884
0.135254 0.39946
0.13623 0.40203
0.137207 0.404596
0.138184 0.407157
0.13916 0.409713
0.140137 0.412265
0.141113 0.414812
0.14209 0.417354
0.143066 0.419892
0.144043 0.422425
0.14502 0.424953
0.145996 0.427476
0.146973 0.429995
0.147949 0.432509
0.148926 0.435018
0.149902 0.437522
0.150879 0.440022
0.151855 0.442516
0.152832 0.445006
0.153809 0.447492
0.154785 0.449972
0.155762 0.452448
0.156738 0.454919
0.157715 0.457385
0.158691 0.459846
0.159668 0.462303
0.160645 0.464754
0.161621 0.467201
0.162598 0.469643
0.163574 0.47208
0.164551 0.474513
0.165527 0.47694
0.166504 0.479363
0.16748 0.481781
0.168457 0.484194
0.169434 0.486602
0.17041 0.489006
0.171387 0.491404
0.172363 0.493798
0.17334 0.496186
0.174316 0.49857
0.175293 0.500949
0.17627 0.503323
0.177246 0.505693
0.178223 0.508057
0.179199 0.510416
0.180176 0.512771
0.181152 0.515121
0.182129 0.517465
0.183105 0.519805
0.184082 0.52214
0.185059 0.52447
0.186035 0.526795
0.187012 0.529115
0.187988 0.53143
0.188965 0.53374
0.189941 0.536046
0.190918 0.538346
0.191895 0.540641
0.192871 0.542932
0.193848 0.545217
0.194824 0.547497
0.195801 0.549773
0.196777 0.552043
0.197754 0.554309
0.19873 0.556569
0.199707 0.558824
0.200684 0.561075
0.20166 0.56332
0.202637 0.565561
0.203613 0.567796
0.20459 0.570027
0.205566 0.572252
0.206543 0.574472
0.20752 0.576687
0.208496 0.578898
0.209473 0.581103
0.210449 0.583303
0.211426 0.585498
0.212402 0.587688
0.213379 0.589873
0.214355 0.592053
0.215332 0.594227
0.216309 0.596397
0.217285 0.598562
0.218262 0.600721
0.219238 0.602875
0.220215 0.605025
0.221191 0.607169
0.222168 0.609308
0.223145 0.611442
0.224121 0.613571
0.225098 0.615694
0.226074 0.617813
0.227051 0.619926
0.228027 0.622034
0.229004 0.624137
0.22998 0.626235
0.230957 0.628328
0.231934 0.630416
0.23291 0.632498
0.233887 0.634575
0.234863 0.636647
0.23584 0.638714
0.236816 0.640776
0.237793 0.642832
0.23877 0.644883
0.239746 0.646929
0.240723 0.64897
0.241699 0.651006
0.242676 0.653036
0.243652 0.655061
0.244629 0.657081
0.245605 0.659096
0.246582 0.661105
0.247559 0.663109
0.248535 0.665108
0.249512 0.667102
0.250488 0.66909
0.251465 0.671073
0.252441 0.673051
0.253418 0.675023
0.254395 0.67699
0.255371 0.678952
0.256348 0.680909
0.257324 0.68286
0.258301 0.684806
0.259277 0.686747
0.260254 0.688682
0.26123 0.690612
0.262207 0.692537
0.263184 0.694456
0.26416 0.69637
0.265137 0.698278
0.266113 0.700182
0.26709 0.70208
0.268066 0.703972
0.269043 0.705859
0.27002 0.707741
0.270996 0.709617
0.271973 0.711488
0.272949 0.713354
0.273926 0.715214
0.274902 0.717069
0.275879 0.718918
0.276855 0.720762
0.277832 0.7226
0.278809 0.724433
0.279785 0.726261
0.280762 0.728083
0.281738 0.7299
0.282715 0.731711
0.283691 0.733517
0.284668 0.735317
0.285645 0.737112
0.286621 0.738901
0.287598 0.740685
0.288574 0.742464
0.289551 0.744236
0.290527 0.746004
0.291504 0.747766
0.29248 0.749522
0.293457 0.751273
0.294434 0.753018
0.29541 0.754758
0.296387 0.756492
0.297363 0.758221
0.29834 0.759944
0.299316 0.761662
0.300293 0.763374
0.30127 0.76508
0.302246 0.766781
0.303223 0.768476
0.304199 0.770166
0.305176 0.77185
0.306152 0.773529
0.307129 0.775202
0.308105 0.776869
0.309082 0.778531
0.310059 0.780187
0.311035 0.781837
0.312012 0.783482
0.312988 0.785121
0.313965 0.786755
0.314941 0.788382
0.315918 0.790005
0.316895 0.791621
0.317871 0.793232
0.318848 0.794837
0.319824 0.796437
0.320801 0.798031
0.321777 0.799619
0.322754 0.801201
0.32373 0.802778
0.324707 0.804349
0.325684 0.805914
0.32666 0.807474
0.327637 0.809027
0.328613 0.810576
0.32959 0.812118
0.330566 0.813654
0.331543 0.815185
0.33252 0.81671
0.333496 0.81823
0.334473 0.819743
0.335449 0.821251
0.336426 0.822753
0.337402 0.824249
0.338379 0.825739
0.339355 0.827224
0.340332 0.828703
0.341309 0.830175
0.342285 0.831642
0.343262 0.833104
0.344238 0.834559
0.345215 0.836009
0.346191 0.837452
0.347168 0.83889
0.348145 0.840322
0.349121 0.841748
0.350098 0.843168
0.351074 0.844583
0.352051 0.845991
0.353027 0.847394
0.354004 0.84879
0.35498 0.850181
0.355957 0.851566
0.356934 0.852944
0.35791 0.854317
0.358887 0.855684
0.359863 0.857045
0.36084 0.8584
0.361816 0.85975
0.362793 0.861093
0.36377 0.86243
0.364746 0.863761
0.365723 0.865086
0.366699 0.866405
0.367676 0.867719
0.368652 0.869026
0.369629 0.870327
0.370605 0.871622
0.371582 0.872911
0.372559 0.874194
0.373535 0.875471
0.374512 0.876742
0.375488 0.878007
0.376465 0.879266
0.377441 0.880519
0.378418 0.881766
0.379395 0.883007
0.380371 0.884241
0.381348 0.88547
0.382324 0.886692
0.383301 0.887908
0.384277 0.889118
0.385254 0.890322
0.38623 0.89152
0.387207 0.892712
0.388184 0.893898
0.38916 0.895077
0.390137 0.89625
0.391113 0.897417
0.39209 0.898578
0.393066 0.899733
0.394043 0.900882
0.39502 0.902024
0.395996 0.90316
0.396973 0.90429
0.397949 0.905414
0.398926 0.906532
0.399902 0.907643
0.400879 0.908748
0.401855 0.909847
0.402832 0.910939
0.403809 0.912026
0.404785 0.913106
0.405762 0.914179
0.406738 0.915247
0.407715 0.916308
0.408691 0.917363
0.409668 0.918411
0.410645 0.919454
0.411621 0.92049
0.412598 0.921519
0.413574 0.922543
0.414551 0.923559
0.415527 0.92457
0.416504 0.925574
0.41748 0.926572
0.418457 0.927564
0.419434 0.928549
0.42041 0.929528
0.421387 0.9305
0.422363 0.931466
0.42334 0.932425
0.424316 0.933378
0.425293 0.934325
0.42627 0.935265
0.427246 0.936199
0.428223 0.937127
0.429199 0.938047
0.430176 0.938962
0.431152 0.93987
0.432129 0.940771
0.433105 0.941666
0.434082 0.942555
0.435059 0.943437
0.436035 0.944312
0.437012 0.945181
0.437988 0.946044
0.438965 0.9469
0.439941 0.947749
0.440918 0.948592
0.441895 0.949428
0.442871 0.950258
0.443848 0.951081
0.444824 0.951898
0.445801 0.952708
0.446777 0.953511
0.447754 0.954308
0.44873 0.955098
0.449707 0.955882
0.450684 0.956659
0.45166 0.957429
0.452637 0.958193
0.453613 0.95895
0.45459 0.9597
0.455566 0.960444
0.456543 0.961181
0.45752 0.961911
0.458496 0.962635
0.459473 0.963352
0.460449 0.964062
0.461426 0.964765
0.462402 0.965462
0.463379 0.966152
0.464355 0.966835
0.465332 0.967512
0.466309 0.968182
0.467285 0.968845
0.468262 0.969501
0.469238 0.97015
0.470215 0.970793
0.471191 0.971429
0.472168 0.972058
0.473145 0.97268
0.474121 0.973296
0.475098 0.973904
0.476074 0.974506
0.477051 0.975101
0.478027 0.975689
0.479004 0.97627
0.47998 0.976845
0.480957 0.977412
0.481934 0.977972
0.48291 0.978526
0.483887 0.979073
0.484863 0.979613
0.48584 0.980145
0.486816 0.980671
0.487793 0.98119
0.48877 0.981702
0.489746 0.982207
0.490723 0.982706
0.491699 0.983197
0.492676 0.983681
0.493652 0.984158
0.494629 0.984628
0.495605 0.985091
0.496582 0.985547
0.497559 0.985996
0.498535 0.986438
0.499512 0.986873
0.500488 0.987301
0.501465 0.987722
0.502441 0.988136
0.503418 0.988543
0.504395 0.988942
0.505371 0.989335
0.506348 0.98972
0.507324 0.990098
0.508301 0.990469
0.509277 0.990833
0.510254 0.99119
0.51123 0.99154
0.512207 0.991882
0.513184 0.992218
0.51416 0.992546
0.515137 0.992867
0.516113 0.99318
0.51709 0.993487
0.518066 0.993786
0.519043 0.994078
0.52002 0.994363
0.520996 0.994641
0.521973 0.994911
0.522949 0.995174
0.523926 0.99543
0.524902 0.995678
0.525879 0.99592
0.526855 0.996153
0.527832 0.99638
0.528809 0.996599
0.529785 0.996811
0.530762 0.997016
0.531738 0.997213
0.532715 0.997403
0.533691 0.997585
0.534668 0.99776
0.535645 0.997928
0.536621 0.998088
0.537598 0.998241
0.538574 0.998386
0.539551 0.998524
0.540527 0.998655
0.541504 0.998778
0.54248 0.998894
0.543457 0.999002
0.544434 0.999103
0.54541 0.999196
0.546387 0.999282
0.547363 0.99936
0.54834 0.999431
0.549316 0.999494
0.550293 0.999549
0.55127 0.999597
0.552246 0.999638
0.553223 0.999671
0.554199 0.999696
0.555176 0.999714
0.556152 0.999724
0.557129 0.999727
0.558105 0.999722
0.559082 0.999709
0.560059 0.999689
0.561035 0.999661
0.562012 0.999625
0.562988 0.999582
0.563965 0.999531
0.564941 0.999472
0.565918 0.999406
0.566895 0.999331
0.567871 0.99925
0.568848 0.99916
0.569824 0.999063
0.570801 0.998958
0.571777 0.998845
0.572754 0.998724
0.57373 0.998596
0.574707 0.99846
0.575684 0.998316
0.57666 0.998164
0.577637 0.998004
0.578613 0.997837
0.57959 0.997661
0.580566 0.997478
0.581543 0.997287
0.58252 0.997088
0.583496 0.996881
0.584473 0.996666
0.585449 0.996444
0.586426 0.996213
0.587402 0.995975
0.588379 0.995728
0.589355 0.995474
0.590332 0.995211
0.591309 0.994941
0.592285 0.994663
0.593262 0.994376
0.594238 0.994082
0.595215 0.993779
0.596191 0.993469
0.597168 0.993151
0.598145 0.992824
0.599121 0.992489
0.600098 0.992147
0.601074 0.991796
0.602051 0.991437
0.603027 0.99107
0.604004 0.990695
0.60498 0.990312
0.605957 0.98992
0.606934 0.989521
0.60791 0.989113
0.608887 0.988697
0.609863 0.988273
0.61084 0.98784
0.611816 0.9874
0.612793 0.986951
0.61377 0.986494
0.614746 0.986029
0.615723 0.985555
0.616699 0.985074
0.617676 0.984584
0.618652 0.984085
0.619629 0.983578
0.620605 0.983063
0.621582 0.98254
0.622559 0.982008
0.623535 0.981468
0.624512 0.98092
0.625488 0.980363
0.626465 0.979798
0.627441 0.979224
0.628418 0.978642
0.629395 0.978052
0.630371 0.977453
0.631348 0.976846
0.632324 0.97623
0.633301 0.975606
0.634277 0.974973
0.635254 0.974332
0.63623 0.973682
0.637207 0.973024
0.638184 0.972357
0.63916 0.971681
0.640137 0.970997
0.641113 0.970305
0.64209 0.969604
0.643066 0.968894
0.644043 0.968176
0.64502 0.967449
0.645996 0.966713
0.646973 0.965969
0.647949 0.965216
0.648926 0.964454
0.649902 0.963684
0.650879 0.962905
0.651855 0.962117
0.652832 0.961321
0.653809 0.960516
0.654785 0.959702
0.655762 0.958879
0.656738 0.958048
0.657715 0.957208
0.658691 0.956359
0.659668 0.955501
0.660645 0.954634
0.661621 0.953758
0.662598 0.952874
0.663574 0.951981
0.664551 0.951079
0.665527 0.950168
0.666504 0.949248
0.66748 0.948319
0.668457 0.947381
0.669434 0.946434
0.67041 0.945479
0.671387 0.944514
0.672363 0.94354
0.67334 0.942558
0.674316 0.941566
0.675293 0.940565
0.67627 0.939555
0.677246 0.938537
0.678223 0.937509
0.679199 0.936472
0.680176 0.935426
0.681152 0.93437
0.682129 0.933306
0.683105 0.932233
0.684082 0.93115
0.685059 0.930058
0.686035 0.928957
0.687012 0.927847
0.687988 0.926728
0.688965 0.925599
0.689941 0.924461
0.690918 0.923314
0.691895 0.922158
0.692871 0.920992
0.693848 0.919818
0.694824 0.918633
0.695801 0.91744
0.696777 0.916237
0.697754 0.915025
0.69873 0.913803
0.699707 0.912572
0.700684 0.911332
0.70166 0.910082
0.702637 0.908823
0.703613 0.907554
0.70459 0.906276
0.705566 0.904989
0.706543 0.903692
0.70752 0.902385
0.708496 0.901069
0.709473 0.899744
0.710449 0.898409
0.711426 0.897064
0.712402 0.89571
0.713379 0.894346
0.714355 0.892972
0.715332 0.891589
0.716309 0.890197
0.717285 0.888795
0.718262 0.887383
0.719238 0.885961
0.720215 0.88453
0.721191 0.883089
0.722168 0.881638
0.723145 0.880177
0.724121 0.878707
0.725098 0.877227
0.726074 0.875737
0.727051 0.874238
0.728027 0.872728
0.729004 0.871209
0.72998 0.86968
0.730957 0.868141
0.731934 0.866592
0.73291 0.865034
0.733887 0.863465
0.734863 0.861887
0.73584 0.860298
0.736816 0.8587
0.737793 0.857091
0.73877 0.855473
0.739746 0.853844
0.740723 0.852206
0.741699 0.850558
0.742676 0.848899
0.743652 0.84723
0.744629 0.845552
0.745605 0.843863
0.746582 0.842164
0.747559 0.840455
0.748535 0.838736
0.749512 0.837007
0.750488 0.835267
0.751465 0.833517
0.752441 0.831757
0.753418 0.829987
0.754395 0.828207
0.755371 0.826416
0.756348 0.824615
0.757324 0.822804
0.758301 0.820982
0.759277 0.81915
0.760254 0.817308
0.76123 0.815455
0.762207 0.813592
0.763184 0.811719
0.76416 0.809835
0.765137 0.807941
0.766113 0.806036
0.76709 0.804121
0.768066 0.802195
0.769043 0.800259
0.77002 0.798312
0.770996 0.796355
0.771973 0.794387
0.772949 0.792408
0.773926 0.790419
0.774902 0.78842
0.775879 0.786409
0.776855 0.784388
0.777832 0.782357
0.778809 0.780314
0.779785 0.778261
0.780762 0.776198
0.781738 0.774123
0.782715 0.772038
0.783691 0.769942
0.784668 0.767835
0.785645 0.765717
0.786621 0.763589
0.787598 0.76145
0.788574 0.7593
0.789551 0.757138
0.790527 0.754966
0.791504 0.752784
0.79248 0.75059
0.793457 0.748385
0.794434 0.746169
0.79541 0.743942
0.796387 0.741705
0.797363 0.739456
0.79834 0.737196
0.799316 0.734925
0.800293 0.732643
0.80127 0.73035
0.802246 0.728045
0.803223 0.72573
0.804199 0.723403
0.805176 0.721065
0.806152 0.718716
0.807129 0.716356
0.808105 0.713984
0.809082 0.711602
0.810059 0.709207
0.811035 0.706802
0.812012 0.704385
0.812988 0.701957
0.813965 0.699518
0.814941 0.697067
0.815918 0.694605
0.816895 0.692131
0.817871 0.689646
0.818848 0.687149
0.819824 0.684641
0.820801 0.682121
0.821777 0.67959
0.822754 0.677048
0.82373 0.674493
0.824707 0.671927
0.825684 0.66935
0.82666 0.666761
0.827637 0.66416
0.828613 0.661547
0.82959 0.658923
0.830566 0.656287
0.831543 0.65364
0.83252 0.65098
0.833496 0.648309
0.834473 0.645626
0.835449 0.642931
0.836426 0.640225
0.837402 0.637506
0.838379 0.634776
0.839355 0.632033
0.840332 0.629279
0.841309 0.626513
0.842285 0.623735
0.843262 0.620945
0.844238 0.618142
0.845215 0.615328
0.846191 0.612502
0.847168 0.609663
0.848145 0.606813
0.849121 0.60395
0.850098 0.601075
0.851074 0.598188
0.852051 0.595289
0.853027 0.592378
0.854004 0.589454
0.85498 0.586518
0.855957 0.58357
0.856934 0.580609
0.85791 0.577636
0.858887 0.574651
0.859863 0.571654
0.86084 0.568644
0.861816 0.565621
0.862793 0.562586
0.86377 0.559539
0.864746 0.556479
0.865723 0.553407
0.866699 0.550322
0.867676 0.547224
0.868652 0.544114
0.869629 0.540991
0.870605 0.537856
0.871582 0.534708
0.872559 0.531547
0.873535 0.528374
0.874512 0.525187
0.875488 0.521988
0.876465 0.518777
0.877441 0.515552
0.878418 0.512315
0.879395 0.509064
0.880371 0.505801
0.881348 0.502525
0.882324 0.499236
0.883301 0.495934
0.884277 0.492619
0.885254 0.489291
0.88623 0.48595
0.887207 0.482596
0.888184 0.479229
0.88916 0.475849
0.890137 0.472456
0.891113 0.469049
0.89209 0.465629
0.893066 0.462196
0.894043 0.45875
0.89502 0.455291
0.895996 0.451818
0.896973 0.448332
0.897949 0.444833
0.898926 0.44132
0.899902 0.437794
0.900879 0.434254
0.901855 0.430701
0.902832 0.427134
0.903809 0.423554
0.904785 0.419961
0.905762 0.416354
0.906738 0.412733
0.907715 0.409098
0.908691 0.40545
0.909668 0.401789
0.910645 0.398113
0.911621 0.394424
0.912598 0.390722
0.913574 0.387005
0.914551 0.383275
0.915527 0.37953
0.916504 0.375772
0.91748 0.372
0.918457 0.368214
0.919434 0.364414
0.92041 0.360601
0.921387 0.356773
0.922363 0.352931
0.92334 0.349075
0.924316 0.345205
0.925293 0.341321
0.92627 0.337423
0.927246 0.33351
0.928223 0.329583
0.929199 0.325643
0.930176 0.321687
0.931152 0.317718
0.932129 0.313734
0.933105 0.309736
0.934082 0.305723
0.935059 0.301697
0.936035 0.297655
0.937012 0.293599
0.937988 0.289529
0.938965 0.285444
0.939941 0.281345
0.940918 0.277231
0.941895 0.273102
0.942871 0.268959
0.943848 0.264801
0.944824 0.260628
0.945801 0.25644
0.946777 0.252238
0.947754 0.248021
0.94873 0.243789
0.949707 0.239542
0.950684 0.235281
0.95166 0.231004
0.952637 0.226712
0.953613 0.222406
0.95459 0.218084
0.955566 0.213747
0.956543 0.209396
0.95752 0.205029
0.958496 0.200647
0.959473 0.196249
0.960449 0.191837
0.961426 0.187409
0.962402 0.182966
0.963379 0.178507
0.964355 0.174034
0.965332 0.169544
0.966309 0.16504
0.967285 0.16052
0.968262 0.155984
0.969238 0.151433
0.970215 0.146866
0.971191 0.142284
0.972168 0.137686
0.973145 0.133073
0.974121 0.128443
0.975098 0.123798
0.976074 0.119138
0.977051 0.114461
0.978027 0.109769
0.979004 0.10506
0.97998 0.100336
0.980957 0.0955958
0.981934 0.0908397
0.98291 0.0860675
0.983887 0.0812792
0.984863 0.0764749
0.98584 0.0716544
0.986816 0.0668178
0.987793 0.061965
0.98877 0.0570959
0.989746 0.0522106
0.990723 0.0473089
0.991699 0.042391
0.992676 0.0374567
0.993652 0.0325063
0.994629 0.0275399
0.995605 0.0225583
0.996582 0.0175626
0.997559 0.0125546
0.998535 0.00753688
0.999512 0.002513
1 0
