0.00390625 2.00685
0.0117188 2.03389
0.0195312 2.06155
0.0273438 2.08974
0.0351562 2.11834
0.0429688 2.14723
0.0507812 2.17632
0.0585938 2.20551
0.0664062 2.2347
0.0742188 2.26379
0.0820312 2.2927
0.0898438 2.32134
0.0976562 2.34961
0.105469 2.37746
0.113281 2.40478
0.121094 2.43152
0.128906 2.4576
0.136719 2.48296
0.144531 2.50752
0.152344 2.53123
0.160156 2.55404
0.167969 2.57587
0.175781 2.5967
0.183594 2.61646
0.191406 2.63512
0.199219 2.65262
0.207031 2.66895
0.214844 2.68406
0.222656 2.69793
0.230469 2.71053
0.238281 2.72184
0.246094 2.73185
0.253906 2.74054
0.261719 2.74791
0.269531 2.75395
0.277344 2.75867
0.285156 2.76207
0.292969 2.76416
0.300781 2.76496
0.308594 2.76448
0.316406 2.76274
0.324219 2.75978
0.332031 2.75563
0.339844 2.75031
0.347656 2.74386
0.355469 2.73632
0.363281 2.72773
0.371094 2.71814
0.378906 2.70758
0.386719 2.69611
0.394531 2.68378
0.402344 2.67062
0.410156 2.65669
0.417969 2.64203
0.425781 2.62669
0.433594 2.61073
0.441406 2.59417
0.449219 2.57707
0.457031 2.55948
0.464844 2.54142
0.472656 2.52294
0.480469 2.50408
0.488281 2.48486
0.496094 2.46534
0.503906 2.44552
0.511719 2.42545
0.519531 2.40516
0.527344 2.38465
0.535156 2.36396
0.542969 2.34311
0.550781 2.32212
0.558594 2.301
0.566406 2.27977
0.574219 2.25844
0.582031 2.23702
0.589844 2.21553
0.597656 2.19398
0.605469 2.17236
0.613281 2.15069
0.621094 2.12898
0.628906 2.10723
0.636719 2.08544
0.644531 2.06362
0.652344 2.04177
0.660156 2.01988
0.667969 1.99797
0.675781 1.97603
0.683594 1.95406
0.691406 1.93206
0.699219 1.91002
0.707031 1.88794
0.714844 1.86583
0.722656 1.84366
0.730469 1.82145
0.738281 1.79918
0.746094 1.77684
0.753906 1.75444
0.761719 1.73195
0.769531 1.70938
0.777344 1.6867
0.785156 1.66393
0.792969 1.64103
0.800781 1.61801
0.808594 1.59486
0.816406 1.57156
0.824219 1.54811
0.832031 1.5245
0.839844 1.50073
0.847656 1.4768
0.855469 1.45269
0.863281 1.42843
0.871094 1.404
0.878906 1.37942
0.886719 1.3547
0.894531 1.32986
0.902344 1.30492
0.910156 1.2799
0.917969 1.25484
0.925781 1.22977
0.933594 1.20472
0.941406 1.17976
0.949219 1.15491
0.957031 1.13023
0.964844 1.10578
0.972656 1.08161
0.980469 1.05778
0.988281 1.03433
0.996094 1.01132
