0 0
0.000488281 0.00156482
0.00146484 0.00469405
0.00244141 0.0078221
0.00341797 0.0109483
0.00439453 0.014072
0.00537109 0.0171927
0.00634766 0.0203101
0.00732422 0.0234238
0.00830078 0.0265339
0.00927734 0.02964
0.0102539 0.0327422
0.0112305 0.0358404
0.012207 0.0389346
0.0131836 0.0420248
0.0141602 0.045111
0.0151367 0.0481931
0.0161133 0.0512712
0.0170898 0.0543453
0.0180664 0.0574153
0.019043 0.0604812
0.0200195 0.0635432
0.0209961 0.066601
0.0219727 0.0696548
0.0229492 0.0727045
0.0239258 0.0757502
0.0249023 0.0787918
0.0258789 0.0818293
0.0268555 0.0848627
0.027832 0.0878921
0.0288086 0.0909174
0.0297852 0.0939385
0.0307617 0.0969556
0.0317383 0.0999686
0.0327148 0.102977
0.0336914 0.105982
0.034668 0.108983
0.0356445 0.111979
0.0366211 0.114972
0.0375977 0.11796
0.0385742 0.120944
0.0395508 0.123925
0.0405273 0.1269
0.0415039 0.129872
0.0424805 0.13284
0.043457 0.135803
0.0444336 0.138763
0.0454102 0.141718
0.0463867 0.144669
0.0473633 0.147616
0.0483398 0.150559
0.0493164 0.153497
0.050293 0.156432
0.0512695 0.159362
0.0522461 0.162288
0.0532227 0.16521
0.0541992 0.168127
0.0551758 0.171041
0.0561523 0.17395
0.0571289 0.176855
0.0581055 0.179756
0.059082 0.182653
0.0600586 0.185545
0.0610352 0.188434
0.0620117 0.191318
0.0629883 0.194197
0.0639648 0.197073
0.0649414 0.199944
0.065918 0.202811
0.0668945 0.205674
0.0678711 0.208533
0.0688477 0.211387
0.0698242 0.214238
0.0708008 0.217083
0.0717773 0.219925
0.0727539 0.222762
0.0737305 0.225596
0.074707 0.228424
0.0756836 0.231249
0.0766602 0.234069
0.0776367 0.236885
0.0786133 0.239697
0.0795898 0.242504
0.0805664 0.245307
0.081543 0.248106
0.0825195 0.250901
0.0834961 0.253691
0.0844727 0.256477
0.0854492 0.259258
0.0864258 0.262036
0.0874023 0.264809
0.0883789 0.267577
0.0893555 0.270341
0.090332 0.273101
0.0913086 0.275857
0.0922852 0.278608
0.0932617 0.281355
0.0942383 0.284098
0.0952148 0.286836
0.0961914 0.28957
0.097168 0.292299
0.0981445 0.295024
0.0991211 0.297745
0.100098 0.300461
0.101074 0.303173
0.102051 0.305881
0.103027 0.308584
0.104004 0.311282
0.10498 0.313977
0.105957 0.316667
0.106934 0.319352
0.10791 0.322033
0.108887 0.32471
0.109863 0.327382
0.11084 0.33005
0.111816 0.332714
0.112793 0.335373
0.11377 0.338027
0.114746 0.340677
0.115723 0.343323
0.116699 0.345964
0.117676 0.348601
0.118652 0.351233
0.119629 0.353861
0.120605 0.356484
0.121582 0.359103
0.122559 0.361718
0.123535 0.364328
0.124512 0.366933
0.125488 0.369534
0.126465 0.37213
0.127441 0.374722
0.128418 0.37731
0.129395 0.379893
0.130371 0.382471
0.131348 0.385045
0.132324 0.387614
0.133301 0.390179
0.134277 0.392739
0.135254 0.395295
0.13623 0.397846
0.137207 0.400393
0.138184 0.402935
0.13916 0.405473
0.140137 0.408006
0.141113 0.410534
0.14209 0.413058
0.143066 0.415577
0.144043 0.418092
0.14502 0.420602
0.145996 0.423108
0.146973 0.425609
0.147949 0.428105
0.148926 0.430597
0.149902 0.433084
0.150879 0.435566
0.151855 0.438044
0.152832 0.440518
0.153809 0.442986
0.154785 0.44545
0.155762 0.44791
0.156738 0.450364
0.157715 0.452815
0.158691 0.45526
0.159668 0.457701
0.160645 0.460137
0.161621 0.462568
0.162598 0.464995
0.163574 0.467417
0.164551 0.469835
0.165527 0.472248
0.166504 0.474656
0.16748 0.477059
0.168457 0.479458
0.169434 0.481852
0.17041 0.484241
0.171387 0.486626
0.172363 0.489006
0.17334 0.491381
0.174316 0.493751
0.175293 0.496117
0.17627 0.498478
0.177246 0.500834
0.178223 0.503186
0.179199 0.505533
0.180176 0.507875
0.181152 0.510212
0.182129 0.512544
0.183105 0.514872
0.184082 0.517195
0.185059 0.519513
0.186035 0.521827
0.187012 0.524135
0.187988 0.526439
0.188965 0.528738
0.189941 0.531032
0.190918 0.533321
0.191895 0.535606
0.192871 0.537886
0.193848 0.540161
0.194824 0.542431
0.195801 0.544696
0.196777 0.546956
0.197754 0.549212
0.19873 0.551463
0.199707 0.553709
0.200684 0.55595
0.20166 0.558186
0.202637 0.560417
0.203613 0.562643
0.20459 0.564865
0.205566 0.567082
0.206543 0.569293
0.20752 0.5715
0.208496 0.573702
0.209473 0.575899
0.210449 0.578091
0.211426 0.580279
0.212402 0.582461
0.213379 0.584638
0.214355 0.586811
0.215332 0.588978
0.216309 0.591141
0.217285 0.593298
0.218262 0.595451
0.219238 0.597599
0.220215 0.599742
0.221191 0.601879
0.222168 0.604012
0.223145 0.60614
0.224121 0.608263
0.225098 0.610381
0.226074 0.612494
0.227051 0.614601
0.228027 0.616704
0.229004 0.618802
0.22998 0.620895
0.230957 0.622983
0.231934 0.625066
0.23291 0.627143
0.233887 0.629216
0.234863 0.631284
0.23584 0.633346
0.236816 0.635404
0.237793 0.637457
0.23877 0.639504
0.239746 0.641546
0.240723 0.643584
0.241699 0.645616
0.242676 0.647643
0.243652 0.649665
0.244629 0.651682
0.245605 0.653694
0.246582 0.655701
0.247559 0.657702
0.248535 0.659699
0.249512 0.66169
0.250488 0.663677
0.251465 0.665658
0.252441 0.667634
0.253418 0.669605
0.254395 0.67157
0.255371 0.673531
0.256348 0.675486
0.257324 0.677436
0.258301 0.679381
0.259277 0.681321
0.260254 0.683256
0.26123 0.685185
0.262207 0.68711
0.263184 0.689029
0.26416 0.690943
0.265137 0.692851
0.266113 0.694755
0.26709 0.696653
0.268066 0.698546
0.269043 0.700434
0.27002 0.702316
0.270996 0.704193
0.271973 0.706065
0.272949 0.707932
0.273926 0.709793
0.274902 0.71165
0.275879 0.7135
0.276855 0.715346
0.277832 0.717186
0.278809 0.719021
0.279785 0.720851
0.280762 0.722676
0.281738 0.724495
0.282715 0.726308
0.283691 0.728117
0.284668 0.72992
0.285645 0.731718
0.286621 0.73351
0.287598 0.735297
0.288574 0.737079
0.289551 0.738856
0.290527 0.740627
0.291504 0.742392
0.29248 0.744152
0.293457 0.745907
0.294434 0.747657
0.29541 0.749401
0.296387 0.75114
0.297363 0.752873
0.29834 0.754601
0.299316 0.756323
0.300293 0.75804
0.30127 0.759752
0.302246 0.761458
0.303223 0.763159
0.304199 0.764854
0.305176 0.766544
0.306152 0.768228
0.307129 0.769907
0.308105 0.77158
0.309082 0.773248
0.310059 0.774911
0.311035 0.776567
0.312012 0.778219
0.312988 0.779865
0.313965 0.781505
0.314941 0.78314
0.315918 0.784769
0.316895 0.786393
0.317871 0.788011
0.318848 0.789624
0.319824 0.791231
0.320801 0.792833
0.321777 0.794429
0.322754 0.796019
0.32373 0.797604
0.324707 0.799183
0.325684 0.800757
0.32666 0.802325
0.327637 0.803888
0.328613 0.805445
0.32959 0.806996
0.330566 0.808542
0.331543 0.810082
0.33252 0.811616
0.333496 0.813145
0.334473 0.814668
0.335449 0.816185
0.336426 0.817697
0.337402 0.819203
0.338379 0.820704
0.339355 0.822198
0.340332 0.823687
0.341309 0.825171
0.342285 0.826648
0.343262 0.82812
0.344238 0.829587
0.345215 0.831047
0.346191 0.832502
0.347168 0.833951
0.348145 0.835394
0.349121 0.836832
0.350098 0.838264
0.351074 0.83969
0.352051 0.84111
0.353027 0.842525
0.354004 0.843933
0.35498 0.845336
0.355957 0.846733
0.356934 0.848125
0.35791 0.84951
0.358887 0.85089
0.359863 0.852264
0.36084 0.853632
0.361816 0.854994
0.362793 0.85635
0.36377 0.857701
0.364746 0.859045
0.365723 0.860384
0.366699 0.861717
0.367676 0.863044
0.368652 0.864365
0.369629 0.865681
0.370605 0.86699
0.371582 0.868293
0.372559 0.869591
0.373535 0.870882
0.374512 0.872168
0.375488 0.873448
0.376465 0.874722
0.377441 0.87599
0.378418 0.877251
0.379395 0.878507
0.380371 0.879757
0.381348 0.881001
0.382324 0.882239
0.383301 0.883471
0.384277 0.884697
0.385254 0.885917
0.38623 0.887131
0.387207 0.888339
0.388184 0.889541
0.38916 0.890737
0.390137 0.891927
0.391113 0.89311
0.39209 0.894288
0.393066 0.89546
0.394043 0.896625
0.39502 0.897785
0.395996 0.898938
0.396973 0.900086
0.397949 0.901227
0.398926 0.902362
0.399902 0.903491
0.400879 0.904614
0.401855 0.90573
0.402832 0.906841
0.403809 0.907945
0.404785 0.909044
0.405762 0.910136
0.406738 0.911222
0.407715 0.912301
0.408691 0.913375
0.409668 0.914442
0.410645 0.915503
0.411621 0.916558
0.412598 0.917607
0.413574 0.91865
0.414551 0.919686
0.415527 0.920716
0.416504 0.92174
0.41748 0.922757
0.418457 0.923769
0.419434 0.924774
0.42041 0.925772
0.421387 0.926765
0.422363 0.927751
0.42334 0.928731
0.424316 0.929704
0.425293 0.930671
0.42627 0.931632
0.427246 0.932587
0.428223 0.933535
0.429199 0.934477
0.430176 0.935412
0.431152 0.936341
0.432129 0.937264
0.433105 0.93818
0.434082 0.93909
0.435059 0.939994
0.436035 0.940891
0.437012 0.941782
0.437988 0.942666
0.438965 0.943544
0.439941 0.944415
0.440918 0.94528
0.441895 0.946139
0.442871 0.946991
0.443848 0.947837
0.444824 0.948676
0.445801 0.949508
0.446777 0.950335
0.447754 0.951154
0.44873 0.951967
0.449707 0.952774
0.450684 0.953574
0.45166 0.954367
0.452637 0.955154
0.453613 0.955935
0.45459 0.956709
0.455566 0.957476
0.456543 0.958237
0.45752 0.958991
0.458496 0.959738
0.459473 0.960479
0.460449 0.961213
0.461426 0.961941
0.462402 0.962662
0.463379 0.963376
0.464355 0.964084
0.465332 0.964785
0.466309 0.96548
0.467285 0.966167
0.468262 0.966848
0.469238 0.967523
0.470215 0.96819
0.471191 0.968851
0.472168 0.969505
0.473145 0.970153
0.474121 0.970794
0.475098 0.971428
0.476074 0.972055
0.477051 0.972675
0.478027 0.973289
0.479004 0.973896
0.47998 0.974496
0.480957 0.97509
0.481934 0.975676
0.48291 0.976256
0.483887 0.976829
0.484863 0.977395
0.48584 0.977954
0.486816 0.978506
0.487793 0.979052
0.48877 0.97959
0.489746 0.980122
0.490723 0.980647
0.491699 0.981165
0.492676 0.981676
0.493652 0.98218
0.494629 0.982677
0.495605 0.983167
0.496582 0.983651
0.497559 0.984127
0.498535 0.984597
0.499512 0.985059
0.500488 0.985514
0.501465 0.985963
0.502441 0.986404
0.503418 0.986839
0.504395 0.987266
0.505371 0.987686
0.506348 0.9881
0.507324 0.988506
0.508301 0.988905
0.509277 0.989297
0.510254 0.989682
0.51123 0.99006
0.512207 0.990431
0.513184 0.990795
0.51416 0.991152
0.515137 0.991501
0.516113 0.991844
0.51709 0.992179
0.518066 0.992507
0.519043 0.992828
0.52002 0.993142
0.520996 0.993448
0.521973 0.993748
0.522949 0.99404
0.523926 0.994325
0.524902 0.994603
0.525879 0.994873
0.526855 0.995136
0.527832 0.995392
0.528809 0.995641
0.529785 0.995883
0.530762 0.996117
0.531738 0.996344
0.532715 0.996563
0.533691 0.996776
0.534668 0.996981
0.535645 0.997178
0.536621 0.997368
0.537598 0.997551
0.538574 0.997727
0.539551 0.997895
0.540527 0.998056
0.541504 0.998209
0.54248 0.998355
0.543457 0.998494
0.544434 0.998625
0.54541 0.998749
0.546387 0.998865
0.547363 0.998974
0.54834 0.999075
0.549316 0.999169
0.550293 0.999255
0.55127 0.999334
0.552246 0.999405
0.553223 0.999469
0.554199 0.999525
0.555176 0.999574
0.556152 0.999615
0.557129 0.999649
0.558105 0.999675
0.559082 0.999694
0.560059 0.999704
0.561035 0.999708
0.562012 0.999703
0.562988 0.999691
0.563965 0.999672
0.564941 0.999644
0.565918 0.999609
0.566895 0.999567
0.567871 0.999516
0.568848 0.999458
0.569824 0.999393
0.570801 0.999319
0.571777 0.999238
0.572754 0.999149
0.57373 0.999053
0.574707 0.998948
0.575684 0.998836
0.57666 0.998716
0.577637 0.998588
0.578613 0.998453
0.57959 0.998309
0.580566 0.998158
0.581543 0.997999
0.58252 0.997832
0.583496 0.997657
0.584473 0.997474
0.585449 0.997284
0.586426 0.997085
0.587402 0.996879
0.588379 0.996665
0.589355 0.996443
0.590332 0.996212
0.591309 0.995974
0.592285 0.995728
0.593262 0.995474
0.594238 0.995212
0.595215 0.994942
0.596191 0.994664
0.597168 0.994378
0.598145 0.994084
0.599121 0.993781
0.600098 0.993471
0.601074 0.993153
0.602051 0.992826
0.603027 0.992492
0.604004 0.992149
0.60498 0.991798
0.605957 0.991439
0.606934 0.991072
0.60791 0.990697
0.608887 0.990314
0.609863 0.989922
0.61084 0.989522
0.611816 0.989114
0.612793 0.988698
0.61377 0.988274
0.614746 0.987841
0.615723 0.9874
0.616699 0.986951
0.617676 0.986493
0.618652 0.986028
0.619629 0.985554
0.620605 0.985071
0.621582 0.98458
0.622559 0.984081
0.623535 0.983574
0.624512 0.983058
0.625488 0.982534
0.626465 0.982001
0.627441 0.98146
0.628418 0.980911
0.629395 0.980353
0.630371 0.979786
0.631348 0.979212
0.632324 0.978628
0.633301 0.978036
0.634277 0.977436
0.635254 0.976827
0.63623 0.97621
0.637207 0.975584
0.638184 0.97495
0.63916 0.974307
0.640137 0.973655
0.641113 0.972995
0.64209 0.972326
0.643066 0.971649
0.644043 0.970963
0.64502 0.970268
0.645996 0.969565
0.646973 0.968853
0.647949 0.968132
0.648926 0.967403
0.649902 0.966665
0.650879 0.965918
0.651855 0.965162
0.652832 0.964398
0.653809 0.963625
0.654785 0.962843
0.655762 0.962052
0.656738 0.961253
0.657715 0.960444
0.658691 0.959627
0.659668 0.958801
0.660645 0.957966
0.661621 0.957122
0.662598 0.95627
0.663574 0.955408
0.664551 0.954538
0.665527 0.953658
0.666504 0.95277
0.66748 0.951873
0.668457 0.950966
0.669434 0.950051
0.67041 0.949126
0.671387 0.948193
0.672363 0.947251
0.67334 0.946299
0.674316 0.945339
0.675293 0.944369
0.67627 0.94339
0.677246 0.942402
0.678223 0.941406
0.679199 0.940399
0.680176 0.939384
0.681152 0.93836
0.682129 0.937326
0.683105 0.936283
0.684082 0.935231
0.685059 0.93417
0.686035 0.933099
0.687012 0.93202
0.687988 0.930931
0.688965 0.929832
0.689941 0.928725
0.690918 0.927608
0.691895 0.926481
0.692871 0.925346
0.693848 0.924201
0.694824 0.923046
0.695801 0.921882
0.696777 0.920709
0.697754 0.919527
0.69873 0.918334
0.699707 0.917133
0.700684 0.915922
0.70166 0.914701
0.702637 0.913471
0.703613 0.912232
0.70459 0.910983
0.705566 0.909724
0.706543 0.908456
0.70752 0.907178
0.708496 0.90589
0.709473 0.904593
0.710449 0.903287
0.711426 0.90197
0.712402 0.900644
0.713379 0.899309
0.714355 0.897963
0.715332 0.896608
0.716309 0.895243
0.717285 0.893869
0.718262 0.892484
0.719238 0.89109
0.720215 0.889686
0.721191 0.888272
0.722168 0.886849
0.723145 0.885415
0.724121 0.883972
0.725098 0.882519
0.726074 0.881055
0.727051 0.879582
0.728027 0.878099
0.729004 0.876607
0.72998 0.875104
0.730957 0.873591
0.731934 0.872068
0.73291 0.870535
0.733887 0.868992
0.734863 0.867439
0.73584 0.865876
0.736816 0.864303
0.737793 0.862719
0.73877 0.861126
0.739746 0.859522
0.740723 0.857909
0.741699 0.856285
0.742676 0.854651
0.743652 0.853006
0.744629 0.851352
0.745605 0.849687
0.746582 0.848012
0.747559 0.846327
0.748535 0.844631
0.749512 0.842925
0.750488 0.841209
0.751465 0.839482
0.752441 0.837745
0.753418 0.835998
0.754395 0.83424
0.755371 0.832471
0.756348 0.830693
0.757324 0.828903
0.758301 0.827104
0.759277 0.825294
0.760254 0.823473
0.76123 0.821642
0.762207 0.8198
0.763184 0.817947
0.76416 0.816084
0.765137 0.814211
0.766113 0.812326
0.76709 0.810431
0.768066 0.808526
0.769043 0.806609
0.77002 0.804682
0.770996 0.802744
0.771973 0.800796
0.772949 0.798837
0.773926 0.796866
0.774902 0.794886
0.775879 0.792894
0.776855 0.790891
0.777832 0.788878
0.778809 0.786853
0.779785 0.784818
0.780762 0.782772
0.781738 0.780715
0.782715 0.778646
0.783691 0.776567
0.784668 0.774477
0.785645 0.772376
0.786621 0.770264
0.787598 0.76814
0.788574 0.766006
0.789551 0.76386
0.790527 0.761704
0.791504 0.759536
0.79248 0.757357
0.793457 0.755166
0.794434 0.752965
0.79541 0.750752
0.796387 0.748528
0.797363 0.746293
0.79834 0.744047
0.799316 0.741789
0.800293 0.73952
0.80127 0.737239
0.802246 0.734947
0.803223 0.732644
0.804199 0.730329
0.805176 0.728002
0.806152 0.725665
0.807129 0.723315
0.808105 0.720955
0.809082 0.718582
0.810059 0.716199
0.811035 0.713803
0.812012 0.711396
0.812988 0.708977
0.813965 0.706547
0.814941 0.704105
0.815918 0.701651
0.816895 0.699186
0.817871 0.696709
0.818848 0.69422
0.819824 0.691719
0.820801 0.689206
0.821777 0.686682
0.822754 0.684146
0.82373 0.681597
0.824707 0.679037
0.825684 0.676465
0.82666 0.673882
0.827637 0.671286
0.828613 0.668678
0.82959 0.666058
0.830566 0.663426
0.831543 0.660782
0.83252 0.658126
0.833496 0.655458
0.834473 0.652777
0.835449 0.650085
0.836426 0.64738
0.837402 0.644663
0.838379 0.641934
0.839355 0.639193
0.840332 0.636439
0.841309 0.633673
0.842285 0.630894
0.843262 0.628104
0.844238 0.625301
0.845215 0.622485
0.846191 0.619657
0.847168 0.616817
0.848145 0.613964
0.849121 0.611099
0.850098 0.608221
0.851074 0.60533
0.852051 0.602427
0.853027 0.599512
0.854004 0.596583
0.85498 0.593642
0.855957 0.590689
0.856934 0.587723
0.85791 0.584743
0.858887 0.581752
0.859863 0.578747
0.86084 0.57573
0.861816 0.572699
0.862793 0.569656
0.86377 0.5666
0.864746 0.563531
0.865723 0.560449
0.866699 0.557354
0.867676 0.554246
0.868652 0.551126
0.869629 0.547992
0.870605 0.544845
0.871582 0.541684
0.872559 0.538511
0.873535 0.535325
0.874512 0.532125
0.875488 0.528912
0.876465 0.525686
0.877441 0.522447
0.878418 0.519194
0.879395 0.515928
0.880371 0.512648
0.881348 0.509356
0.882324 0.50605
0.883301 0.50273
0.884277 0.499397
0.885254 0.49605
0.88623 0.49269
0.887207 0.489316
0.888184 0.485929
0.88916 0.482528
0.890137 0.479114
0.891113 0.475685
0.89209 0.472243
0.893066 0.468788
0.894043 0.465318
0.89502 0.461835
0.895996 0.458338
0.896973 0.454827
0.897949 0.451302
0.898926 0.447764
0.899902 0.444211
0.900879 0.440645
0.901855 0.437064
0.902832 0.433469
0.903809 0.429861
0.904785 0.426238
0.905762 0.422601
0.906738 0.41895
0.907715 0.415285
0.908691 0.411605
0.909668 0.407911
0.910645 0.404203
0.911621 0.400481
0.912598 0.396744
0.913574 0.392993
0.914551 0.389228
0.915527 0.385448
0.916504 0.381653
0.91748 0.377844
0.918457 0.374021
0.919434 0.370183
0.92041 0.36633
0.921387 0.362463
0.922363 0.358581
0.92334 0.354685
0.924316 0.350773
0.925293 0.346847
0.92627 0.342906
0.927246 0.33895
0.928223 0.33498
0.929199 0.330994
0.930176 0.326994
0.931152 0.322978
0.932129 0.318948
0.933105 0.314902
0.934082 0.310842
0.935059 0.306766
0.936035 0.302675
0.937012 0.298569
0.937988 0.294448
0.938965 0.290311
0.939941 0.28616
0.940918 0.281993
0.941895 0.27781
0.942871 0.273612
0.943848 0.269399
0.944824 0.26517
0.945801 0.260926
0.946777 0.256666
0.947754 0.252391
0.94873 0.2481
0.949707 0.243793
0.950684 0.239471
0.95166 0.235133
0.952637 0.230779
0.953613 0.22641
0.95459 0.222024
0.955566 0.217623
0.956543 0.213206
0.95752 0.208773
0.958496 0.204324
0.959473 0.199859
0.960449 0.195377
0.961426 0.19088
0.962402 0.186367
0.963379 0.181837
0.964355 0.177291
0.965332 0.172729
0.966309 0.168151
0.967285 0.163556
0.968262 0.158945
0.969238 0.154318
0.970215 0.149674
0.971191 0.145013
0.972168 0.140336
0.973145 0.135643
0.974121 0.130933
0.975098 0.126206
0.976074 0.121462
0.977051 0.116702
0.978027 0.111925
0.979004 0.107131
0.97998 0.10232
0.980957 0.0974927
0.981934 0.0926481
0.98291 0.0877866
0.983887 0.082908
0.984863 0.0780123
0.98584 0.0730995
0.986816 0.0681696
0.987793 0.0632224
0.98877 0.058258
0.989746 0.0532763
0.990723 0.0482773
0.991699 0.0432609
0.992676 0.0382273
0.993652 0.0331765
0.994629 0.0281088
0.995605 0.023025
0.996582 0.0179264
0.997559 0.0128148
0.998535 0.00769322
0.999512 0.00256515
1 0
