0 0
0.000488281 0.00151129
0.00146484 0.00453355
0.00244141 0.00755484
0.00341797 0.0105746
0.00439453 0.0135922
0.00537109 0.0166074
0.00634766 0.0196197
0.00732422 0.0226289
0.00830078 0.0256348
0.00927734 0.0286373
0.0102539 0.0316362
0.0112305 0.0346316
0.012207 0.0376234
0.0131836 0.0406116
0.0141602 0.0435962
0.0151367 0.0465771
0.0161133 0.0495544
0.0170898 0.052528
0.0180664 0.055498
0.019043 0.0584643
0.0200195 0.061427
0.0209961 0.064386
0.0219727 0.0673413
0.0229492 0.0702929
0.0239258 0.0732409
0.0249023 0.0761852
0.0258789 0.0791259
0.0268555 0.0820628
0.027832 0.084996
0.0288086 0.0879256
0.0297852 0.0908514
0.0307617 0.0937736
0.0317383 0.096692
0.0327148 0.0996068
0.0336914 0.102518
0.034668 0.105425
0.0356445 0.108329
0.0366211 0.111229
0.0375977 0.114125
0.0385742 0.117017
0.0395508 0.119906
0.0405273 0.122791
0.0415039 0.125672
0.0424805 0.128549
0.043457 0.131423
0.0444336 0.134293
0.0454102 0.137159
0.0463867 0.140022
0.0473633 0.14288
0.0483398 0.145735
0.0493164 0.148586
0.050293 0.151433
0.0512695 0.154277
0.0522461 0.157117
0.0532227 0.159953
0.0541992 0.162785
0.0551758 0.165613
0.0561523 0.168438
0.0571289 0.171259
0.0581055 0.174076
0.059082 0.176889
0.0600586 0.179698
0.0610352 0.182503
0.0620117 0.185305
0.0629883 0.188103
0.0639648 0.190897
0.0649414 0.193687
0.065918 0.196473
0.0668945 0.199256
0.0678711 0.202035
0.0688477 0.204809
0.0698242 0.20758
0.0708008 0.210347
0.0717773 0.21311
0.0727539 0.21587
0.0737305 0.218625
0.074707 0.221377
0.0756836 0.224124
0.0766602 0.226868
0.0776367 0.229608
0.0786133 0.232344
0.0795898 0.235076
0.0805664 0.237804
0.081543 0.240529
0.0825195 0.243249
0.0834961 0.245966
0.0844727 0.248678
0.0854492 0.251387
0.0864258 0.254091
0.0874023 0.256792
0.0883789 0.259489
0.0893555 0.262182
0.090332 0.264871
0.0913086 0.267556
0.0922852 0.270237
0.0932617 0.272914
0.0942383 0.275587
0.0952148 0.278256
0.0961914 0.280921
0.097168 0.283582
0.0981445 0.28624
0.0991211 0.288893
0.100098 0.291542
0.101074 0.294187
0.102051 0.296829
0.103027 0.299466
0.104004 0.302099
0.10498 0.304728
0.105957 0.307354
0.106934 0.309975
0.10791 0.312592
0.108887 0.315205
0.109863 0.317814
0.11084 0.320419
0.111816 0.32302
0.112793 0.325617
0.11377 0.32821
0.114746 0.330799
0.115723 0.333384
0.116699 0.335965
0.117676 0.338541
0.118652 0.341114
0.119629 0.343683
0.120605 0.346247
0.121582 0.348808
0.122559 0.351364
0.123535 0.353916
0.124512 0.356464
0.125488 0.359008
0.126465 0.361548
0.127441 0.364084
0.128418 0.366616
0.129395 0.369143
0.130371 0.371667
0.131348 0.374186
0.132324 0.376701
0.133301 0.379212
0.134277 0.381719
0.135254 0.384222
0.13623 0.38672
0.137207 0.389215
0.138184 0.391705
0.13916 0.394191
0.140137 0.396673
0.141113 0.399151
0.14209 0.401624
0.143066 0.404094
0.144043 0.406559
0.14502 0.40902
0.145996 0.411477
0.146973 0.413929
0.147949 0.416378
0.148926 0.418822
0.149902 0.421262
0.150879 0.423697
0.151855 0.426129
0.152832 0.428556
0.153809 0.430979
0.154785 0.433398
0.155762 0.435812
0.156738 0.438223
0.157715 0.440629
0.158691 0.443031
0.159668 0.445428
0.160645 0.447821
0.161621 0.45021
0.162598 0.452595
0.163574 0.454975
0.164551 0.457351
0.165527 0.459723
0.166504 0.462091
0.16748 0.464454
0.168457 0.466813
0.169434 0.469167
0.17041 0.471518
0.171387 0.473864
0.172363 0.476205
0.17334 0.478542
0.174316 0.480875
0.175293 0.483204
0.17627 0.485528
0.177246 0.487848
0.178223 0.490163
0.179199 0.492475
0.180176 0.494781
0.181152 0.497084
0.182129 0.499382
0.183105 0.501676
0.184082 0.503965
0.185059 0.50625
0.186035 0.50853
0.187012 0.510806
0.187988 0.513078
0.188965 0.515345
0.189941 0.517608
0.190918 0.519866
0.191895 0.52212
0.192871 0.52437
0.193848 0.526615
0.194824 0.528855
0.195801 0.531092
0.196777 0.533323
0.197754 0.535551
0.19873 0.537773
0.199707 0.539992
0.200684 0.542206
0.20166 0.544415
0.202637 0.54662
0.203613 0.54882
0.20459 0.551016
0.205566 0.553207
0.206543 0.555394
0.20752 0.557577
0.208496 0.559755
0.209473 0.561928
0.210449 0.564097
0.211426 0.566261
0.212402 0.568421
0.213379 0.570576
0.214355 0.572726
0.215332 0.574872
0.216309 0.577014
0.217285 0.579151
0.218262 0.581283
0.219238 0.583411
0.220215 0.585534
0.221191 0.587653
0.222168 0.589767
0.223145 0.591876
0.224121 0.593981
0.225098 0.596081
0.226074 0.598177
0.227051 0.600268
0.228027 0.602354
0.229004 0.604436
0.22998 0.606513
0.230957 0.608585
0.231934 0.610653
0.23291 0.612716
0.233887 0.614775
0.234863 0.616828
0.23584 0.618877
0.236816 0.620922
0.237793 0.622962
0.23877 0.624997
0.239746 0.627027
0.240723 0.629053
0.241699 0.631074
0.242676 0.63309
0.243652 0.635101
0.244629 0.637108
0.245605 0.63911
0.246582 0.641108
0.247559 0.6431
0.248535 0.645088
0.249512 0.647071
0.250488 0.64905
0.251465 0.651023
0.252441 0.652992
0.253418 0.654956
0.254395 0.656915
0.255371 0.65887
0.256348 0.660819
0.257324 0.662764
0.258301 0.664704
0.259277 0.66664
0.260254 0.66857
0.26123 0.670496
0.262207 0.672416
0.263184 0.674332
0.26416 0.676244
0.265137 0.67815
0.266113 0.680051
0.26709 0.681948
0.268066 0.68384
0.269043 0.685726
0.27002 0.687608
0.270996 0.689485
0.271973 0.691358
0.272949 0.693225
0.273926 0.695087
0.274902 0.696945
0.275879 0.698797
0.276855 0.700645
0.277832 0.702488
0.278809 0.704326
0.279785 0.706158
0.280762 0.707986
0.281738 0.709809
0.282715 0.711627
0.283691 0.71344
0.284668 0.715248
0.285645 0.717052
0.286621 0.71885
0.287598 0.720643
0.288574 0.722431
0.289551 0.724214
0.290527 0.725992
0.291504 0.727765
0.29248 0.729533
0.293457 0.731297
0.294434 0.733055
0.29541 0.734808
0.296387 0.736556
0.297363 0.738299
0.29834 0.740036
0.299316 0.741769
0.300293 0.743497
0.30127 0.74522
0.302246 0.746937
0.303223 0.74865
0.304199 0.750357
0.305176 0.752059
0.306152 0.753757
0.307129 0.755449
0.308105 0.757136
0.309082 0.758817
0.310059 0.760494
0.311035 0.762166
0.312012 0.763832
0.312988 0.765493
0.313965 0.767149
0.314941 0.7688
0.315918 0.770446
0.316895 0.772086
0.317871 0.773722
0.318848 0.775352
0.319824 0.776977
0.320801 0.778597
0.321777 0.780211
0.322754 0.781821
0.32373 0.783425
0.324707 0.785024
0.325684 0.786617
0.32666 0.788206
0.327637 0.789789
0.328613 0.791367
0.32959 0.792939
0.330566 0.794506
0.331543 0.796069
0.33252 0.797625
0.333496 0.799177
0.334473 0.800723
0.335449 0.802264
0.336426 0.803799
0.337402 0.805329
0.338379 0.806854
0.339355 0.808374
0.340332 0.809888
0.341309 0.811397
0.342285 0.8129
0.343262 0.814398
0.344238 0.815891
0.345215 0.817378
0.346191 0.81886
0.347168 0.820337
0.348145 0.821808
0.349121 0.823274
0.350098 0.824734
0.351074 0.826189
0.352051 0.827638
0.353027 0.829082
0.354004 0.830521
0.35498 0.831954
0.355957 0.833382
0.356934 0.834804
0.35791 0.836221
0.358887 0.837632
0.359863 0.839038
0.36084 0.840438
0.361816 0.841832
0.362793 0.843222
0.36377 0.844605
0.364746 0.845984
0.365723 0.847356
0.366699 0.848723
0.367676 0.850085
0.368652 0.851441
0.369629 0.852791
0.370605 0.854136
0.371582 0.855475
0.372559 0.856809
0.373535 0.858137
0.374512 0.85946
0.375488 0.860777
0.376465 0.862088
0.377441 0.863394
0.378418 0.864694
0.379395 0.865988
0.380371 0.867277
0.381348 0.86856
0.382324 0.869837
0.383301 0.871109
0.384277 0.872375
0.385254 0.873635
0.38623 0.87489
0.387207 0.876139
0.388184 0.877382
0.38916 0.87862
0.390137 0.879851
0.391113 0.881077
0.39209 0.882298
0.393066 0.883512
0.394043 0.884721
0.39502 0.885924
0.395996 0.887121
0.396973 0.888313
0.397949 0.889499
0.398926 0.890678
0.399902 0.891853
0.400879 0.893021
0.401855 0.894183
0.402832 0.89534
0.403809 0.896491
0.404785 0.897636
0.405762 0.898775
0.406738 0.899908
0.407715 0.901035
0.408691 0.902157
0.409668 0.903272
0.410645 0.904382
0.411621 0.905486
0.412598 0.906583
0.413574 0.907675
0.414551 0.908761
0.415527 0.909841
0.416504 0.910915
0.41748 0.911984
0.418457 0.913046
0.419434 0.914102
0.42041 0.915152
0.421387 0.916196
0.422363 0.917235
0.42334 0.918267
0.424316 0.919293
0.425293 0.920313
0.42627 0.921327
0.427246 0.922336
0.428223 0.923338
0.429199 0.924334
0.430176 0.925324
0.431152 0.926307
0.432129 0.927285
0.433105 0.928257
0.434082 0.929222
0.435059 0.930182
0.436035 0.931135
0.437012 0.932082
0.437988 0.933024
0.438965 0.933958
0.439941 0.934887
0.440918 0.93581
0.441895 0.936726
0.442871 0.937636
0.443848 0.938541
0.444824 0.939438
0.445801 0.94033
0.446777 0.941215
0.447754 0.942095
0.44873 0.942968
0.449707 0.943834
0.450684 0.944695
0.45166 0.945549
0.452637 0.946397
0.453613 0.947238
0.45459 0.948074
0.455566 0.948903
0.456543 0.949725
0.45752 0.950542
0.458496 0.951352
0.459473 0.952156
0.460449 0.952953
0.461426 0.953744
0.462402 0.954529
0.463379 0.955307
0.464355 0.956079
0.465332 0.956844
0.466309 0.957603
0.467285 0.958356
0.468262 0.959102
0.469238 0.959842
0.470215 0.960575
0.471191 0.961302
0.472168 0.962023
0.473145 0.962737
0.474121 0.963444
0.475098 0.964145
0.476074 0.96484
0.477051 0.965528
0.478027 0.966209
0.479004 0.966884
0.47998 0.967552
0.480957 0.968214
0.481934 0.968869
0.48291 0.969518
0.483887 0.97016
0.484863 0.970796
0.48584 0.971425
0.486816 0.972047
0.487793 0.972662
0.48877 0.973272
0.489746 0.973874
0.490723 0.97447
0.491699 0.975059
0.492676 0.975641
0.493652 0.976217
0.494629 0.976786
0.495605 0.977348
0.496582 0.977904
0.497559 0.978453
0.498535 0.978995
0.499512 0.97953
0.500488 0.980059
0.501465 0.980581
0.502441 0.981096
0.503418 0.981604
0.504395 0.982105
0.505371 0.9826
0.506348 0.983088
0.507324 0.983569
0.508301 0.984043
0.509277 0.984511
0.510254 0.984971
0.51123 0.985425
0.512207 0.985871
0.513184 0.986311
0.51416 0.986744
0.515137 0.98717
0.516113 0.987589
0.51709 0.988001
0.518066 0.988407
0.519043 0.988805
0.52002 0.989196
0.520996 0.98958
0.521973 0.989958
0.522949 0.990328
0.523926 0.990691
0.524902 0.991047
0.525879 0.991396
0.526855 0.991739
0.527832 0.992074
0.528809 0.992402
0.529785 0.992723
0.530762 0.993036
0.531738 0.993343
0.532715 0.993643
0.533691 0.993935
0.534668 0.994221
0.535645 0.994499
0.536621 0.99477
0.537598 0.995034
0.538574 0.99529
0.539551 0.99554
0.540527 0.995782
0.541504 0.996017
0.54248 0.996245
0.543457 0.996465
0.544434 0.996679
0.54541 0.996885
0.546387 0.997083
0.547363 0.997275
0.54834 0.997459
0.549316 0.997636
0.550293 0.997805
0.55127 0.997967
0.552246 0.998122
0.553223 0.99827
0.554199 0.99841
0.555176 0.998542
0.556152 0.998667
0.557129 0.998785
0.558105 0.998896
0.559082 0.998999
0.560059 0.999094
0.561035 0.999182
0.562012 0.999263
0.562988 0.999336
0.563965 0.999402
0.564941 0.99946
0.565918 0.99951
0.566895 0.999553
0.567871 0.999589
0.568848 0.999617
0.569824 0.999637
0.570801 0.99965
0.571777 0.999655
0.572754 0.999652
0.57373 0.999642
0.574707 0.999625
0.575684 0.999599
0.57666 0.999566
0.577637 0.999525
0.578613 0.999477
0.57959 0.999421
0.580566 0.999357
0.581543 0.999285
0.58252 0.999206
0.583496 0.999119
0.584473 0.999024
0.585449 0.998922
0.586426 0.998811
0.587402 0.998693
0.588379 0.998567
0.589355 0.998433
0.590332 0.998291
0.591309 0.998142
0.592285 0.997984
0.593262 0.997819
0.594238 0.997645
0.595215 0.997464
0.596191 0.997275
0.597168 0.997078
0.598145 0.996873
0.599121 0.99666
0.600098 0.996439
0.601074 0.99621
0.602051 0.995973
0.603027 0.995728
0.604004 0.995475
0.60498 0.995214
0.605957 0.994944
0.606934 0.994667
0.60791 0.994382
0.608887 0.994088
0.609863 0.993786
0.61084 0.993477
0.611816 0.993159
0.612793 0.992832
0.61377 0.992498
0.614746 0.992156
0.615723 0.991805
0.616699 0.991446
0.617676 0.991079
0.618652 0.990703
0.619629 0.99032
0.620605 0.989927
0.621582 0.989527
0.622559 0.989118
0.623535 0.988702
0.624512 0.988276
0.625488 0.987842
0.626465 0.9874
0.627441 0.98695
0.628418 0.986491
0.629395 0.986024
0.630371 0.985548
0.631348 0.985064
0.632324 0.984571
0.633301 0.98407
0.634277 0.98356
0.635254 0.983042
0.63623 0.982516
0.637207 0.98198
0.638184 0.981436
0.63916 0.980884
0.640137 0.980323
0.641113 0.979754
0.64209 0.979175
0.643066 0.978588
0.644043 0.977993
0.64502 0.977389
0.645996 0.976776
0.646973 0.976154
0.647949 0.975524
0.648926 0.974885
0.649902 0.974237
0.650879 0.973581
0.651855 0.972915
0.652832 0.972241
0.653809 0.971558
0.654785 0.970866
0.655762 0.970166
0.656738 0.969456
0.657715 0.968738
0.658691 0.968011
0.659668 0.967274
0.660645 0.966529
0.661621 0.965775
0.662598 0.965012
0.663574 0.96424
0.664551 0.963459
0.665527 0.962669
0.666504 0.96187
0.66748 0.961062
0.668457 0.960244
0.669434 0.959418
0.67041 0.958583
0.671387 0.957738
0.672363 0.956884
0.67334 0.956022
0.674316 0.95515
0.675293 0.954268
0.67627 0.953378
0.677246 0.952478
0.678223 0.951569
0.679199 0.950651
0.680176 0.949724
0.681152 0.948787
0.682129 0.947841
0.683105 0.946886
0.684082 0.945921
0.685059 0.944947
0.686035 0.943963
0.687012 0.94297
0.687988 0.941968
0.688965 0.940956
0.689941 0.939935
0.690918 0.938904
0.691895 0.937864
0.692871 0.936814
0.693848 0.935755
0.694824 0.934686
0.695801 0.933608
0.696777 0.93252
0.697754 0.931422
0.69873 0.930315
0.699707 0.929198
0.700684 0.928071
0.70166 0.926935
0.702637 0.925789
0.703613 0.924633
0.70459 0.923468
0.705566 0.922293
0.706543 0.921108
0.70752 0.919913
0.708496 0.918708
0.709473 0.917494
0.710449 0.916269
0.711426 0.915035
0.712402 0.913791
0.713379 0.912537
0.714355 0.911273
0.715332 0.909999
0.716309 0.908715
0.717285 0.907421
0.718262 0.906117
0.719238 0.904803
0.720215 0.903479
0.721191 0.902145
0.722168 0.9008
0.723145 0.899446
0.724121 0.898081
0.725098 0.896707
0.726074 0.895322
0.727051 0.893926
0.728027 0.892521
0.729004 0.891105
0.72998 0.889679
0.730957 0.888243
0.731934 0.886797
0.73291 0.88534
0.733887 0.883873
0.734863 0.882395
0.73584 0.880907
0.736816 0.879408
0.737793 0.8779
0.73877 0.87638
0.739746 0.87485
0.740723 0.87331
0.741699 0.871759
0.742676 0.870198
0.743652 0.868625
0.744629 0.867043
0.745605 0.86545
0.746582 0.863846
0.747559 0.862231
0.748535 0.860606
0.749512 0.85897
0.750488 0.857323
0.751465 0.855665
0.752441 0.853997
0.753418 0.852318
0.754395 0.850628
0.755371 0.848927
0.756348 0.847215
0.757324 0.845493
0.758301 0.843759
0.759277 0.842015
0.760254 0.84026
0.76123 0.838493
0.762207 0.836716
0.763184 0.834927
0.76416 0.833128
0.765137 0.831317
0.766113 0.829495
0.76709 0.827662
0.768066 0.825818
0.769043 0.823963
0.77002 0.822096
0.770996 0.820219
0.771973 0.81833
0.772949 0.816429
0.773926 0.814518
0.774902 0.812595
0.775879 0.810661
0.776855 0.808715
0.777832 0.806758
0.778809 0.804789
0.779785 0.802809
0.780762 0.800818
0.781738 0.798815
0.782715 0.7968
0.783691 0.794774
0.784668 0.792736
0.785645 0.790687
0.786621 0.788626
0.787598 0.786553
0.788574 0.784469
0.789551 0.782373
0.790527 0.780265
0.791504 0.778145
0.79248 0.776014
0.793457 0.773871
0.794434 0.771716
0.79541 0.769549
0.796387 0.76737
0.797363 0.765179
0.79834 0.762976
0.799316 0.760761
0.800293 0.758534
0.80127 0.756295
0.802246 0.754044
0.803223 0.751781
0.804199 0.749506
0.805176 0.747219
0.806152 0.744919
0.807129 0.742607
0.808105 0.740283
0.809082 0.737947
0.810059 0.735598
0.811035 0.733237
0.812012 0.730864
0.812988 0.728478
0.813965 0.72608
0.814941 0.723669
0.815918 0.721246
0.816895 0.71881
0.817871 0.716362
0.818848 0.713902
0.819824 0.711428
0.820801 0.708942
0.821777 0.706444
0.822754 0.703932
0.82373 0.701408
0.824707 0.698871
0.825684 0.696322
0.82666 0.693759
0.827637 0.691184
0.828613 0.688596
0.82959 0.685995
0.830566 0.683381
0.831543 0.680754
0.83252 0.678114
0.833496 0.675461
0.834473 0.672795
0.835449 0.670116
0.836426 0.667423
0.837402 0.664718
0.838379 0.661999
0.839355 0.659267
0.840332 0.656522
0.841309 0.653764
0.842285 0.650992
0.843262 0.648207
0.844238 0.645408
0.845215 0.642596
0.846191 0.639771
0.847168 0.636932
0.848145 0.63408
0.849121 0.631214
0.850098 0.628334
0.851074 0.625441
0.852051 0.622534
0.853027 0.619614
0.854004 0.616679
0.85498 0.613731
0.855957 0.610769
0.856934 0.607794
0.85791 0.604804
0.858887 0.601801
0.859863 0.598783
0.86084 0.595752
0.861816 0.592706
0.862793 0.589647
0.86377 0.586573
0.864746 0.583486
0.865723 0.580384
0.866699 0.577268
0.867676 0.574137
0.868652 0.570993
0.869629 0.567834
0.870605 0.564661
0.871582 0.561473
0.872559 0.558271
0.873535 0.555055
0.874512 0.551824
0.875488 0.548578
0.876465 0.545318
0.877441 0.542043
0.878418 0.538754
0.879395 0.53545
0.880371 0.532131
0.881348 0.528798
0.882324 0.52545
0.883301 0.522086
0.884277 0.518708
0.885254 0.515315
0.88623 0.511907
0.887207 0.508484
0.888184 0.505046
0.88916 0.501593
0.890137 0.498125
0.891113 0.494642
0.89209 0.491143
0.893066 0.487629
0.894043 0.4841
0.89502 0.480556
0.895996 0.476996
0.896973 0.473421
0.897949 0.46983
0.898926 0.466224
0.899902 0.462602
0.900879 0.458965
0.901855 0.455312
0.902832 0.451643
0.903809 0.447959
0.904785 0.444259
0.905762 0.440543
0.906738 0.436811
0.907715 0.433063
0.908691 0.4293
0.909668 0.42552
0.910645 0.421724
0.911621 0.417913
0.912598 0.414085
0.913574 0.410241
0.914551 0.40638
0.915527 0.402504
0.916504 0.398611
0.91748 0.394702
0.918457 0.390777
0.919434 0.386835
0.92041 0.382876
0.921387 0.378901
0.922363 0.37491
0.92334 0.370901
0.924316 0.366876
0.925293 0.362835
0.92627 0.358776
0.927246 0.354701
0.928223 0.350609
0.929199 0.3465
0.930176 0.342374
0.931152 0.338231
0.932129 0.334071
0.933105 0.329893
0.934082 0.325699
0.935059 0.321487
0.936035 0.317258
0.937012 0.313012
0.937988 0.308748
0.938965 0.304467
0.939941 0.300169
0.940918 0.295853
0.941895 0.291519
0.942871 0.287168
0.943848 0.282798
0.944824 0.278412
0.945801 0.274007
0.946777 0.269585
0.947754 0.265144
0.94873 0.260686
0.949707 0.256209
0.950684 0.251715
0.95166 0.247202
0.952637 0.242672
0.953613 0.238123
0.95459 0.233555
0.955566 0.228969
0.956543 0.224365
0.95752 0.219743
0.958496 0.215102
0.959473 0.210442
0.960449 0.205764
0.961426 0.201067
0.962402 0.196351
0.963379 0.191616
0.964355 0.186863
0.965332 0.18209
0.966309 0.177299
0.967285 0.172488
0.968262 0.167658
0.969238 0.16281
0.970215 0.157941
0.971191 0.153054
0.972168 0.148147
0.973145 0.143221
0.974121 0.138275
0.975098 0.13331
0.976074 0.128325
0.977051 0.123321
0.978027 0.118296
0.979004 0.113252
0.97998 0.108188
0.980957 0.103104
0.981934 0.0980003
0.98291 0.0928763
0.983887 0.0877321
0.984863 0.0825677
0.98584 0.0773831
0.986816 0.0721781
0.987793 0.0669526
0.98877 0.0617068
0.989746 0.0564403
0.990723 0.0511533
0.991699 0.0458457
0.992676 0.0405176
0.993652 0.0351691
0.994629 0.0298008
0.995605 0.0244135
0.996582 0.019009
0.997559 0.0135896
0.998535 0.00815868
0.999512 0.0027204
1 0
