0.00195312 0.00338318
0.00585938 0.0101493
0.00976562 0.0169149
0.0136719 0.0236795
0.0175781 0.0304427
0.0214844 0.0372042
0.0253906 0.0439636
0.0292969 0.0507204
0.0332031 0.0574743
0.0371094 0.0642249
0.0410156 0.0709719
0.0449219 0.0777148
0.0488281 0.0844533
0.0527344 0.091187
0.0566406 0.0979156
0.0605469 0.104639
0.0644531 0.111356
0.0683594 0.118067
0.0722656 0.124771
0.0761719 0.131469
0.0800781 0.138159
0.0839844 0.144842
0.0878906 0.151517
0.0917969 0.158184
0.0957031 0.164842
0.0996094 0.171491
0.103516 0.178131
0.107422 0.184762
0.111328 0.191383
0.115234 0.197994
0.119141 0.204594
0.123047 0.211184
0.126953 0.217764
0.130859 0.224332
0.134766 0.230888
0.138672 0.237433
0.142578 0.243966
0.146484 0.250487
0.150391 0.256996
0.154297 0.263492
0.158203 0.269975
0.162109 0.276445
0.166016 0.282902
0.169922 0.289345
0.173828 0.295775
0.177734 0.30219
0.181641 0.308592
0.185547 0.314979
0.189453 0.321352
0.193359 0.32771
0.197266 0.334053
0.201172 0.340381
0.205078 0.346693
0.208984 0.35299
0.212891 0.359272
0.216797 0.365537
0.220703 0.371787
0.224609 0.37802
0.228516 0.384237
0.232422 0.390438
0.236328 0.396622
0.240234 0.402788
0.244141 0.408938
0.248047 0.415071
0.251953 0.421186
0.255859 0.427284
0.259766 0.433364
0.263672 0.439426
0.267578 0.44547
0.271484 0.451496
0.275391 0.457504
0.279297 0.463493
0.283203 0.469463
0.287109 0.475414
0.291016 0.481346
0.294922 0.487259
0.298828 0.493153
0.302734 0.499027
0.306641 0.504882
0.310547 0.510716
0.314453 0.51653
0.318359 0.522324
0.322266 0.528098
0.326172 0.533851
0.330078 0.539583
0.333984 0.545294
0.337891 0.550983
0.341797 0.556652
0.345703 0.562299
0.349609 0.567924
0.353516 0.573527
0.357422 0.579107
0.361328 0.584666
0.365234 0.590202
0.369141 0.595715
0.373047 0.601205
0.376953 0.606671
0.380859 0.612114
0.384766 0.617534
0.388672 0.62293
0.392578 0.628301
0.396484 0.633648
0.400391 0.63897
0.404297 0.644268
0.408203 0.64954
0.412109 0.654787
0.416016 0.660009
0.419922 0.665204
0.423828 0.670374
0.427734 0.675517
0.431641 0.680633
0.435547 0.685723
0.439453 0.690785
0.443359 0.695819
0.447266 0.700826
0.451172 0.705805
0.455078 0.710755
0.458984 0.715677
0.462891 0.72057
0.466797 0.725433
0.470703 0.730266
0.474609 0.73507
0.478516 0.739843
0.482422 0.744586
0.486328 0.749297
0.490234 0.753978
0.494141 0.758626
0.498047 0.763242
0.501953 0.767826
0.505859 0.772377
0.509766 0.776895
0.513672 0.781379
0.517578 0.785829
0.521484 0.790244
0.525391 0.794625
0.529297 0.79897
0.533203 0.80328
0.537109 0.807553
0.541016 0.811789
0.544922 0.815988
0.548828 0.82015
0.552734 0.824273
0.556641 0.828358
0.560547 0.832404
0.564453 0.83641
0.568359 0.840375
0.572266 0.8443
0.576172 0.848183
0.580078 0.852025
0.583984 0.855823
0.587891 0.859579
0.591797 0.863291
0.595703 0.866959
0.599609 0.870581
0.603516 0.874158
0.607422 0.877688
0.611328 0.881171
0.615234 0.884606
0.619141 0.887992
0.623047 0.89133
0.626953 0.894617
0.630859 0.897853
0.634766 0.901037
0.638672 0.904168
0.642578 0.907246
0.646484 0.91027
0.650391 0.913238
0.654297 0.91615
0.658203 0.919005
0.662109 0.921801
0.666016 0.924538
0.669922 0.927215
0.673828 0.92983
0.677734 0.932382
0.681641 0.93487
0.685547 0.937294
0.689453 0.939651
0.693359 0.94194
0.697266 0.944161
0.701172 0.946311
0.705078 0.948389
0.708984 0.950394
0.712891 0.952325
0.716797 0.954178
0.720703 0.955954
0.724609 0.95765
0.728516 0.959264
0.732422 0.960795
0.736328 0.96224
0.740234 0.963598
0.744141 0.964866
0.748047 0.966043
0.751953 0.967125
0.755859 0.968112
0.759766 0.968999
0.763672 0.969785
0.767578 0.970467
0.771484 0.971042
0.775391 0.971507
0.779297 0.971859
0.783203 0.972094
0.787109 0.97221
0.791016 0.972202
0.794922 0.972067
0.798828 0.971801
0.802734 0.971398
0.806641 0.970856
0.810547 0.970169
0.814453 0.969332
0.818359 0.968339
0.822266 0.967184
0.826172 0.965863
0.830078 0.964367
0.833984 0.96269
0.837891 0.960823
0.841797 0.95876
0.845703 0.95649
0.849609 0.954005
0.853516 0.951293
0.857422 0.948342
0.861328 0.945141
0.865234 0.941675
0.869141 0.937927
0.873047 0.933882
0.876953 0.929519
0.880859 0.924815
0.884766 0.919747
0.888672 0.914286
0.892578 0.908398
0.896484 0.902045
0.900391 0.895185
0.904297 0.887764
0.908203 0.879722
0.912109 0.870987
0.916016 0.861473
0.919922 0.851079
0.923828 0.83968
0.927734 0.827131
0.931641 0.813255
0.935547 0.797839
0.939453 0.78063
0.943359 0.761327
0.947266 0.739576
0.951172 0.714964
0.955078 0.687021
0.958984 0.655223
0.962891 0.619009
0.966797 0.577804
0.970703 0.531064
0.974609 0.478337
0.978516 0.419341
0.982422 0.354047
0.986328 0.282767
0.990234 0.206212
0.994141 0.125507
0.998047 0.0421414
