0.00195312 0.00264577
0.00585938 0.00793725
0.00976562 0.0132285
0.0136719 0.0185194
0.0175781 0.0238098
0.0214844 0.0290996
0.0253906 0.0343886
0.0292969 0.0396767
0.0332031 0.0449638
0.0371094 0.0502496
0.0410156 0.0555341
0.0449219 0.0608171
0.0488281 0.0660985
0.0527344 0.0713782
0.0566406 0.076656
0.0605469 0.0819318
0.0644531 0.0872054
0.0683594 0.0924767
0.0722656 0.0977455
0.0761719 0.103012
0.0800781 0.108275
0.0839844 0.113536
0.0878906 0.118794
0.0917969 0.124049
0.0957031 0.1293
0.0996094 0.134549
0.103516 0.139793
0.107422 0.145034
0.111328 0.150272
0.115234 0.155505
0.119141 0.160735
0.123047 0.16596
0.126953 0.171182
0.130859 0.176399
0.134766 0.181611
0.138672 0.186819
0.142578 0.192022
0.146484 0.197221
0.150391 0.202414
0.154297 0.207603
0.158203 0.212786
0.162109 0.217964
0.166016 0.223137
0.169922 0.228304
0.173828 0.233466
0.177734 0.238622
0.181641 0.243772
0.185547 0.248917
0.189453 0.254055
0.193359 0.259187
0.197266 0.264314
0.201172 0.269433
0.205078 0.274547
0.208984 0.279654
0.212891 0.284754
0.216797 0.289848
0.220703 0.294935
0.224609 0.300015
0.228516 0.305088
0.232422 0.310154
0.236328 0.315213
0.240234 0.320264
0.244141 0.325308
0.248047 0.330345
0.251953 0.335375
0.255859 0.340396
0.259766 0.34541
0.263672 0.350417
0.267578 0.355415
0.271484 0.360405
0.275391 0.365388
0.279297 0.370362
0.283203 0.375328
0.287109 0.380286
0.291016 0.385235
0.294922 0.390176
0.298828 0.395108
0.302734 0.400031
0.306641 0.404946
0.310547 0.409852
0.314453 0.414749
0.318359 0.419638
0.322266 0.424517
0.326172 0.429386
0.330078 0.434247
0.333984 0.439098
0.337891 0.44394
0.341797 0.448772
0.345703 0.453595
0.349609 0.458408
0.353516 0.463211
0.357422 0.468004
0.361328 0.472787
0.365234 0.477561
0.369141 0.482324
0.373047 0.487077
0.376953 0.491819
0.380859 0.496551
0.384766 0.501272
0.388672 0.505983
0.392578 0.510683
0.396484 0.515373
0.400391 0.520051
0.404297 0.524718
0.408203 0.529374
0.412109 0.534019
0.416016 0.538653
0.419922 0.543275
0.423828 0.547885
0.427734 0.552484
0.431641 0.557071
0.435547 0.561646
0.439453 0.56621
0.443359 0.570761
0.447266 0.575299
0.451172 0.579826
0.455078 0.58434
0.458984 0.588841
0.462891 0.59333
0.466797 0.597806
0.470703 0.602269
0.474609 0.606719
0.478516 0.611155
0.482422 0.615578
0.486328 0.619988
0.490234 0.624384
0.494141 0.628766
0.498047 0.633135
0.501953 0.637489
0.505859 0.641829
0.509766 0.646155
0.513672 0.650466
0.517578 0.654763
0.521484 0.659045
0.525391 0.663312
0.529297 0.667563
0.533203 0.6718
0.537109 0.676021
0.541016 0.680226
0.544922 0.684415
0.548828 0.688589
0.552734 0.692746
0.556641 0.696887
0.560547 0.701011
0.564453 0.705119
0.568359 0.709209
0.572266 0.713283
0.576172 0.717339
0.580078 0.721377
0.583984 0.725398
0.587891 0.729401
0.591797 0.733385
0.595703 0.737352
0.599609 0.741299
0.603516 0.745228
0.607422 0.749137
0.611328 0.753027
0.615234 0.756897
0.619141 0.760748
0.623047 0.764578
0.626953 0.768388
0.630859 0.772177
0.634766 0.775945
0.638672 0.779692
0.642578 0.783417
0.646484 0.78712
0.650391 0.790801
0.654297 0.79446
0.658203 0.798096
0.662109 0.801708
0.666016 0.805297
0.669922 0.808863
0.673828 0.812403
0.677734 0.81592
0.681641 0.819411
0.685547 0.822877
0.689453 0.826317
0.693359 0.829731
0.697266 0.833119
0.701172 0.836479
0.705078 0.839812
0.708984 0.843117
0.712891 0.846393
0.716797 0.849641
0.720703 0.852859
0.724609 0.856047
0.728516 0.859205
0.732422 0.862332
0.736328 0.865427
0.740234 0.86849
0.744141 0.87152
0.748047 0.874517
0.751953 0.87748
0.755859 0.880408
0.759766 0.883301
0.763672 0.886157
0.767578 0.888977
0.771484 0.891759
0.775391 0.894503
0.779297 0.897207
0.783203 0.899871
0.787109 0.902495
0.791016 0.905076
0.794922 0.907615
0.798828 0.910109
0.802734 0.912559
0.806641 0.914962
0.810547 0.917319
0.814453 0.919627
0.818359 0.921885
0.822266 0.924093
0.826172 0.926248
0.830078 0.928349
0.833984 0.930395
0.837891 0.932384
0.841797 0.934315
0.845703 0.936185
0.849609 0.937993
0.853516 0.939736
0.857422 0.941413
0.861328 0.94302
0.865234 0.944556
0.869141 0.946018
0.873047 0.947401
0.876953 0.948704
0.880859 0.949922
0.884766 0.951049
0.888672 0.952082
0.892578 0.953012
0.896484 0.953834
0.900391 0.954536
0.904297 0.955107
0.908203 0.95553
0.912109 0.955785
0.916016 0.955844
0.919922 0.95567
0.923828 0.95521
0.927734 0.954395
0.931641 0.953124
0.935547 0.951259
0.939453 0.948606
0.943359 0.944889
0.947266 0.939722
0.951172 0.932563
0.955078 0.922653
0.958984 0.908942
0.962891 0.889997
0.966797 0.863907
0.970703 0.828205
0.974609 0.779863
0.978516 0.715446
0.982422 0.631538
0.986328 0.525536
0.990234 0.396774
0.994141 0.247665
0.998047 0.0842752
