0.00195312 0.00259265
0.00585938 0.00777787
0.00976562 0.0129629
0.0136719 0.0181476
0.0175781 0.0233319
0.0214844 0.0285155
0.0253906 0.0336985
0.0292969 0.0388806
0.0332031 0.0440617
0.0371094 0.0492418
0.0410156 0.0544206
0.0449219 0.059598
0.0488281 0.064774
0.0527344 0.0699483
0.0566406 0.075121
0.0605469 0.0802917
0.0644531 0.0854605
0.0683594 0.0906271
0.0722656 0.0957915
0.0761719 0.100954
0.0800781 0.106113
0.0839844 0.11127
0.0878906 0.116424
0.0917969 0.121576
0.0957031 0.126724
0.0996094 0.13187
0.103516 0.137012
0.107422 0.14215
0.111328 0.147286
0.115234 0.152418
0.119141 0.157546
0.123047 0.16267
0.126953 0.167791
0.130859 0.172907
0.134766 0.17802
0.138672 0.183128
0.142578 0.188232
0.146484 0.193331
0.150391 0.198426
0.154297 0.203516
0.158203 0.208601
0.162109 0.213682
0.166016 0.218758
0.169922 0.223828
0.173828 0.228894
0.177734 0.233954
0.181641 0.239009
0.185547 0.244058
0.189453 0.249102
0.193359 0.25414
0.197266 0.259172
0.201172 0.264199
0.205078 0.269219
0.208984 0.274234
0.212891 0.279243
0.216797 0.284245
0.220703 0.289241
0.224609 0.29423
0.228516 0.299214
0.232422 0.30419
0.236328 0.30916
0.240234 0.314123
0.244141 0.31908
0.248047 0.324029
0.251953 0.328972
0.255859 0.333907
0.259766 0.338835
0.263672 0.343756
0.267578 0.34867
0.271484 0.353576
0.275391 0.358475
0.279297 0.363366
0.283203 0.36825
0.287109 0.373126
0.291016 0.377994
0.294922 0.382854
0.298828 0.387706
0.302734 0.39255
0.306641 0.397386
0.310547 0.402214
0.314453 0.407033
0.318359 0.411844
0.322266 0.416647
0.326172 0.421441
0.330078 0.426226
0.333984 0.431003
0.337891 0.43577
0.341797 0.440529
0.345703 0.445279
0.349609 0.45002
0.353516 0.454752
0.357422 0.459475
0.361328 0.464188
0.365234 0.468892
0.369141 0.473586
0.373047 0.478271
0.376953 0.482946
0.380859 0.487612
0.384766 0.492267
0.388672 0.496913
0.392578 0.501549
0.396484 0.506174
0.400391 0.510789
0.404297 0.515395
0.408203 0.519989
0.412109 0.524573
0.416016 0.529147
0.419922 0.53371
0.423828 0.538262
0.427734 0.542804
0.431641 0.547334
0.435547 0.551853
0.439453 0.556361
0.443359 0.560858
0.447266 0.565343
0.451172 0.569817
0.455078 0.57428
0.458984 0.57873
0.462891 0.583169
0.466797 0.587596
0.470703 0.59201
0.474609 0.596413
0.478516 0.600803
0.482422 0.605181
0.486328 0.609546
0.490234 0.613898
0.494141 0.618238
0.498047 0.622565
0.501953 0.626878
0.505859 0.631179
0.509766 0.635466
0.513672 0.639739
0.517578 0.643999
0.521484 0.648246
0.525391 0.652478
0.529297 0.656696
0.533203 0.6609
0.537109 0.66509
0.541016 0.669265
0.544922 0.673425
0.548828 0.677571
0.552734 0.681701
0.556641 0.685817
0.560547 0.689917
0.564453 0.694001
0.568359 0.69807
0.572266 0.702123
0.576172 0.706159
0.580078 0.71018
0.583984 0.714184
0.587891 0.718171
0.591797 0.722142
0.595703 0.726095
0.599609 0.730031
0.603516 0.73395
0.607422 0.737851
0.611328 0.741734
0.615234 0.745598
0.619141 0.749445
0.623047 0.753272
0.626953 0.757081
0.630859 0.760871
0.634766 0.764641
0.638672 0.768392
0.642578 0.772122
0.646484 0.775833
0.650391 0.779523
0.654297 0.783192
0.658203 0.78684
0.662109 0.790467
0.666016 0.794072
0.669922 0.797655
0.673828 0.801216
0.677734 0.804754
0.681641 0.808269
0.685547 0.811761
0.689453 0.815229
0.693359 0.818673
0.697266 0.822093
0.701172 0.825487
0.705078 0.828857
0.708984 0.832201
0.712891 0.835518
0.716797 0.83881
0.720703 0.842074
0.724609 0.845311
0.728516 0.84852
0.732422 0.8517
0.736328 0.854852
0.740234 0.857974
0.744141 0.861067
0.748047 0.864129
0.751953 0.867159
0.755859 0.870158
0.759766 0.873125
0.763672 0.876059
0.767578 0.878959
0.771484 0.881825
0.775391 0.884656
0.779297 0.887452
0.783203 0.890211
0.787109 0.892933
0.791016 0.895616
0.794922 0.898261
0.798828 0.900866
0.802734 0.903431
0.806641 0.905953
0.810547 0.908433
0.814453 0.91087
0.818359 0.913262
0.822266 0.915607
0.826172 0.917906
0.830078 0.920156
0.833984 0.922357
0.837891 0.924507
0.841797 0.926604
0.845703 0.928647
0.849609 0.930634
0.853516 0.932564
0.857422 0.934434
0.861328 0.936243
0.865234 0.937989
0.869141 0.939668
0.873047 0.941278
0.876953 0.942817
0.880859 0.944281
0.884766 0.945665
0.888672 0.946966
0.892578 0.948178
0.896484 0.949293
0.900391 0.950303
0.904297 0.951198
0.908203 0.951962
0.912109 0.952577
0.916016 0.953018
0.919922 0.953249
0.923828 0.953222
0.927734 0.952869
0.931641 0.952096
0.935547 0.95077
0.939453 0.9487
0.943359 0.945621
0.947266 0.94115
0.951172 0.934753
0.955078 0.925674
0.958984 0.912862
0.962891 0.894873
0.966797 0.869768
0.970703 0.835024
0.974609 0.787519
0.978516 0.723674
0.982422 0.639887
0.986328 0.533353
0.990234 0.403249
0.994141 0.251975
0.998047 0.0857912
