0.015625 0.0329961
0.046875 0.0966899
0.078125 0.157548
0.109375 0.214869
0.140625 0.275681
0.171875 0.325923
0.203125 0.373015
0.234375 0.415164
0.265625 0.539916
0.296875 0.573577
0.328125 0.604327
0.359375 0.628887
0.390625 0.675064
0.421875 0.68818
0.453125 0.698664
0.484375 0.696123
0.515625 0.977542
0.546875 0.960473
0.578125 0.94071
0.609375 0.914676
0.640625 0.907704
0.671875 0.870268
0.703125 0.829241
0.734375 0.776619
0.765625 0.789678
0.796875 0.718839
0.828125 0.639786
0.859375 0.548961
0.890625 0.427925
0.921875 0.316857
0.953125 0.190932
0.984375 0.0644369
