0.015625 0.0327756
0.046875 0.0960327
0.078125 0.156452
0.109375 0.213359
0.140625 0.273562
0.171875 0.323435
0.203125 0.370168
0.234375 0.412024
0.265625 0.536365
0.296875 0.569795
0.328125 0.600311
0.359375 0.624665
0.390625 0.670401
0.421875 0.683352
0.453125 0.693635
0.484375 0.691008
0.515625 0.976576
0.546875 0.959508
0.578125 0.939735
0.609375 0.913707
0.640625 0.906627
0.671875 0.869217
0.703125 0.828215
0.734375 0.775656
0.765625 0.789809
0.796875 0.719049
0.828125 0.640077
0.859375 0.54928
0.890625 0.428168
0.921875 0.317063
0.953125 0.191043
0.984375 0.0644726
