0.015625 0.0325587
0.046875 0.0953861
0.078125 0.155374
0.109375 0.211873
0.140625 0.271479
0.171875 0.320989
0.203125 0.367368
0.234375 0.408935
0.265625 0.532843
0.296875 0.566042
0.328125 0.596326
0.359375 0.620476
0.390625 0.665771
0.421875 0.678557
0.453125 0.688642
0.484375 0.685931
0.515625 0.975582
0.546875 0.958518
0.578125 0.938737
0.609375 0.912718
0.640625 0.905532
0.671875 0.86815
0.703125 0.827173
0.734375 0.774678
0.765625 0.789902
0.796875 0.719224
0.828125 0.640335
0.859375 0.549569
0.890625 0.428389
0.921875 0.317253
0.953125 0.191145
0.984375 0.0645052
