0 0
0.000488281 0.00106306
0.00146484 0.00318912
0.00244141 0.00531502
0.00341797 0.00744063
0.00439453 0.00956585
0.00537109 0.0116906
0.00634766 0.0138147
0.00732422 0.0159382
0.00830078 0.0180608
0.00927734 0.0201827
0.0102539 0.0223036
0.0112305 0.0244236
0.012207 0.0265425
0.0131836 0.0286603
0.0141602 0.0307771
0.0151367 0.0328926
0.0161133 0.0350071
0.0170898 0.0371203
0.0180664 0.0392322
0.019043 0.041343
0.0200195 0.0434525
0.0209961 0.0455607
0.0219727 0.0476676
0.0229492 0.0497733
0.0239258 0.0518777
0.0249023 0.0539808
0.0258789 0.0560826
0.0268555 0.0581831
0.027832 0.0602823
0.0288086 0.0623802
0.0297852 0.0644768
0.0307617 0.0665721
0.0317383 0.068666
0.0327148 0.0707587
0.0336914 0.07285
0.034668 0.07494
0.0356445 0.0770287
0.0366211 0.0791161
0.0375977 0.0812022
0.0385742 0.0832869
0.0395508 0.0853703
0.0405273 0.0874524
0.0415039 0.0895332
0.0424805 0.0916126
0.043457 0.0936906
0.0444336 0.0957674
0.0454102 0.0978428
0.0463867 0.0999168
0.0473633 0.10199
0.0483398 0.104061
0.0493164 0.106131
0.050293 0.1082
0.0512695 0.110267
0.0522461 0.112333
0.0532227 0.114397
0.0541992 0.116461
0.0551758 0.118523
0.0561523 0.120583
0.0571289 0.122642
0.0581055 0.1247
0.059082 0.126757
0.0600586 0.128812
0.0610352 0.130865
0.0620117 0.132918
0.0629883 0.134969
0.0639648 0.137018
0.0649414 0.139066
0.065918 0.141113
0.0668945 0.143158
0.0678711 0.145203
0.0688477 0.147245
0.0698242 0.149286
0.0708008 0.151326
0.0717773 0.153365
0.0727539 0.155402
0.0737305 0.157437
0.074707 0.159472
0.0756836 0.161504
0.0766602 0.163536
0.0776367 0.165566
0.0786133 0.167595
0.0795898 0.169622
0.0805664 0.171648
0.081543 0.173672
0.0825195 0.175695
0.0834961 0.177716
0.0844727 0.179736
0.0854492 0.181755
0.0864258 0.183772
0.0874023 0.185788
0.0883789 0.187803
0.0893555 0.189815
0.090332 0.191827
0.0913086 0.193837
0.0922852 0.195846
0.0932617 0.197853
0.0942383 0.199859
0.0952148 0.201863
0.0961914 0.203866
0.097168 0.205867
0.0981445 0.207867
0.0991211 0.209865
0.100098 0.211862
0.101074 0.213858
0.102051 0.215852
0.103027 0.217845
0.104004 0.219836
0.10498 0.221825
0.105957 0.223814
0.106934 0.2258
0.10791 0.227785
0.108887 0.229769
0.109863 0.231751
0.11084 0.233732
0.111816 0.235712
0.112793 0.237689
0.11377 0.239666
0.114746 0.24164
0.115723 0.243614
0.116699 0.245585
0.117676 0.247556
0.118652 0.249525
0.119629 0.251492
0.120605 0.253458
0.121582 0.255422
0.122559 0.257385
0.123535 0.259346
0.124512 0.261305
0.125488 0.263264
0.126465 0.26522
0.127441 0.267175
0.128418 0.269129
0.129395 0.271081
0.130371 0.273031
0.131348 0.27498
0.132324 0.276928
0.133301 0.278874
0.134277 0.280818
0.135254 0.282761
0.13623 0.284702
0.137207 0.286642
0.138184 0.28858
0.13916 0.290516
0.140137 0.292451
0.141113 0.294385
0.14209 0.296317
0.143066 0.298247
0.144043 0.300176
0.14502 0.302103
0.145996 0.304028
0.146973 0.305952
0.147949 0.307875
0.148926 0.309795
0.149902 0.311715
0.150879 0.313632
0.151855 0.315548
0.152832 0.317463
0.153809 0.319376
0.154785 0.321287
0.155762 0.323196
0.156738 0.325105
0.157715 0.327011
0.158691 0.328916
0.159668 0.330819
0.160645 0.33272
0.161621 0.33462
0.162598 0.336519
0.163574 0.338415
0.164551 0.34031
0.165527 0.342204
0.166504 0.344096
0.16748 0.345986
0.168457 0.347874
0.169434 0.349761
0.17041 0.351646
0.171387 0.35353
0.172363 0.355412
0.17334 0.357292
0.174316 0.359171
0.175293 0.361048
0.17627 0.362923
0.177246 0.364796
0.178223 0.366668
0.179199 0.368539
0.180176 0.370407
0.181152 0.372274
0.182129 0.374139
0.183105 0.376003
0.184082 0.377865
0.185059 0.379725
0.186035 0.381583
0.187012 0.38344
0.187988 0.385295
0.188965 0.387148
0.189941 0.389
0.190918 0.39085
0.191895 0.392698
0.192871 0.394545
0.193848 0.39639
0.194824 0.398233
0.195801 0.400074
0.196777 0.401914
0.197754 0.403752
0.19873 0.405588
0.199707 0.407422
0.200684 0.409255
0.20166 0.411086
0.202637 0.412915
0.203613 0.414742
0.20459 0.416568
0.205566 0.418392
0.206543 0.420214
0.20752 0.422035
0.208496 0.423853
0.209473 0.42567
0.210449 0.427485
0.211426 0.429299
0.212402 0.43111
0.213379 0.43292
0.214355 0.434728
0.215332 0.436534
0.216309 0.438338
0.217285 0.440141
0.218262 0.441942
0.219238 0.443741
0.220215 0.445538
0.221191 0.447333
0.222168 0.449127
0.223145 0.450919
0.224121 0.452709
0.225098 0.454497
0.226074 0.456283
0.227051 0.458068
0.228027 0.45985
0.229004 0.461631
0.22998 0.46341
0.230957 0.465187
0.231934 0.466963
0.23291 0.468736
0.233887 0.470508
0.234863 0.472277
0.23584 0.474045
0.236816 0.475811
0.237793 0.477575
0.23877 0.479338
0.239746 0.481098
0.240723 0.482857
0.241699 0.484613
0.242676 0.486368
0.243652 0.488121
0.244629 0.489872
0.245605 0.491621
0.246582 0.493368
0.247559 0.495113
0.248535 0.496857
0.249512 0.498598
0.250488 0.500338
0.251465 0.502075
0.252441 0.503811
0.253418 0.505545
0.254395 0.507277
0.255371 0.509007
0.256348 0.510735
0.257324 0.512461
0.258301 0.514185
0.259277 0.515907
0.260254 0.517627
0.26123 0.519346
0.262207 0.521062
0.263184 0.522776
0.26416 0.524489
0.265137 0.526199
0.266113 0.527907
0.26709 0.529614
0.268066 0.531318
0.269043 0.533021
0.27002 0.534721
0.270996 0.53642
0.271973 0.538116
0.272949 0.539811
0.273926 0.541504
0.274902 0.543194
0.275879 0.544883
0.276855 0.546569
0.277832 0.548253
0.278809 0.549936
0.279785 0.551616
0.280762 0.553295
0.281738 0.554971
0.282715 0.556645
0.283691 0.558318
0.284668 0.559988
0.285645 0.561656
0.286621 0.563322
0.287598 0.564986
0.288574 0.566648
0.289551 0.568308
0.290527 0.569966
0.291504 0.571621
0.29248 0.573275
0.293457 0.574927
0.294434 0.576576
0.29541 0.578224
0.296387 0.579869
0.297363 0.581512
0.29834 0.583153
0.299316 0.584792
0.300293 0.586429
0.30127 0.588064
0.302246 0.589696
0.303223 0.591327
0.304199 0.592955
0.305176 0.594581
0.306152 0.596205
0.307129 0.597827
0.308105 0.599447
0.309082 0.601065
0.310059 0.60268
0.311035 0.604293
0.312012 0.605904
0.312988 0.607513
0.313965 0.60912
0.314941 0.610725
0.315918 0.612327
0.316895 0.613927
0.317871 0.615525
0.318848 0.617121
0.319824 0.618715
0.320801 0.620306
0.321777 0.621895
0.322754 0.623482
0.32373 0.625067
0.324707 0.626649
0.325684 0.62823
0.32666 0.629808
0.327637 0.631383
0.328613 0.632957
0.32959 0.634528
0.330566 0.636097
0.331543 0.637664
0.33252 0.639228
0.333496 0.640791
0.334473 0.642351
0.335449 0.643908
0.336426 0.645464
0.337402 0.647017
0.338379 0.648567
0.339355 0.650116
0.340332 0.651662
0.341309 0.653206
0.342285 0.654747
0.343262 0.656287
0.344238 0.657823
0.345215 0.659358
0.346191 0.66089
0.347168 0.66242
0.348145 0.663947
0.349121 0.665473
0.350098 0.666995
0.351074 0.668516
0.352051 0.670034
0.353027 0.67155
0.354004 0.673063
0.35498 0.674574
0.355957 0.676082
0.356934 0.677588
0.35791 0.679092
0.358887 0.680594
0.359863 0.682092
0.36084 0.683589
0.361816 0.685083
0.362793 0.686575
0.36377 0.688064
0.364746 0.689551
0.365723 0.691035
0.366699 0.692517
0.367676 0.693996
0.368652 0.695473
0.369629 0.696948
0.370605 0.69842
0.371582 0.699889
0.372559 0.701356
0.373535 0.702821
0.374512 0.704283
0.375488 0.705743
0.376465 0.7072
0.377441 0.708654
0.378418 0.710106
0.379395 0.711556
0.380371 0.713003
0.381348 0.714447
0.382324 0.715889
0.383301 0.717328
0.384277 0.718765
0.385254 0.720199
0.38623 0.721631
0.387207 0.72306
0.388184 0.724487
0.38916 0.725911
0.390137 0.727332
0.391113 0.728751
0.39209 0.730167
0.393066 0.73158
0.394043 0.732991
0.39502 0.7344
0.395996 0.735805
0.396973 0.737208
0.397949 0.738609
0.398926 0.740007
0.399902 0.741402
0.400879 0.742794
0.401855 0.744184
0.402832 0.745571
0.403809 0.746955
0.404785 0.748337
0.405762 0.749716
0.406738 0.751093
0.407715 0.752466
0.408691 0.753837
0.409668 0.755206
0.410645 0.756571
0.411621 0.757934
0.412598 0.759294
0.413574 0.760651
0.414551 0.762006
0.415527 0.763358
0.416504 0.764707
0.41748 0.766053
0.418457 0.767396
0.419434 0.768737
0.42041 0.770075
0.421387 0.77141
0.422363 0.772742
0.42334 0.774072
0.424316 0.775399
0.425293 0.776722
0.42627 0.778043
0.427246 0.779362
0.428223 0.780677
0.429199 0.781989
0.430176 0.783299
0.431152 0.784606
0.432129 0.78591
0.433105 0.787211
0.434082 0.788509
0.435059 0.789804
0.436035 0.791096
0.437012 0.792386
0.437988 0.793672
0.438965 0.794956
0.439941 0.796236
0.440918 0.797514
0.441895 0.798789
0.442871 0.800061
0.443848 0.801329
0.444824 0.802595
0.445801 0.803858
0.446777 0.805118
0.447754 0.806375
0.44873 0.807629
0.449707 0.808879
0.450684 0.810127
0.45166 0.811372
0.452637 0.812614
0.453613 0.813853
0.45459 0.815088
0.455566 0.816321
0.456543 0.81755
0.45752 0.818777
0.458496 0.82
0.459473 0.821221
0.460449 0.822438
0.461426 0.823652
0.462402 0.824863
0.463379 0.826071
0.464355 0.827275
0.465332 0.828477
0.466309 0.829675
0.467285 0.830871
0.468262 0.832063
0.469238 0.833252
0.470215 0.834438
0.471191 0.83562
0.472168 0.836799
0.473145 0.837976
0.474121 0.839149
0.475098 0.840318
0.476074 0.841485
0.477051 0.842648
0.478027 0.843808
0.479004 0.844965
0.47998 0.846118
0.480957 0.847268
0.481934 0.848415
0.48291 0.849559
0.483887 0.850699
0.484863 0.851836
0.48584 0.852969
0.486816 0.8541
0.487793 0.855227
0.48877 0.85635
0.489746 0.857471
0.490723 0.858587
0.491699 0.859701
0.492676 0.860811
0.493652 0.861918
0.494629 0.863021
0.495605 0.864121
0.496582 0.865217
0.497559 0.86631
0.498535 0.8674
0.499512 0.868486
0.500488 0.869568
0.501465 0.870647
0.502441 0.871723
0.503418 0.872795
0.504395 0.873864
0.505371 0.874929
0.506348 0.87599
0.507324 0.877048
0.508301 0.878103
0.509277 0.879154
0.510254 0.880201
0.51123 0.881245
0.512207 0.882285
0.513184 0.883322
0.51416 0.884355
0.515137 0.885384
0.516113 0.88641
0.51709 0.887432
0.518066 0.88845
0.519043 0.889465
0.52002 0.890476
0.520996 0.891483
0.521973 0.892487
0.522949 0.893487
0.523926 0.894483
0.524902 0.895476
0.525879 0.896464
0.526855 0.897449
0.527832 0.898431
0.528809 0.899408
0.529785 0.900382
0.530762 0.901352
0.531738 0.902318
0.532715 0.90328
0.533691 0.904238
0.534668 0.905193
0.535645 0.906143
0.536621 0.90709
0.537598 0.908033
0.538574 0.908972
0.539551 0.909907
0.540527 0.910838
0.541504 0.911766
0.54248 0.912689
0.543457 0.913608
0.544434 0.914524
0.54541 0.915435
0.546387 0.916343
0.547363 0.917246
0.54834 0.918145
0.549316 0.919041
0.550293 0.919932
0.55127 0.920819
0.552246 0.921703
0.553223 0.922582
0.554199 0.923457
0.555176 0.924328
0.556152 0.925194
0.557129 0.926057
0.558105 0.926915
0.559082 0.92777
0.560059 0.92862
0.561035 0.929466
0.562012 0.930308
0.562988 0.931145
0.563965 0.931978
0.564941 0.932807
0.565918 0.933632
0.566895 0.934453
0.567871 0.935269
0.568848 0.936081
0.569824 0.936889
0.570801 0.937692
0.571777 0.938491
0.572754 0.939285
0.57373 0.940076
0.574707 0.940861
0.575684 0.941643
0.57666 0.94242
0.577637 0.943192
0.578613 0.94396
0.57959 0.944724
0.580566 0.945483
0.581543 0.946238
0.58252 0.946988
0.583496 0.947734
0.584473 0.948475
0.585449 0.949211
0.586426 0.949943
0.587402 0.950671
0.588379 0.951394
0.589355 0.952112
0.590332 0.952825
0.591309 0.953534
0.592285 0.954238
0.593262 0.954938
0.594238 0.955633
0.595215 0.956323
0.596191 0.957008
0.597168 0.957689
0.598145 0.958365
0.599121 0.959036
0.600098 0.959702
0.601074 0.960364
0.602051 0.96102
0.603027 0.961672
0.604004 0.962319
0.60498 0.962961
0.605957 0.963598
0.606934 0.96423
0.60791 0.964858
0.608887 0.96548
0.609863 0.966097
0.61084 0.96671
0.611816 0.967317
0.612793 0.967919
0.61377 0.968516
0.614746 0.969109
0.615723 0.969696
0.616699 0.970278
0.617676 0.970855
0.618652 0.971426
0.619629 0.971993
0.620605 0.972554
0.621582 0.97311
0.622559 0.973661
0.623535 0.974207
0.624512 0.974747
0.625488 0.975283
0.626465 0.975812
0.627441 0.976337
0.628418 0.976856
0.629395 0.97737
0.630371 0.977878
0.631348 0.978382
0.632324 0.978879
0.633301 0.979371
0.634277 0.979858
0.635254 0.980339
0.63623 0.980815
0.637207 0.981285
0.638184 0.98175
0.63916 0.982209
0.640137 0.982662
0.641113 0.98311
0.64209 0.983552
0.643066 0.983989
0.644043 0.98442
0.64502 0.984845
0.645996 0.985264
0.646973 0.985678
0.647949 0.986086
0.648926 0.986488
0.649902 0.986884
0.650879 0.987274
0.651855 0.987659
0.652832 0.988038
0.653809 0.98841
0.654785 0.988777
0.655762 0.989138
0.656738 0.989493
0.657715 0.989842
0.658691 0.990184
0.659668 0.990521
0.660645 0.990852
0.661621 0.991176
0.662598 0.991494
0.663574 0.991806
0.664551 0.992112
0.665527 0.992412
0.666504 0.992706
0.66748 0.992993
0.668457 0.993274
0.669434 0.993548
0.67041 0.993816
0.671387 0.994078
0.672363 0.994334
0.67334 0.994583
0.674316 0.994825
0.675293 0.995061
0.67627 0.995291
0.677246 0.995513
0.678223 0.99573
0.679199 0.99594
0.680176 0.996143
0.681152 0.996339
0.682129 0.996529
0.683105 0.996712
0.684082 0.996888
0.685059 0.997057
0.686035 0.99722
0.687012 0.997376
0.687988 0.997525
0.688965 0.997667
0.689941 0.997802
0.690918 0.99793
0.691895 0.998051
0.692871 0.998165
0.693848 0.998272
0.694824 0.998371
0.695801 0.998464
0.696777 0.99855
0.697754 0.998628
0.69873 0.998699
0.699707 0.998763
0.700684 0.998819
0.70166 0.998868
0.702637 0.99891
0.703613 0.998944
0.70459 0.998971
0.705566 0.998991
0.706543 0.999002
0.70752 0.999007
0.708496 0.999003
0.709473 0.998992
0.710449 0.998974
0.711426 0.998948
0.712402 0.998914
0.713379 0.998872
0.714355 0.998822
0.715332 0.998765
0.716309 0.998699
0.717285 0.998626
0.718262 0.998545
0.719238 0.998455
0.720215 0.998358
0.721191 0.998252
0.722168 0.998139
0.723145 0.998017
0.724121 0.997887
0.725098 0.997749
0.726074 0.997602
0.727051 0.997447
0.728027 0.997284
0.729004 0.997112
0.72998 0.996932
0.730957 0.996743
0.731934 0.996545
0.73291 0.996339
0.733887 0.996125
0.734863 0.995901
0.73584 0.995669
0.736816 0.995428
0.737793 0.995179
0.73877 0.99492
0.739746 0.994652
0.740723 0.994376
0.741699 0.99409
0.742676 0.993795
0.743652 0.993492
0.744629 0.993179
0.745605 0.992856
0.746582 0.992525
0.747559 0.992184
0.748535 0.991833
0.749512 0.991474
0.750488 0.991104
0.751465 0.990725
0.752441 0.990337
0.753418 0.989939
0.754395 0.989531
0.755371 0.989113
0.756348 0.988686
0.757324 0.988249
0.758301 0.987801
0.759277 0.987344
0.760254 0.986877
0.76123 0.986399
0.762207 0.985912
0.763184 0.985414
0.76416 0.984905
0.765137 0.984387
0.766113 0.983858
0.76709 0.983318
0.768066 0.982768
0.769043 0.982208
0.77002 0.981636
0.770996 0.981054
0.771973 0.980461
0.772949 0.979858
0.773926 0.979243
0.774902 0.978617
0.775879 0.97798
0.776855 0.977332
0.777832 0.976673
0.778809 0.976002
0.779785 0.975321
0.780762 0.974627
0.781738 0.973922
0.782715 0.973206
0.783691 0.972478
0.784668 0.971738
0.785645 0.970986
0.786621 0.970223
0.787598 0.969447
0.788574 0.96866
0.789551 0.96786
0.790527 0.967048
0.791504 0.966224
0.79248 0.965387
0.793457 0.964538
0.794434 0.963677
0.79541 0.962803
0.796387 0.961916
0.797363 0.961016
0.79834 0.960103
0.799316 0.959178
0.800293 0.958239
0.80127 0.957287
0.802246 0.956322
0.803223 0.955344
0.804199 0.954352
0.805176 0.953346
0.806152 0.952327
0.807129 0.951294
0.808105 0.950248
0.809082 0.949187
0.810059 0.948113
0.811035 0.947024
0.812012 0.945921
0.812988 0.944803
0.813965 0.943672
0.814941 0.942525
0.815918 0.941364
0.816895 0.940188
0.817871 0.938998
0.818848 0.937792
0.819824 0.936571
0.820801 0.935335
0.821777 0.934083
0.822754 0.932816
0.82373 0.931533
0.824707 0.930235
0.825684 0.928921
0.82666 0.927591
0.827637 0.926244
0.828613 0.924882
0.82959 0.923503
0.830566 0.922107
0.831543 0.920695
0.83252 0.919266
0.833496 0.91782
0.834473 0.916357
0.835449 0.914877
0.836426 0.91338
0.837402 0.911865
0.838379 0.910332
0.839355 0.908782
0.840332 0.907214
0.841309 0.905627
0.842285 0.904022
0.843262 0.902399
0.844238 0.900757
0.845215 0.899097
0.846191 0.897417
0.847168 0.895719
0.848145 0.894001
0.849121 0.892264
0.850098 0.890507
0.851074 0.88873
0.852051 0.886933
0.853027 0.885116
0.854004 0.883279
0.85498 0.881421
0.855957 0.879543
0.856934 0.877643
0.85791 0.875723
0.858887 0.87378
0.859863 0.871817
0.86084 0.869831
0.861816 0.867824
0.862793 0.865794
0.86377 0.863742
0.864746 0.861667
0.865723 0.85957
0.866699 0.857449
0.867676 0.855305
0.868652 0.853137
0.869629 0.850945
0.870605 0.84873
0.871582 0.846489
0.872559 0.844225
0.873535 0.841935
0.874512 0.83962
0.875488 0.83728
0.876465 0.834914
0.877441 0.832522
0.878418 0.830103
0.879395 0.827658
0.880371 0.825186
0.881348 0.822687
0.882324 0.820161
0.883301 0.817606
0.884277 0.815024
0.885254 0.812413
0.88623 0.809773
0.887207 0.807103
0.888184 0.804405
0.88916 0.801676
0.890137 0.798917
0.891113 0.796128
0.89209 0.793307
0.893066 0.790455
0.894043 0.787572
0.89502 0.784656
0.895996 0.781707
0.896973 0.778725
0.897949 0.77571
0.898926 0.772661
0.899902 0.769578
0.900879 0.766459
0.901855 0.763305
0.902832 0.760116
0.903809 0.75689
0.904785 0.753627
0.905762 0.750327
0.906738 0.746989
0.907715 0.743613
0.908691 0.740197
0.909668 0.736742
0.910645 0.733247
0.911621 0.729711
0.912598 0.726134
0.913574 0.722514
0.914551 0.718852
0.915527 0.715147
0.916504 0.711398
0.91748 0.707604
0.918457 0.703764
0.919434 0.699878
0.92041 0.695945
0.921387 0.691965
0.922363 0.687936
0.92334 0.683857
0.924316 0.679729
0.925293 0.675549
0.92627 0.671317
0.927246 0.667032
0.928223 0.662693
0.929199 0.6583
0.930176 0.65385
0.931152 0.649343
0.932129 0.644779
0.933105 0.640155
0.934082 0.63547
0.935059 0.630725
0.936035 0.625916
0.937012 0.621043
0.937988 0.616105
0.938965 0.6111
0.939941 0.606027
0.940918 0.600884
0.941895 0.59567
0.942871 0.590383
0.943848 0.585021
0.944824 0.579584
0.945801 0.574068
0.946777 0.568473
0.947754 0.562796
0.94873 0.557035
0.949707 0.551189
0.950684 0.545255
0.95166 0.53923
0.952637 0.533113
0.953613 0.5269
0.95459 0.520591
0.955566 0.51418
0.956543 0.507667
0.95752 0.501047
0.958496 0.494318
0.959473 0.487477
0.960449 0.480519
0.961426 0.473443
0.962402 0.466242
0.963379 0.458914
0.964355 0.451455
0.965332 0.443859
0.966309 0.436122
0.967285 0.42824
0.968262 0.420206
0.969238 0.412015
0.970215 0.403661
0.971191 0.395137
0.972168 0.386437
0.973145 0.377554
0.974121 0.368478
0.975098 0.359202
0.976074 0.349716
0.977051 0.340012
0.978027 0.330077
0.979004 0.3199
0.97998 0.309468
0.980957 0.298769
0.981934 0.287786
0.98291 0.276502
0.983887 0.2649
0.984863 0.252959
0.98584 0.240656
0.986816 0.227966
0.987793 0.21486
0.98877 0.201305
0.989746 0.187266
0.990723 0.172698
0.991699 0.157555
0.992676 0.14178
0.993652 0.125313
0.994629 0.108093
0.995605 0.0900667
0.996582 0.0712129
0.997559 0.0515665
0.998535 0.0312469
0.999512 0.0104699
1 0
