0.00195312 0.00186742
0.00585938 0.00560223
0.00976562 0.009337
0.0136719 0.0130717
0.0175781 0.0168062
0.0214844 0.0205406
0.0253906 0.0242749
0.0292969 0.0280089
0.0332031 0.0317426
0.0371094 0.035476
0.0410156 0.0392091
0.0449219 0.0429419
0.0488281 0.0466743
0.0527344 0.0504062
0.0566406 0.0541377
0.0605469 0.0578686
0.0644531 0.0615991
0.0683594 0.065329
0.0722656 0.0690583
0.0761719 0.0727869
0.0800781 0.0765149
0.0839844 0.0802422
0.0878906 0.0839687
0.0917969 0.0876945
0.0957031 0.0914195
0.0996094 0.0951437
0.103516 0.0988669
0.107422 0.102589
0.111328 0.106311
0.115234 0.110031
0.119141 0.113751
0.123047 0.117469
0.126953 0.121187
0.130859 0.124903
0.134766 0.128618
0.138672 0.132332
0.142578 0.136045
0.146484 0.139756
0.150391 0.143467
0.154297 0.147176
0.158203 0.150884
0.162109 0.15459
0.166016 0.158295
0.169922 0.161998
0.173828 0.165701
0.177734 0.169401
0.181641 0.1731
0.185547 0.176798
0.189453 0.180494
0.193359 0.184188
0.197266 0.187881
0.201172 0.191572
0.205078 0.195262
0.208984 0.198949
0.212891 0.202635
0.216797 0.206319
0.220703 0.210002
0.224609 0.213682
0.228516 0.217361
0.232422 0.221037
0.236328 0.224712
0.240234 0.228385
0.244141 0.232056
0.248047 0.235724
0.251953 0.239391
0.255859 0.243056
0.259766 0.246718
0.263672 0.250378
0.267578 0.254037
0.271484 0.257693
0.275391 0.261346
0.279297 0.264998
0.283203 0.268647
0.287109 0.272294
0.291016 0.275938
0.294922 0.279581
0.298828 0.28322
0.302734 0.286858
0.306641 0.290493
0.310547 0.294125
0.314453 0.297755
0.318359 0.301382
0.322266 0.305007
0.326172 0.308629
0.330078 0.312249
0.333984 0.315866
0.337891 0.31948
0.341797 0.323092
0.345703 0.3267
0.349609 0.330306
0.353516 0.33391
0.357422 0.33751
0.361328 0.341107
0.365234 0.344702
0.369141 0.348294
0.373047 0.351883
0.376953 0.355469
0.380859 0.359052
0.384766 0.362631
0.388672 0.366208
0.392578 0.369782
0.396484 0.373353
0.400391 0.37692
0.404297 0.380485
0.408203 0.384046
0.412109 0.387604
0.416016 0.391158
0.419922 0.39471
0.423828 0.398258
0.427734 0.401803
0.431641 0.405344
0.435547 0.408882
0.439453 0.412417
0.443359 0.415948
0.447266 0.419476
0.451172 0.423
0.455078 0.426521
0.458984 0.430038
0.462891 0.433551
0.466797 0.437061
0.470703 0.440567
0.474609 0.44407
0.478516 0.447569
0.482422 0.451064
0.486328 0.454555
0.490234 0.458042
0.494141 0.461526
0.498047 0.465006
0.501953 0.468482
0.505859 0.471953
0.509766 0.475421
0.513672 0.478885
0.517578 0.482345
0.521484 0.485801
0.525391 0.489252
0.529297 0.4927
0.533203 0.496143
0.537109 0.499582
0.541016 0.503017
0.544922 0.506447
0.548828 0.509873
0.552734 0.513295
0.556641 0.516713
0.560547 0.520126
0.564453 0.523534
0.568359 0.526938
0.572266 0.530337
0.576172 0.533732
0.580078 0.537122
0.583984 0.540508
0.587891 0.543889
0.591797 0.547265
0.595703 0.550636
0.599609 0.554002
0.603516 0.557364
0.607422 0.56072
0.611328 0.564072
0.615234 0.567418
0.619141 0.57076
0.623047 0.574096
0.626953 0.577427
0.630859 0.580753
0.634766 0.584074
0.638672 0.587389
0.642578 0.590699
0.646484 0.594004
0.650391 0.597303
0.654297 0.600597
0.658203 0.603885
0.662109 0.607167
0.666016 0.610444
0.669922 0.613715
0.673828 0.61698
0.677734 0.62024
0.681641 0.623493
0.685547 0.626741
0.689453 0.629982
0.693359 0.633218
0.697266 0.636447
0.701172 0.63967
0.705078 0.642887
0.708984 0.646098
0.712891 0.649302
0.716797 0.6525
0.720703 0.655691
0.724609 0.658875
0.728516 0.662053
0.732422 0.665224
0.736328 0.668389
0.740234 0.671546
0.744141 0.674697
0.748047 0.67784
0.751953 0.680976
0.755859 0.684105
0.759766 0.687227
0.763672 0.690341
0.767578 0.693448
0.771484 0.696547
0.775391 0.699639
0.779297 0.702723
0.783203 0.705799
0.787109 0.708867
0.791016 0.711927
0.794922 0.714979
0.798828 0.718023
0.802734 0.721058
0.806641 0.724085
0.810547 0.727104
0.814453 0.730114
0.818359 0.733114
0.822266 0.736106
0.826172 0.739089
0.830078 0.742063
0.833984 0.745028
0.837891 0.747983
0.841797 0.750928
0.845703 0.753863
0.849609 0.756788
0.853516 0.759703
0.857422 0.762607
0.861328 0.7655
0.865234 0.768382
0.869141 0.771251
0.873047 0.774107
0.876953 0.776949
0.880859 0.779775
0.884766 0.782583
0.888672 0.785371
0.892578 0.788133
0.896484 0.790866
0.900391 0.793562
0.904297 0.796209
0.908203 0.798793
0.912109 0.801295
0.916016 0.803684
0.919922 0.805922
0.923828 0.807952
0.927734 0.809697
0.931641 0.811046
0.935547 0.811848
0.939453 0.811891
0.943359 0.81088
0.947266 0.808409
0.951172 0.803921
0.955078 0.796655
0.958984 0.785594
0.962891 0.769394
0.966797 0.746327
0.970703 0.714261
0.974609 0.6707
0.978516 0.612976
0.982422 0.538631
0.986328 0.446043
0.990234 0.335214
0.994141 0.208487
0.998047 0.0708025
