0.00195312 0.00184093
0.00585938 0.00552277
0.00976562 0.00920456
0.0136719 0.0128863
0.0175781 0.0165679
0.0214844 0.0202493
0.0253906 0.0239306
0.0292969 0.0276116
0.0332031 0.0312925
0.0371094 0.034973
0.0410156 0.0386532
0.0449219 0.0423331
0.0488281 0.0460126
0.0527344 0.0496918
0.0566406 0.0533704
0.0605469 0.0570487
0.0644531 0.0607264
0.0683594 0.0644035
0.0722656 0.0680802
0.0761719 0.0717562
0.0800781 0.0754316
0.0839844 0.0791063
0.0878906 0.0827803
0.0917969 0.0864536
0.0957031 0.0901262
0.0996094 0.093798
0.103516 0.0974689
0.107422 0.101139
0.111328 0.104808
0.115234 0.108477
0.119141 0.112144
0.123047 0.11581
0.126953 0.119476
0.130859 0.12314
0.134766 0.126803
0.138672 0.130465
0.142578 0.134127
0.146484 0.137786
0.150391 0.141445
0.154297 0.145103
0.158203 0.148759
0.162109 0.152414
0.166016 0.156067
0.169922 0.15972
0.173828 0.163371
0.177734 0.16702
0.181641 0.170668
0.185547 0.174315
0.189453 0.17796
0.193359 0.181604
0.197266 0.185246
0.201172 0.188886
0.205078 0.192525
0.208984 0.196163
0.212891 0.199798
0.216797 0.203432
0.220703 0.207064
0.224609 0.210695
0.228516 0.214323
0.232422 0.21795
0.236328 0.221575
0.240234 0.225199
0.244141 0.22882
0.248047 0.232439
0.251953 0.236057
0.255859 0.239672
0.259766 0.243286
0.263672 0.246897
0.267578 0.250506
0.271484 0.254114
0.275391 0.257719
0.279297 0.261322
0.283203 0.264923
0.287109 0.268521
0.291016 0.272118
0.294922 0.275712
0.298828 0.279304
0.302734 0.282894
0.306641 0.286481
0.310547 0.290066
0.314453 0.293649
0.318359 0.297229
0.322266 0.300806
0.326172 0.304382
0.330078 0.307955
0.333984 0.311525
0.337891 0.315093
0.341797 0.318658
0.345703 0.32222
0.349609 0.32578
0.353516 0.329338
0.357422 0.332892
0.361328 0.336444
0.365234 0.339993
0.369141 0.34354
0.373047 0.347083
0.376953 0.350624
0.380859 0.354162
0.384766 0.357697
0.388672 0.36123
0.392578 0.364759
0.396484 0.368285
0.400391 0.371809
0.404297 0.375329
0.408203 0.378847
0.412109 0.382361
0.416016 0.385873
0.419922 0.389381
0.423828 0.392886
0.427734 0.396388
0.431641 0.399886
0.435547 0.403382
0.439453 0.406874
0.443359 0.410363
0.447266 0.413849
0.451172 0.417331
0.455078 0.42081
0.458984 0.424286
0.462891 0.427758
0.466797 0.431227
0.470703 0.434692
0.474609 0.438154
0.478516 0.441612
0.482422 0.445067
0.486328 0.448518
0.490234 0.451966
0.494141 0.45541
0.498047 0.45885
0.501953 0.462286
0.505859 0.465719
0.509766 0.469148
0.513672 0.472573
0.517578 0.475995
0.521484 0.479412
0.525391 0.482826
0.529297 0.486235
0.533203 0.489641
0.537109 0.493043
0.541016 0.49644
0.544922 0.499834
0.548828 0.503223
0.552734 0.506609
0.556641 0.50999
0.560547 0.513367
0.564453 0.516739
0.568359 0.520108
0.572266 0.523472
0.576172 0.526832
0.580078 0.530187
0.583984 0.533538
0.587891 0.536885
0.591797 0.540227
0.595703 0.543564
0.599609 0.546897
0.603516 0.550225
0.607422 0.553549
0.611328 0.556867
0.615234 0.560182
0.619141 0.563491
0.623047 0.566795
0.626953 0.570095
0.630859 0.57339
0.634766 0.576679
0.638672 0.579964
0.642578 0.583244
0.646484 0.586518
0.650391 0.589787
0.654297 0.593052
0.658203 0.596311
0.662109 0.599564
0.666016 0.602812
0.669922 0.606055
0.673828 0.609293
0.677734 0.612524
0.681641 0.615751
0.685547 0.618972
0.689453 0.622187
0.693359 0.625396
0.697266 0.628599
0.701172 0.631797
0.705078 0.634989
0.708984 0.638175
0.712891 0.641354
0.716797 0.644528
0.720703 0.647696
0.724609 0.650857
0.728516 0.654012
0.732422 0.657161
0.736328 0.660303
0.740234 0.663439
0.744141 0.666568
0.748047 0.669691
0.751953 0.672806
0.755859 0.675916
0.759766 0.679018
0.763672 0.682113
0.767578 0.685201
0.771484 0.688283
0.775391 0.691357
0.779297 0.694423
0.783203 0.697483
0.787109 0.700535
0.791016 0.703579
0.794922 0.706616
0.798828 0.709645
0.802734 0.712667
0.806641 0.71568
0.810547 0.718686
0.814453 0.721683
0.818359 0.724672
0.822266 0.727653
0.826172 0.730625
0.830078 0.733589
0.833984 0.736544
0.837891 0.73949
0.841797 0.742427
0.845703 0.745354
0.849609 0.748273
0.853516 0.751181
0.857422 0.75408
0.861328 0.756968
0.865234 0.759845
0.869141 0.76271
0.873047 0.765563
0.876953 0.768401
0.880859 0.771225
0.884766 0.774031
0.888672 0.776817
0.892578 0.779578
0.896484 0.782309
0.900391 0.785001
0.904297 0.787645
0.908203 0.790224
0.912109 0.792717
0.916016 0.795096
0.919922 0.797318
0.923828 0.799326
0.927734 0.80104
0.931641 0.802348
0.935547 0.803095
0.939453 0.803067
0.943359 0.801966
0.947266 0.799382
0.951172 0.794756
0.955078 0.78733
0.958984 0.77609
0.962891 0.759709
0.966797 0.736486
0.970703 0.704334
0.974609 0.660832
0.978516 0.603406
0.982422 0.529716
0.986328 0.438254
0.990234 0.329092
0.994141 0.204553
0.998047 0.0694438
