0.00390625 2.00458
0.0117188 2.03343
0.0195312 2.06301
0.0273438 2.09322
0.0351562 2.12394
0.0429688 2.15509
0.0507812 2.18658
0.0585938 2.21829
0.0664062 2.25016
0.0742188 2.2821
0.0820312 2.31401
0.0898438 2.34583
0.0976562 2.37747
0.105469 2.40887
0.113281 2.43994
0.121094 2.47062
0.128906 2.50085
0.136719 2.53054
0.144531 2.55965
0.152344 2.58811
0.160156 2.61585
0.167969 2.64282
0.175781 2.66896
0.183594 2.6942
0.191406 2.7185
0.199219 2.7418
0.207031 2.76405
0.214844 2.78518
0.222656 2.80516
0.230469 2.82393
0.238281 2.84143
0.246094 2.85763
0.253906 2.87248
0.261719 2.88594
0.269531 2.89796
0.277344 2.9085
0.285156 2.91753
0.292969 2.92501
0.300781 2.93092
0.308594 2.93522
0.316406 2.9379
0.324219 2.93893
0.332031 2.9383
0.339844 2.93601
0.347656 2.93205
0.355469 2.92642
0.363281 2.91912
0.371094 2.91018
0.378906 2.8996
0.386719 2.88743
0.394531 2.87368
0.402344 2.85841
0.410156 2.84164
0.417969 2.82344
0.425781 2.80385
0.433594 2.78295
0.441406 2.76079
0.449219 2.73745
0.457031 2.713
0.464844 2.68752
0.472656 2.66109
0.480469 2.63379
0.488281 2.6057
0.496094 2.5769
0.503906 2.54749
0.511719 2.51753
0.519531 2.48712
0.527344 2.45632
0.535156 2.42522
0.542969 2.39387
0.550781 2.36236
0.558594 2.33074
0.566406 2.29908
0.574219 2.26743
0.582031 2.23583
0.589844 2.20434
0.597656 2.173
0.605469 2.14185
0.613281 2.11091
0.621094 2.08023
0.628906 2.04982
0.636719 2.01972
0.644531 1.98994
0.652344 1.96049
0.660156 1.93141
0.667969 1.90269
0.675781 1.87436
0.683594 1.84642
0.691406 1.81888
0.699219 1.79175
0.707031 1.76504
0.714844 1.73875
0.722656 1.71289
0.730469 1.68745
0.738281 1.66245
0.746094 1.63789
0.753906 1.61376
0.761719 1.59006
0.769531 1.56679
0.777344 1.54395
0.785156 1.52153
0.792969 1.49951
0.800781 1.4779
0.808594 1.45667
0.816406 1.43582
0.824219 1.41531
0.832031 1.39515
0.839844 1.3753
0.847656 1.35573
0.855469 1.33644
0.863281 1.31738
0.871094 1.29853
0.878906 1.27987
0.886719 1.26137
0.894531 1.243
0.902344 1.22474
0.910156 1.20655
0.917969 1.18843
0.925781 1.17036
0.933594 1.15231
0.941406 1.13429
0.949219 1.11628
0.957031 1.09828
0.964844 1.08031
0.972656 1.06236
0.980469 1.04445
0.988281 1.0266
0.996094 1.00884
