0.00390625 2.01188
0.0117188 2.03663
0.0195312 2.06236
0.0273438 2.08899
0.0351562 2.11642
0.0429688 2.14453
0.0507812 2.17325
0.0585938 2.20246
0.0664062 2.23209
0.0742188 2.26205
0.0820312 2.29224
0.0898438 2.32259
0.0976562 2.35303
0.105469 2.38346
0.113281 2.41381
0.121094 2.44402
0.128906 2.47401
0.136719 2.50371
0.144531 2.53306
0.152344 2.56199
0.160156 2.59043
0.167969 2.61833
0.175781 2.64561
0.183594 2.67223
0.191406 2.69812
0.199219 2.72322
0.207031 2.74747
0.214844 2.77083
0.222656 2.79322
0.230469 2.81461
0.238281 2.83493
0.246094 2.85412
0.253906 2.87215
0.261719 2.88895
0.269531 2.90448
0.277344 2.91868
0.285156 2.93152
0.292969 2.94295
0.300781 2.95292
0.308594 2.96139
0.316406 2.96833
0.324219 2.9737
0.332031 2.97747
0.339844 2.97962
0.347656 2.98012
0.355469 2.97894
0.363281 2.97608
0.371094 2.97154
0.378906 2.96529
0.386719 2.95736
0.394531 2.94774
0.402344 2.93645
0.410156 2.92352
0.417969 2.90897
0.425781 2.89283
0.433594 2.87515
0.441406 2.85598
0.449219 2.83537
0.457031 2.81338
0.464844 2.79008
0.472656 2.76553
0.480469 2.73981
0.488281 2.713
0.496094 2.68518
0.503906 2.65643
0.511719 2.62685
0.519531 2.59651
0.527344 2.56551
0.535156 2.53392
0.542969 2.50184
0.550781 2.46935
0.558594 2.43652
0.566406 2.40344
0.574219 2.37017
0.582031 2.33679
0.589844 2.30337
0.597656 2.26996
0.605469 2.23662
0.613281 2.20341
0.621094 2.17036
0.628906 2.13753
0.636719 2.10496
0.644531 2.07268
0.652344 2.04072
0.660156 2.00911
0.667969 1.97787
0.675781 1.94703
0.683594 1.91661
0.691406 1.88661
0.699219 1.85707
0.707031 1.82797
0.714844 1.79935
0.722656 1.77119
0.730469 1.74351
0.738281 1.71631
0.746094 1.68959
0.753906 1.66335
0.761719 1.63759
0.769531 1.61229
0.777344 1.58745
0.785156 1.56307
0.792969 1.53913
0.800781 1.51561
0.808594 1.49251
0.816406 1.4698
0.824219 1.44746
0.832031 1.42547
0.839844 1.40381
0.847656 1.38246
0.855469 1.36139
0.863281 1.34057
0.871094 1.31999
0.878906 1.29961
0.886719 1.27942
0.894531 1.25939
0.902344 1.23951
0.910156 1.21975
0.917969 1.2001
0.925781 1.18056
0.933594 1.1611
0.941406 1.14174
0.949219 1.12247
0.957031 1.10329
0.964844 1.08422
0.972656 1.06525
0.980469 1.04642
0.988281 1.02773
0.996094 1.0092
