0.00195312 0.00160044
0.00585938 0.00480131
0.00976562 0.00800216
0.0136719 0.011203
0.0175781 0.0144037
0.0214844 0.0176043
0.0253906 0.0208049
0.0292969 0.0240053
0.0332031 0.0272056
0.0371094 0.0304058
0.0410156 0.0336057
0.0449219 0.0368055
0.0488281 0.040005
0.0527344 0.0432044
0.0566406 0.0464034
0.0605469 0.0496022
0.0644531 0.0528008
0.0683594 0.055999
0.0722656 0.0591969
0.0761719 0.0623944
0.0800781 0.0655916
0.0839844 0.0687884
0.0878906 0.0719849
0.0917969 0.0751809
0.0957031 0.0783764
0.0996094 0.0815716
0.103516 0.0847662
0.107422 0.0879604
0.111328 0.0911541
0.115234 0.0943472
0.119141 0.0975398
0.123047 0.100732
0.126953 0.103923
0.130859 0.107114
0.134766 0.110304
0.138672 0.113494
0.142578 0.116683
0.146484 0.119871
0.150391 0.123059
0.154297 0.126246
0.158203 0.129432
0.162109 0.132618
0.166016 0.135802
0.169922 0.138986
0.173828 0.14217
0.177734 0.145352
0.181641 0.148534
0.185547 0.151714
0.189453 0.154894
0.193359 0.158073
0.197266 0.161251
0.201172 0.164428
0.205078 0.167604
0.208984 0.17078
0.212891 0.173954
0.216797 0.177127
0.220703 0.1803
0.224609 0.183471
0.228516 0.186641
0.232422 0.189811
0.236328 0.192979
0.240234 0.196146
0.244141 0.199312
0.248047 0.202477
0.251953 0.205641
0.255859 0.208803
0.259766 0.211965
0.263672 0.215125
0.267578 0.218284
0.271484 0.221442
0.275391 0.224599
0.279297 0.227754
0.283203 0.230908
0.287109 0.234061
0.291016 0.237213
0.294922 0.240363
0.298828 0.243512
0.302734 0.246659
0.306641 0.249805
0.310547 0.25295
0.314453 0.256094
0.318359 0.259236
0.322266 0.262376
0.326172 0.265515
0.330078 0.268653
0.333984 0.271789
0.337891 0.274924
0.341797 0.278057
0.345703 0.281189
0.349609 0.284319
0.353516 0.287447
0.357422 0.290574
0.361328 0.2937
0.365234 0.296824
0.369141 0.299946
0.373047 0.303066
0.376953 0.306185
0.380859 0.309302
0.384766 0.312418
0.388672 0.315532
0.392578 0.318644
0.396484 0.321754
0.400391 0.324863
0.404297 0.32797
0.408203 0.331075
0.412109 0.334178
0.416016 0.33728
0.419922 0.340379
0.423828 0.343477
0.427734 0.346573
0.431641 0.349667
0.435547 0.352759
0.439453 0.355849
0.443359 0.358938
0.447266 0.362024
0.451172 0.365108
0.455078 0.368191
0.458984 0.371271
0.462891 0.374349
0.466797 0.377426
0.470703 0.3805
0.474609 0.383572
0.478516 0.386642
0.482422 0.389711
0.486328 0.392776
0.490234 0.39584
0.494141 0.398902
0.498047 0.401961
0.501953 0.405019
0.505859 0.408074
0.509766 0.411127
0.513672 0.414177
0.517578 0.417226
0.521484 0.420272
0.525391 0.423316
0.529297 0.426357
0.533203 0.429396
0.537109 0.432433
0.541016 0.435468
0.544922 0.4385
0.548828 0.44153
0.552734 0.444557
0.556641 0.447582
0.560547 0.450604
0.564453 0.453624
0.568359 0.456641
0.572266 0.459656
0.576172 0.462669
0.580078 0.465678
0.583984 0.468686
0.587891 0.47169
0.591797 0.474692
0.595703 0.477692
0.599609 0.480688
0.603516 0.483682
0.607422 0.486674
0.611328 0.489662
0.615234 0.492648
0.619141 0.495631
0.623047 0.498612
0.626953 0.501589
0.630859 0.504564
0.634766 0.507535
0.638672 0.510504
0.642578 0.51347
0.646484 0.516434
0.650391 0.519394
0.654297 0.522351
0.658203 0.525305
0.662109 0.528256
0.666016 0.531204
0.669922 0.534149
0.673828 0.537091
0.677734 0.54003
0.681641 0.542966
0.685547 0.545898
0.689453 0.548828
0.693359 0.551754
0.697266 0.554677
0.701172 0.557596
0.705078 0.560512
0.708984 0.563425
0.712891 0.566335
0.716797 0.569241
0.720703 0.572144
0.724609 0.575043
0.728516 0.577939
0.732422 0.580831
0.736328 0.58372
0.740234 0.586605
0.744141 0.589486
0.748047 0.592364
0.751953 0.595238
0.755859 0.598109
0.759766 0.600976
0.763672 0.603839
0.767578 0.606698
0.771484 0.609553
0.775391 0.612404
0.779297 0.615252
0.783203 0.618095
0.787109 0.620935
0.791016 0.62377
0.794922 0.626602
0.798828 0.629429
0.802734 0.632252
0.806641 0.635071
0.810547 0.637885
0.814453 0.640696
0.818359 0.643501
0.822266 0.646303
0.826172 0.649099
0.830078 0.651891
0.833984 0.654679
0.837891 0.657461
0.841797 0.660238
0.845703 0.66301
0.849609 0.665776
0.853516 0.668537
0.857422 0.67129
0.861328 0.674037
0.865234 0.676775
0.869141 0.679505
0.873047 0.682223
0.876953 0.684929
0.880859 0.687619
0.884766 0.690289
0.888672 0.692935
0.892578 0.69555
0.896484 0.698123
0.900391 0.700644
0.904297 0.703095
0.908203 0.705453
0.912109 0.707688
0.916016 0.709758
0.919922 0.711608
0.923828 0.713161
0.927734 0.714318
0.931641 0.714941
0.935547 0.71485
0.939453 0.7138
0.943359 0.711468
0.947266 0.707429
0.951172 0.701124
0.955078 0.691831
0.958984 0.678632
0.962891 0.660386
0.966797 0.635719
0.970703 0.603051
0.974609 0.560683
0.978516 0.506973
0.982422 0.440627
0.986328 0.36108
0.990234 0.268905
0.994141 0.166119
0.998047 0.0562112
