0.00390625 1.99966
0.0117188 2.0191
0.0195312 2.03985
0.0273438 2.06179
0.0351562 2.08482
0.0429688 2.10886
0.0507812 2.1338
0.0585938 2.15955
0.0664062 2.18601
0.0742188 2.21309
0.0820312 2.24072
0.0898438 2.26879
0.0976562 2.29723
0.105469 2.32596
0.113281 2.3549
0.121094 2.38397
0.128906 2.41311
0.136719 2.44223
0.144531 2.47126
0.152344 2.50015
0.160156 2.52882
0.167969 2.5572
0.175781 2.58524
0.183594 2.61287
0.191406 2.64002
0.199219 2.66665
0.207031 2.69268
0.214844 2.71805
0.222656 2.74272
0.230469 2.76662
0.238281 2.78969
0.246094 2.81188
0.253906 2.83313
0.261719 2.85338
0.269531 2.87258
0.277344 2.89068
0.285156 2.90761
0.292969 2.92334
0.300781 2.93779
0.308594 2.95093
0.316406 2.96271
0.324219 2.97307
0.332031 2.98197
0.339844 2.98937
0.347656 2.99523
0.355469 2.9995
0.363281 3.00216
0.371094 3.00316
0.378906 3.00249
0.386719 3.00013
0.394531 2.99604
0.402344 2.99023
0.410156 2.98269
0.417969 2.97341
0.425781 2.96241
0.433594 2.94968
0.441406 2.93527
0.449219 2.91918
0.457031 2.90146
0.464844 2.88215
0.472656 2.86129
0.480469 2.83894
0.488281 2.81516
0.496094 2.79002
0.503906 2.76359
0.511719 2.73596
0.519531 2.70719
0.527344 2.67738
0.535156 2.64662
0.542969 2.615
0.550781 2.58261
0.558594 2.54955
0.566406 2.5159
0.574219 2.48175
0.582031 2.44721
0.589844 2.41235
0.597656 2.37726
0.605469 2.34202
0.613281 2.3067
0.621094 2.27138
0.628906 2.23613
0.636719 2.201
0.644531 2.16606
0.652344 2.13136
0.660156 2.09695
0.667969 2.06287
0.675781 2.02916
0.683594 1.99585
0.691406 1.96297
0.699219 1.93055
0.707031 1.89861
0.714844 1.86717
0.722656 1.83624
0.730469 1.80583
0.738281 1.77594
0.746094 1.74658
0.753906 1.71776
0.761719 1.68946
0.769531 1.66168
0.777344 1.63441
0.785156 1.60765
0.792969 1.58137
0.800781 1.55557
0.808594 1.53022
0.816406 1.5053
0.824219 1.4808
0.832031 1.4567
0.839844 1.43296
0.847656 1.40957
0.855469 1.38651
0.863281 1.36375
0.871094 1.34127
0.878906 1.31905
0.886719 1.29707
0.894531 1.27531
0.902344 1.25376
0.910156 1.23241
0.917969 1.21124
0.925781 1.19026
0.933594 1.16944
0.941406 1.14881
0.949219 1.12834
0.957031 1.10806
0.964844 1.08796
0.972656 1.06805
0.980469 1.04834
0.988281 1.02884
0.996094 1.00956
