0.00195312 0.00154341
0.00585938 0.00463024
0.00976562 0.00771703
0.0136719 0.0108038
0.0175781 0.0138905
0.0214844 0.0169771
0.0253906 0.0200637
0.0292969 0.0231501
0.0332031 0.0262364
0.0371094 0.0293226
0.0410156 0.0324086
0.0449219 0.0354945
0.0488281 0.0385802
0.0527344 0.0416657
0.0566406 0.0447509
0.0605469 0.047836
0.0644531 0.0509208
0.0683594 0.0540053
0.0722656 0.0570895
0.0761719 0.0601735
0.0800781 0.0632571
0.0839844 0.0663404
0.0878906 0.0694234
0.0917969 0.072506
0.0957031 0.0755883
0.0996094 0.0786701
0.103516 0.0817516
0.107422 0.0848326
0.111328 0.0879132
0.115234 0.0909933
0.119141 0.094073
0.123047 0.0971522
0.126953 0.100231
0.130859 0.103309
0.134766 0.106387
0.138672 0.109464
0.142578 0.11254
0.146484 0.115616
0.150391 0.118692
0.154297 0.121766
0.158203 0.124841
0.162109 0.127914
0.166016 0.130987
0.169922 0.134059
0.173828 0.137131
0.177734 0.140201
0.181641 0.143272
0.185547 0.146341
0.189453 0.14941
0.193359 0.152477
0.197266 0.155544
0.201172 0.158611
0.205078 0.161676
0.208984 0.164741
0.212891 0.167805
0.216797 0.170868
0.220703 0.17393
0.224609 0.176991
0.228516 0.180051
0.232422 0.183111
0.236328 0.186169
0.240234 0.189227
0.244141 0.192284
0.248047 0.195339
0.251953 0.198394
0.255859 0.201448
0.259766 0.2045
0.263672 0.207552
0.267578 0.210603
0.271484 0.213652
0.275391 0.216701
0.279297 0.219748
0.283203 0.222794
0.287109 0.225839
0.291016 0.228884
0.294922 0.231926
0.298828 0.234968
0.302734 0.238009
0.306641 0.241048
0.310547 0.244086
0.314453 0.247123
0.318359 0.250159
0.322266 0.253194
0.326172 0.256227
0.330078 0.259259
0.333984 0.26229
0.337891 0.265319
0.341797 0.268347
0.345703 0.271374
0.349609 0.274399
0.353516 0.277423
0.357422 0.280446
0.361328 0.283468
0.365234 0.286487
0.369141 0.289506
0.373047 0.292523
0.376953 0.295539
0.380859 0.298553
0.384766 0.301566
0.388672 0.304577
0.392578 0.307587
0.396484 0.310595
0.400391 0.313602
0.404297 0.316607
0.408203 0.31961
0.412109 0.322612
0.416016 0.325613
0.419922 0.328612
0.423828 0.331609
0.427734 0.334605
0.431641 0.337599
0.435547 0.340591
0.439453 0.343582
0.443359 0.346571
0.447266 0.349558
0.451172 0.352544
0.455078 0.355528
0.458984 0.35851
0.462891 0.36149
0.466797 0.364469
0.470703 0.367445
0.474609 0.37042
0.478516 0.373394
0.482422 0.376365
0.486328 0.379335
0.490234 0.382302
0.494141 0.385268
0.498047 0.388232
0.501953 0.391194
0.505859 0.394154
0.509766 0.397112
0.513672 0.400069
0.517578 0.403023
0.521484 0.405975
0.525391 0.408925
0.529297 0.411874
0.533203 0.41482
0.537109 0.417764
0.541016 0.420706
0.544922 0.423646
0.548828 0.426584
0.552734 0.42952
0.556641 0.432454
0.560547 0.435386
0.564453 0.438315
0.568359 0.441243
0.572266 0.444168
0.576172 0.447091
0.580078 0.450011
0.583984 0.45293
0.587891 0.455846
0.591797 0.45876
0.595703 0.461671
0.599609 0.464581
0.603516 0.467488
0.607422 0.470392
0.611328 0.473295
0.615234 0.476195
0.619141 0.479092
0.623047 0.481987
0.626953 0.48488
0.630859 0.48777
0.634766 0.490658
0.638672 0.493543
0.642578 0.496426
0.646484 0.499306
0.650391 0.502184
0.654297 0.505059
0.658203 0.507931
0.662109 0.510801
0.666016 0.513668
0.669922 0.516533
0.673828 0.519395
0.677734 0.522254
0.681641 0.52511
0.685547 0.527964
0.689453 0.530815
0.693359 0.533663
0.697266 0.536508
0.701172 0.539351
0.705078 0.542191
0.708984 0.545027
0.712891 0.547861
0.716797 0.550692
0.720703 0.55352
0.724609 0.556345
0.728516 0.559168
0.732422 0.561987
0.736328 0.564803
0.740234 0.567615
0.744141 0.570425
0.748047 0.573232
0.751953 0.576035
0.755859 0.578836
0.759766 0.581633
0.763672 0.584427
0.767578 0.587217
0.771484 0.590005
0.775391 0.592789
0.779297 0.595569
0.783203 0.598346
0.787109 0.60112
0.791016 0.603891
0.794922 0.606657
0.798828 0.609421
0.802734 0.61218
0.806641 0.614936
0.810547 0.617689
0.814453 0.620438
0.818359 0.623182
0.822266 0.625923
0.826172 0.62866
0.830078 0.631393
0.833984 0.634122
0.837891 0.636847
0.841797 0.639566
0.845703 0.642281
0.849609 0.644991
0.853516 0.647695
0.857422 0.650393
0.861328 0.653084
0.865234 0.655767
0.869141 0.65844
0.873047 0.661102
0.876953 0.66375
0.880859 0.666381
0.884766 0.668991
0.888672 0.671573
0.892578 0.67412
0.896484 0.676622
0.900391 0.679064
0.904297 0.681428
0.908203 0.683688
0.912109 0.685811
0.916016 0.687752
0.919922 0.689451
0.923828 0.690828
0.927734 0.691776
0.931641 0.692153
0.935547 0.691771
0.939453 0.690382
0.943359 0.687657
0.947266 0.683172
0.951172 0.676375
0.955078 0.666562
0.958984 0.65285
0.962891 0.63416
0.966797 0.609213
0.970703 0.576565
0.974609 0.534698
0.978516 0.48219
0.982422 0.417972
0.986328 0.341662
0.990234 0.253905
0.994141 0.15661
0.998047 0.0529496
