0.00195312 0.00150761
0.00585938 0.00452282
0.00976562 0.00753801
0.0136719 0.0105532
0.0175781 0.0135683
0.0214844 0.0165833
0.0253906 0.0195983
0.0292969 0.0226131
0.0332031 0.0256279
0.0371094 0.0286425
0.0410156 0.031657
0.0449219 0.0346713
0.0488281 0.0376855
0.0527344 0.0406995
0.0566406 0.0437133
0.0605469 0.0467269
0.0644531 0.0497402
0.0683594 0.0527534
0.0722656 0.0557662
0.0761719 0.0587788
0.0800781 0.0617911
0.0839844 0.0648032
0.0878906 0.0678149
0.0917969 0.0708263
0.0957031 0.0738373
0.0996094 0.076848
0.103516 0.0798583
0.107422 0.0828682
0.111328 0.0858778
0.115234 0.0888869
0.119141 0.0918956
0.123047 0.0949039
0.126953 0.0979117
0.130859 0.100919
0.134766 0.103926
0.138672 0.106932
0.142578 0.109938
0.146484 0.112943
0.150391 0.115948
0.154297 0.118952
0.158203 0.121956
0.162109 0.124959
0.166016 0.127962
0.169922 0.130964
0.173828 0.133965
0.177734 0.136965
0.181641 0.139965
0.185547 0.142965
0.189453 0.145963
0.193359 0.148961
0.197266 0.151959
0.201172 0.154955
0.205078 0.157951
0.208984 0.160946
0.212891 0.16394
0.216797 0.166934
0.220703 0.169926
0.224609 0.172918
0.228516 0.175909
0.232422 0.1789
0.236328 0.181889
0.240234 0.184878
0.244141 0.187865
0.248047 0.190852
0.251953 0.193838
0.255859 0.196823
0.259766 0.199807
0.263672 0.20279
0.267578 0.205772
0.271484 0.208754
0.275391 0.211734
0.279297 0.214713
0.283203 0.217692
0.287109 0.220669
0.291016 0.223645
0.294922 0.22662
0.298828 0.229594
0.302734 0.232567
0.306641 0.235539
0.310547 0.23851
0.314453 0.24148
0.318359 0.244449
0.322266 0.247416
0.326172 0.250383
0.330078 0.253348
0.333984 0.256312
0.337891 0.259275
0.341797 0.262236
0.345703 0.265197
0.349609 0.268156
0.353516 0.271114
0.357422 0.274071
0.361328 0.277026
0.365234 0.27998
0.369141 0.282933
0.373047 0.285885
0.376953 0.288835
0.380859 0.291784
0.384766 0.294732
0.388672 0.297678
0.392578 0.300623
0.396484 0.303566
0.400391 0.306508
0.404297 0.309449
0.408203 0.312388
0.412109 0.315326
0.416016 0.318263
0.419922 0.321198
0.423828 0.324131
0.427734 0.327063
0.431641 0.329994
0.435547 0.332923
0.439453 0.33585
0.443359 0.338776
0.447266 0.3417
0.451172 0.344623
0.455078 0.347544
0.458984 0.350464
0.462891 0.353382
0.466797 0.356298
0.470703 0.359213
0.474609 0.362126
0.478516 0.365038
0.482422 0.367948
0.486328 0.370856
0.490234 0.373762
0.494141 0.376667
0.498047 0.37957
0.501953 0.382471
0.505859 0.385371
0.509766 0.388268
0.513672 0.391164
0.517578 0.394059
0.521484 0.396951
0.525391 0.399841
0.529297 0.40273
0.533203 0.405617
0.537109 0.408502
0.541016 0.411385
0.544922 0.414266
0.548828 0.417145
0.552734 0.420023
0.556641 0.422898
0.560547 0.425772
0.564453 0.428643
0.568359 0.431513
0.572266 0.43438
0.576172 0.437246
0.580078 0.440109
0.583984 0.442971
0.587891 0.44583
0.591797 0.448687
0.595703 0.451543
0.599609 0.454396
0.603516 0.457247
0.607422 0.460096
0.611328 0.462942
0.615234 0.465787
0.619141 0.468629
0.623047 0.471469
0.626953 0.474307
0.630859 0.477143
0.634766 0.479976
0.638672 0.482807
0.642578 0.485636
0.646484 0.488463
0.650391 0.491287
0.654297 0.494109
0.658203 0.496928
0.662109 0.499746
0.666016 0.50256
0.669922 0.505373
0.673828 0.508182
0.677734 0.51099
0.681641 0.513795
0.685547 0.516597
0.689453 0.519397
0.693359 0.522195
0.697266 0.524989
0.701172 0.527782
0.705078 0.530571
0.708984 0.533358
0.712891 0.536143
0.716797 0.538925
0.720703 0.541704
0.724609 0.54448
0.728516 0.547254
0.732422 0.550025
0.736328 0.552793
0.740234 0.555558
0.744141 0.558321
0.748047 0.561081
0.751953 0.563837
0.755859 0.566591
0.759766 0.569342
0.763672 0.572091
0.767578 0.574836
0.771484 0.577578
0.775391 0.580317
0.779297 0.583053
0.783203 0.585786
0.787109 0.588516
0.791016 0.591243
0.794922 0.593966
0.798828 0.596687
0.802734 0.599404
0.806641 0.602118
0.810547 0.604828
0.814453 0.607536
0.818359 0.610239
0.822266 0.612939
0.826172 0.615636
0.830078 0.618329
0.833984 0.621017
0.837891 0.623702
0.841797 0.626383
0.845703 0.629058
0.849609 0.631729
0.853516 0.634394
0.857422 0.637053
0.861328 0.639705
0.865234 0.642349
0.869141 0.644983
0.873047 0.647605
0.876953 0.650212
0.880859 0.652801
0.884766 0.655367
0.888672 0.657904
0.892578 0.660403
0.896484 0.662852
0.900391 0.665237
0.904297 0.667537
0.908203 0.669727
0.912109 0.671769
0.916016 0.673618
0.919922 0.675209
0.923828 0.676461
0.927734 0.677263
0.931641 0.677468
0.935547 0.676886
0.939453 0.675265
0.943359 0.672276
0.947266 0.667494
0.951172 0.660375
0.955078 0.650227
0.958984 0.636194
0.962891 0.617238
0.966797 0.592141
0.970703 0.559548
0.974609 0.518056
0.978516 0.466374
0.982422 0.403569
0.986328 0.329364
0.990234 0.244435
0.994141 0.15062
0.998047 0.0508981
