0.00390625 1.30557
0.0117188 1.27731
0.0195312 1.25232
0.0273438 1.23054
0.0351562 1.21191
0.0429688 1.19633
0.0507812 1.18372
0.0585938 1.17397
0.0664062 1.16698
0.0742188 1.16263
0.0820312 1.16081
0.0898438 1.16139
0.0976562 1.16427
0.105469 1.16931
0.113281 1.17641
0.121094 1.18544
0.128906 1.1963
0.136719 1.20886
0.144531 1.22303
0.152344 1.2387
0.160156 1.25576
0.167969 1.27413
0.175781 1.2937
0.183594 1.31439
0.191406 1.33612
0.199219 1.35879
0.207031 1.38233
0.214844 1.40667
0.222656 1.43173
0.230469 1.45745
0.238281 1.48375
0.246094 1.51058
0.253906 1.53787
0.261719 1.56556
0.269531 1.5936
0.277344 1.62193
0.285156 1.65049
0.292969 1.67924
0.300781 1.70813
0.308594 1.7371
0.316406 1.7661
0.324219 1.7951
0.332031 1.82403
0.339844 1.85286
0.347656 1.88154
0.355469 1.91002
0.363281 1.93826
0.371094 1.96621
0.378906 1.99382
0.386719 2.02104
0.394531 2.04784
0.402344 2.07415
0.410156 2.09995
0.417969 2.12516
0.425781 2.14975
0.433594 2.17366
0.441406 2.19684
0.449219 2.21925
0.457031 2.24081
0.464844 2.26149
0.472656 2.28122
0.480469 2.29994
0.488281 2.31761
0.496094 2.33416
0.503906 2.34953
0.511719 2.36366
0.519531 2.3765
0.527344 2.38798
0.535156 2.39805
0.542969 2.40665
0.550781 2.41372
0.558594 2.41921
0.566406 2.42307
0.574219 2.42525
0.582031 2.4257
0.589844 2.42438
0.597656 2.42126
0.605469 2.41631
0.613281 2.4095
0.621094 2.40082
0.628906 2.39026
0.636719 2.37783
0.644531 2.36352
0.652344 2.34737
0.660156 2.3294
0.667969 2.30966
0.675781 2.2882
0.683594 2.26508
0.691406 2.24037
0.699219 2.21416
0.707031 2.18654
0.714844 2.15762
0.722656 2.1275
0.730469 2.0963
0.738281 2.06414
0.746094 2.03114
0.753906 1.99744
0.761719 1.96317
0.769531 1.92844
0.777344 1.89339
0.785156 1.85813
0.792969 1.82278
0.800781 1.78746
0.808594 1.75225
0.816406 1.71726
0.824219 1.68256
0.832031 1.64824
0.839844 1.61434
0.847656 1.58092
0.855469 1.54802
0.863281 1.51566
0.871094 1.48387
0.878906 1.45263
0.886719 1.42195
0.894531 1.3918
0.902344 1.36214
0.910156 1.33295
0.917969 1.30415
0.925781 1.27568
0.933594 1.24746
0.941406 1.2194
0.949219 1.19137
0.957031 1.16327
0.964844 1.13494
0.972656 1.10624
0.980469 1.07697
0.988281 1.04695
0.996094 1.01595
