0.00195312 0.00139742
0.00585938 0.00419224
0.00976562 0.00698706
0.0136719 0.00978184
0.0175781 0.0125766
0.0214844 0.0153713
0.0253906 0.0181659
0.0292969 0.0209605
0.0332031 0.023755
0.0371094 0.0265494
0.0410156 0.0293437
0.0449219 0.0321379
0.0488281 0.0349319
0.0527344 0.0377259
0.0566406 0.0405196
0.0605469 0.0433133
0.0644531 0.0461067
0.0683594 0.0489
0.0722656 0.0516931
0.0761719 0.054486
0.0800781 0.0572787
0.0839844 0.0600712
0.0878906 0.0628634
0.0917969 0.0656554
0.0957031 0.0684472
0.0996094 0.0712387
0.103516 0.0740299
0.107422 0.0768208
0.111328 0.0796115
0.115234 0.0824018
0.119141 0.0851918
0.123047 0.0879815
0.126953 0.0907709
0.130859 0.0935599
0.134766 0.0963486
0.138672 0.0991368
0.142578 0.101925
0.146484 0.104712
0.150391 0.107499
0.154297 0.110286
0.158203 0.113072
0.162109 0.115858
0.166016 0.118644
0.169922 0.121429
0.173828 0.124213
0.177734 0.126997
0.181641 0.129781
0.185547 0.132564
0.189453 0.135346
0.193359 0.138129
0.197266 0.14091
0.201172 0.143691
0.205078 0.146472
0.208984 0.149251
0.212891 0.152031
0.216797 0.15481
0.220703 0.157588
0.224609 0.160365
0.228516 0.163142
0.232422 0.165919
0.236328 0.168694
0.240234 0.17147
0.244141 0.174244
0.248047 0.177018
0.251953 0.179791
0.255859 0.182563
0.259766 0.185335
0.263672 0.188106
0.267578 0.190877
0.271484 0.193646
0.275391 0.196415
0.279297 0.199183
0.283203 0.201951
0.287109 0.204718
0.291016 0.207484
0.294922 0.210249
0.298828 0.213013
0.302734 0.215777
0.306641 0.21854
0.310547 0.221301
0.314453 0.224063
0.318359 0.226823
0.322266 0.229582
0.326172 0.232341
0.330078 0.235099
0.333984 0.237856
0.337891 0.240612
0.341797 0.243367
0.345703 0.246121
0.349609 0.248874
0.353516 0.251626
0.357422 0.254378
0.361328 0.257128
0.365234 0.259878
0.369141 0.262626
0.373047 0.265374
0.376953 0.268121
0.380859 0.270866
0.384766 0.273611
0.388672 0.276354
0.392578 0.279097
0.396484 0.281839
0.400391 0.284579
0.404297 0.287318
0.408203 0.290057
0.412109 0.292794
0.416016 0.29553
0.419922 0.298266
0.423828 0.301
0.427734 0.303733
0.431641 0.306464
0.435547 0.309195
0.439453 0.311925
0.443359 0.314653
0.447266 0.31738
0.451172 0.320106
0.455078 0.322831
0.458984 0.325555
0.462891 0.328278
0.466797 0.330999
0.470703 0.333719
0.474609 0.336438
0.478516 0.339155
0.482422 0.341872
0.486328 0.344587
0.490234 0.347301
0.494141 0.350013
0.498047 0.352725
0.501953 0.355435
0.505859 0.358143
0.509766 0.360851
0.513672 0.363557
0.517578 0.366261
0.521484 0.368965
0.525391 0.371667
0.529297 0.374367
0.533203 0.377066
0.537109 0.379764
0.541016 0.382461
0.544922 0.385156
0.548828 0.387849
0.552734 0.390541
0.556641 0.393232
0.560547 0.395921
0.564453 0.398609
0.568359 0.401295
0.572266 0.40398
0.576172 0.406664
0.580078 0.409345
0.583984 0.412026
0.587891 0.414704
0.591797 0.417382
0.595703 0.420057
0.599609 0.422731
0.603516 0.425404
0.607422 0.428075
0.611328 0.430744
0.615234 0.433412
0.619141 0.436078
0.623047 0.438742
0.626953 0.441405
0.630859 0.444066
0.634766 0.446726
0.638672 0.449383
0.642578 0.452039
0.646484 0.454694
0.650391 0.457346
0.654297 0.459997
0.658203 0.462646
0.662109 0.465294
0.666016 0.467939
0.669922 0.470583
0.673828 0.473225
0.677734 0.475866
0.681641 0.478504
0.685547 0.48114
0.689453 0.483775
0.693359 0.486408
0.697266 0.489039
0.701172 0.491668
0.705078 0.494295
0.708984 0.49692
0.712891 0.499544
0.716797 0.502165
0.720703 0.504784
0.724609 0.507402
0.728516 0.510017
0.732422 0.51263
0.736328 0.515242
0.740234 0.517851
0.744141 0.520458
0.748047 0.523064
0.751953 0.525667
0.755859 0.528268
0.759766 0.530866
0.763672 0.533463
0.767578 0.536058
0.771484 0.53865
0.775391 0.54124
0.779297 0.543828
0.783203 0.546414
0.787109 0.548997
0.791016 0.551578
0.794922 0.554157
0.798828 0.556734
0.802734 0.559308
0.806641 0.561879
0.810547 0.564448
0.814453 0.567015
0.818359 0.569578
0.822266 0.572139
0.826172 0.574697
0.830078 0.577252
0.833984 0.579804
0.837891 0.582352
0.841797 0.584896
0.845703 0.587436
0.849609 0.589971
0.853516 0.5925
0.857422 0.595023
0.861328 0.597537
0.865234 0.600041
0.869141 0.602534
0.873047 0.605011
0.876953 0.60747
0.880859 0.609906
0.884766 0.612311
0.888672 0.614678
0.892578 0.616995
0.896484 0.619247
0.900391 0.621417
0.904297 0.62348
0.908203 0.625402
0.912109 0.627142
0.916016 0.628646
0.919922 0.629841
0.923828 0.630635
0.927734 0.630908
0.931641 0.630503
0.935547 0.62922
0.939453 0.626802
0.943359 0.62292
0.947266 0.61716
0.951172 0.609005
0.955078 0.597819
0.958984 0.582837
0.962891 0.56316
0.966797 0.537777
0.970703 0.505606
0.974609 0.465587
0.978516 0.416814
0.982422 0.358722
0.986328 0.291298
0.990234 0.215278
0.994141 0.13225
0.998047 0.0446187
