0.00390625 0.319451
0.0117188 0.255597
0.0195312 0.196034
0.0273438 0.14086
0.0351562 0.090119
0.0429688 0.0438085
0.0507812 0.0018857
0.0585938 -0.0357279
0.0664062 -0.0691407
0.0742188 -0.0984851
0.0820312 -0.123913
0.0898438 -0.145589
0.0976562 -0.163688
0.105469 -0.178392
0.113281 -0.189883
0.121094 -0.198346
0.128906 -0.20396
0.136719 -0.206902
0.144531 -0.207343
0.152344 -0.205448
0.160156 -0.201374
0.167969 -0.19527
0.175781 -0.187277
0.183594 -0.17753
0.191406 -0.166153
0.199219 -0.153265
0.207031 -0.138975
0.214844 -0.123387
0.222656 -0.106596
0.230469 -0.0886933
0.238281 -0.0697612
0.246094 -0.049878
0.253906 -0.029116
0.261719 -0.00754271
0.269531 0.0147789
0.277344 0.0377903
0.285156 0.0614369
0.292969 0.0856675
0.300781 0.110434
0.308594 0.135693
0.316406 0.161402
0.324219 0.187521
0.332031 0.214014
0.339844 0.240847
0.347656 0.267985
0.355469 0.295399
0.363281 0.323058
0.371094 0.350935
0.378906 0.379003
0.386719 0.407237
0.394531 0.435612
0.402344 0.464104
0.410156 0.492691
0.417969 0.521351
0.425781 0.550063
0.433594 0.578805
0.441406 0.607557
0.449219 0.6363
0.457031 0.665014
0.464844 0.693679
0.472656 0.722276
0.480469 0.750786
0.488281 0.779189
0.496094 0.807467
0.503906 0.8356
0.511719 0.863569
0.519531 0.891355
0.527344 0.918937
0.535156 0.946296
0.542969 0.973411
0.550781 1.00026
0.558594 1.02683
0.566406 1.05309
0.574219 1.07902
0.582031 1.1046
0.589844 1.1298
0.597656 1.15461
0.605469 1.179
0.613281 1.20294
0.621094 1.22641
0.628906 1.24938
0.636719 1.27183
0.644531 1.29373
0.652344 1.31505
0.660156 1.33577
0.667969 1.35585
0.675781 1.37527
0.683594 1.39401
0.691406 1.41202
0.699219 1.42928
0.707031 1.44576
0.714844 1.46143
0.722656 1.47626
0.730469 1.49022
0.738281 1.50329
0.746094 1.51543
0.753906 1.52661
0.761719 1.5368
0.769531 1.54599
0.777344 1.55414
0.785156 1.56122
0.792969 1.56721
0.800781 1.57209
0.808594 1.57582
0.816406 1.57838
0.824219 1.57975
0.832031 1.5799
0.839844 1.57879
0.847656 1.5764
0.855469 1.57267
0.863281 1.56756
0.871094 1.56101
0.878906 1.55295
0.886719 1.54327
0.894531 1.53185
0.902344 1.51854
0.910156 1.50314
0.917969 1.4854
0.925781 1.46499
0.933594 1.44152
0.941406 1.41446
0.949219 1.38317
0.957031 1.34686
0.964844 1.30452
0.972656 1.25493
0.980469 1.1966
0.988281 1.12775
0.996094 1.04625
