0.00390625 0.245892
0.0117188 0.181318
0.0195312 0.120919
0.0273438 0.0648196
0.0351562 0.0130876
0.0429688 -0.0342581
0.0507812 -0.0772434
0.0585938 -0.115933
0.0664062 -0.150425
0.0742188 -0.180842
0.0820312 -0.207331
0.0898438 -0.230054
0.0976562 -0.249181
0.105469 -0.264894
0.113281 -0.277375
0.121094 -0.286808
0.128906 -0.293374
0.136719 -0.297253
0.144531 -0.298615
0.152344 -0.297628
0.160156 -0.294449
0.167969 -0.289231
0.175781 -0.282116
0.183594 -0.273239
0.191406 -0.262726
0.199219 -0.250697
0.207031 -0.237262
0.214844 -0.222525
0.222656 -0.206583
0.230469 -0.189526
0.238281 -0.171438
0.246094 -0.152396
0.253906 -0.132473
0.261719 -0.111737
0.269531 -0.0902494
0.277344 -0.068069
0.285156 -0.04525
0.292969 -0.0218429
0.300781 0.00210517
0.308594 0.0265503
0.316406 0.0514514
0.324219 0.0767701
0.332031 0.10247
0.339844 0.128518
0.347656 0.154881
0.355469 0.18153
0.363281 0.208437
0.371094 0.235574
0.378906 0.262915
0.386719 0.290438
0.394531 0.318117
0.402344 0.345932
0.410156 0.37386
0.417969 0.401882
0.425781 0.429976
0.433594 0.458125
0.441406 0.486309
0.449219 0.51451
0.457031 0.542709
0.464844 0.57089
0.472656 0.599035
0.480469 0.627126
0.488281 0.655147
0.496094 0.683081
0.503906 0.710909
0.511719 0.738617
0.519531 0.766186
0.527344 0.793598
0.535156 0.820838
0.542969 0.847887
0.550781 0.874727
0.558594 0.90134
0.566406 0.927709
0.574219 0.953813
0.582031 0.979634
0.589844 1.00515
0.597656 1.03035
0.605469 1.0552
0.613281 1.07969
0.621094 1.10379
0.628906 1.12749
0.636719 1.15076
0.644531 1.17357
0.652344 1.19591
0.660156 1.21775
0.667969 1.23906
0.675781 1.25983
0.683594 1.28002
0.691406 1.29961
0.699219 1.31857
0.707031 1.33688
0.714844 1.35451
0.722656 1.37144
0.730469 1.38763
0.738281 1.40306
0.746094 1.4177
0.753906 1.43152
0.761719 1.44449
0.769531 1.45659
0.777344 1.46779
0.785156 1.47806
0.792969 1.48737
0.800781 1.49569
0.808594 1.50299
0.816406 1.50923
0.824219 1.51439
0.832031 1.51843
0.839844 1.5213
0.847656 1.52296
0.855469 1.52336
0.863281 1.52243
0.871094 1.52009
0.878906 1.51626
0.886719 1.51081
0.894531 1.5036
0.902344 1.49445
0.910156 1.48313
0.917969 1.46936
0.925781 1.45277
0.933594 1.4329
0.941406 1.40919
0.949219 1.38091
0.957031 1.34716
0.964844 1.30684
0.972656 1.25858
0.980469 1.20071
0.988281 1.13124
0.996094 1.0478
