0 0
0.000488281 0.000714617
0.00146484 0.00214384
0.00244141 0.00357304
0.00341797 0.00500218
0.00439453 0.00643126
0.00537109 0.00786024
0.00634766 0.00928912
0.00732422 0.0107179
0.00830078 0.0121465
0.00927734 0.0135749
0.0102539 0.0150032
0.0112305 0.0164313
0.012207 0.0178591
0.0131836 0.0192868
0.0141602 0.0207142
0.0151367 0.0221413
0.0161133 0.0235682
0.0170898 0.0249948
0.0180664 0.0264211
0.019043 0.0278471
0.0200195 0.0292728
0.0209961 0.0306982
0.0219727 0.0321232
0.0229492 0.0335479
0.0239258 0.0349723
0.0249023 0.0363963
0.0258789 0.03782
0.0268555 0.0392433
0.027832 0.0406662
0.0288086 0.0420888
0.0297852 0.043511
0.0307617 0.0449328
0.0317383 0.0463543
0.0327148 0.0477753
0.0336914 0.049196
0.034668 0.0506163
0.0356445 0.0520362
0.0366211 0.0534557
0.0375977 0.0548748
0.0385742 0.0562935
0.0395508 0.0577118
0.0405273 0.0591297
0.0415039 0.0605473
0.0424805 0.0619644
0.043457 0.0633811
0.0444336 0.0647974
0.0454102 0.0662133
0.0463867 0.0676288
0.0473633 0.0690439
0.0483398 0.0704586
0.0493164 0.0718729
0.050293 0.0732867
0.0512695 0.0747002
0.0522461 0.0761133
0.0532227 0.0775259
0.0541992 0.0789382
0.0551758 0.08035
0.0561523 0.0817614
0.0571289 0.0831724
0.0581055 0.084583
0.059082 0.0859932
0.0600586 0.0874029
0.0610352 0.0888123
0.0620117 0.0902212
0.0629883 0.0916298
0.0639648 0.0930379
0.0649414 0.0944455
0.065918 0.0958528
0.0668945 0.0972597
0.0678711 0.0986661
0.0688477 0.100072
0.0698242 0.101478
0.0708008 0.102883
0.0717773 0.104288
0.0727539 0.105692
0.0737305 0.107096
0.074707 0.108499
0.0756836 0.109902
0.0766602 0.111305
0.0776367 0.112707
0.0786133 0.114109
0.0795898 0.11551
0.0805664 0.116911
0.081543 0.118312
0.0825195 0.119712
0.0834961 0.121112
0.0844727 0.122511
0.0854492 0.12391
0.0864258 0.125308
0.0874023 0.126706
0.0883789 0.128103
0.0893555 0.1295
0.090332 0.130897
0.0913086 0.132293
0.0922852 0.133689
0.0932617 0.135084
0.0942383 0.136479
0.0952148 0.137874
0.0961914 0.139268
0.097168 0.140661
0.0981445 0.142054
0.0991211 0.143447
0.100098 0.144839
0.101074 0.146231
0.102051 0.147623
0.103027 0.149014
0.104004 0.150404
0.10498 0.151794
0.105957 0.153184
0.106934 0.154573
0.10791 0.155962
0.108887 0.15735
0.109863 0.158738
0.11084 0.160125
0.111816 0.161512
0.112793 0.162899
0.11377 0.164285
0.114746 0.16567
0.115723 0.167055
0.116699 0.16844
0.117676 0.169824
0.118652 0.171208
0.119629 0.172591
0.120605 0.173974
0.121582 0.175357
0.122559 0.176739
0.123535 0.17812
0.124512 0.179501
0.125488 0.180882
0.126465 0.182262
0.127441 0.183642
0.128418 0.185021
0.129395 0.1864
0.130371 0.187778
0.131348 0.189156
0.132324 0.190533
0.133301 0.19191
0.134277 0.193287
0.135254 0.194663
0.13623 0.196038
0.137207 0.197413
0.138184 0.198788
0.13916 0.200162
0.140137 0.201535
0.141113 0.202909
0.14209 0.204281
0.143066 0.205654
0.144043 0.207025
0.14502 0.208397
0.145996 0.209768
0.146973 0.211138
0.147949 0.212508
0.148926 0.213877
0.149902 0.215246
0.150879 0.216615
0.151855 0.217983
0.152832 0.21935
0.153809 0.220717
0.154785 0.222084
0.155762 0.22345
0.156738 0.224815
0.157715 0.22618
0.158691 0.227545
0.159668 0.228909
0.160645 0.230273
0.161621 0.231636
0.162598 0.232999
0.163574 0.234361
0.164551 0.235723
0.165527 0.237084
0.166504 0.238445
0.16748 0.239805
0.168457 0.241165
0.169434 0.242524
0.17041 0.243883
0.171387 0.245241
0.172363 0.246599
0.17334 0.247956
0.174316 0.249313
0.175293 0.250669
0.17627 0.252025
0.177246 0.25338
0.178223 0.254735
0.179199 0.256089
0.180176 0.257443
0.181152 0.258797
0.182129 0.260149
0.183105 0.261502
0.184082 0.262854
0.185059 0.264205
0.186035 0.265556
0.187012 0.266906
0.187988 0.268256
0.188965 0.269605
0.189941 0.270954
0.190918 0.272302
0.191895 0.27365
0.192871 0.274997
0.193848 0.276344
0.194824 0.27769
0.195801 0.279036
0.196777 0.280381
0.197754 0.281726
0.19873 0.28307
0.199707 0.284413
0.200684 0.285757
0.20166 0.287099
0.202637 0.288441
0.203613 0.289783
0.20459 0.291124
0.205566 0.292465
0.206543 0.293805
0.20752 0.295144
0.208496 0.296483
0.209473 0.297821
0.210449 0.299159
0.211426 0.300497
0.212402 0.301834
0.213379 0.30317
0.214355 0.304506
0.215332 0.305841
0.216309 0.307176
0.217285 0.30851
0.218262 0.309844
0.219238 0.311177
0.220215 0.312509
0.221191 0.313841
0.222168 0.315173
0.223145 0.316504
0.224121 0.317834
0.225098 0.319164
0.226074 0.320494
0.227051 0.321823
0.228027 0.323151
0.229004 0.324479
0.22998 0.325806
0.230957 0.327133
0.231934 0.328459
0.23291 0.329784
0.233887 0.331109
0.234863 0.332434
0.23584 0.333758
0.236816 0.335081
0.237793 0.336404
0.23877 0.337726
0.239746 0.339048
0.240723 0.340369
0.241699 0.34169
0.242676 0.34301
0.243652 0.344329
0.244629 0.345648
0.245605 0.346967
0.246582 0.348284
0.247559 0.349602
0.248535 0.350918
0.249512 0.352234
0.250488 0.35355
0.251465 0.354865
0.252441 0.356179
0.253418 0.357493
0.254395 0.358807
0.255371 0.360119
0.256348 0.361431
0.257324 0.362743
0.258301 0.364054
0.259277 0.365364
0.260254 0.366674
0.26123 0.367984
0.262207 0.369292
0.263184 0.3706
0.26416 0.371908
0.265137 0.373215
0.266113 0.374521
0.26709 0.375827
0.268066 0.377132
0.269043 0.378437
0.27002 0.379741
0.270996 0.381045
0.271973 0.382348
0.272949 0.38365
0.273926 0.384952
0.274902 0.386253
0.275879 0.387553
0.276855 0.388853
0.277832 0.390152
0.278809 0.391451
0.279785 0.392749
0.280762 0.394047
0.281738 0.395344
0.282715 0.39664
0.283691 0.397936
0.284668 0.399231
0.285645 0.400526
0.286621 0.40182
0.287598 0.403113
0.288574 0.404406
0.289551 0.405698
0.290527 0.406989
0.291504 0.40828
0.29248 0.409571
0.293457 0.41086
0.294434 0.412149
0.29541 0.413438
0.296387 0.414726
0.297363 0.416013
0.29834 0.4173
0.299316 0.418586
0.300293 0.419871
0.30127 0.421156
0.302246 0.42244
0.303223 0.423723
0.304199 0.425006
0.305176 0.426289
0.306152 0.42757
0.307129 0.428851
0.308105 0.430132
0.309082 0.431411
0.310059 0.432691
0.311035 0.433969
0.312012 0.435247
0.312988 0.436524
0.313965 0.437801
0.314941 0.439077
0.315918 0.440352
0.316895 0.441627
0.317871 0.442901
0.318848 0.444174
0.319824 0.445447
0.320801 0.446719
0.321777 0.44799
0.322754 0.449261
0.32373 0.450531
0.324707 0.451801
0.325684 0.45307
0.32666 0.454338
0.327637 0.455606
0.328613 0.456872
0.32959 0.458139
0.330566 0.459404
0.331543 0.460669
0.33252 0.461933
0.333496 0.463197
0.334473 0.46446
0.335449 0.465722
0.336426 0.466984
0.337402 0.468245
0.338379 0.469505
0.339355 0.470765
0.340332 0.472024
0.341309 0.473282
0.342285 0.47454
0.343262 0.475796
0.344238 0.477053
0.345215 0.478308
0.346191 0.479563
0.347168 0.480817
0.348145 0.482071
0.349121 0.483324
0.350098 0.484576
0.351074 0.485827
0.352051 0.487078
0.353027 0.488328
0.354004 0.489578
0.35498 0.490826
0.355957 0.492074
0.356934 0.493322
0.35791 0.494568
0.358887 0.495814
0.359863 0.49706
0.36084 0.498304
0.361816 0.499548
0.362793 0.500791
0.36377 0.502034
0.364746 0.503275
0.365723 0.504516
0.366699 0.505757
0.367676 0.506996
0.368652 0.508235
0.369629 0.509473
0.370605 0.510711
0.371582 0.511948
0.372559 0.513184
0.373535 0.514419
0.374512 0.515654
0.375488 0.516887
0.376465 0.518121
0.377441 0.519353
0.378418 0.520585
0.379395 0.521816
0.380371 0.523046
0.381348 0.524276
0.382324 0.525504
0.383301 0.526732
0.384277 0.52796
0.385254 0.529186
0.38623 0.530412
0.387207 0.531637
0.388184 0.532862
0.38916 0.534085
0.390137 0.535308
0.391113 0.53653
0.39209 0.537752
0.393066 0.538972
0.394043 0.540192
0.39502 0.541411
0.395996 0.54263
0.396973 0.543847
0.397949 0.545064
0.398926 0.54628
0.399902 0.547496
0.400879 0.54871
0.401855 0.549924
0.402832 0.551137
0.403809 0.552349
0.404785 0.553561
0.405762 0.554772
0.406738 0.555982
0.407715 0.557191
0.408691 0.558399
0.409668 0.559607
0.410645 0.560814
0.411621 0.56202
0.412598 0.563225
0.413574 0.56443
0.414551 0.565633
0.415527 0.566836
0.416504 0.568039
0.41748 0.56924
0.418457 0.57044
0.419434 0.57164
0.42041 0.572839
0.421387 0.574037
0.422363 0.575235
0.42334 0.576431
0.424316 0.577627
0.425293 0.578822
0.42627 0.580016
0.427246 0.58121
0.428223 0.582402
0.429199 0.583594
0.430176 0.584785
0.431152 0.585975
0.432129 0.587164
0.433105 0.588353
0.434082 0.58954
0.435059 0.590727
0.436035 0.591913
0.437012 0.593098
0.437988 0.594283
0.438965 0.595466
0.439941 0.596649
0.440918 0.597831
0.441895 0.599012
0.442871 0.600192
0.443848 0.601371
0.444824 0.60255
0.445801 0.603727
0.446777 0.604904
0.447754 0.60608
0.44873 0.607255
0.449707 0.608429
0.450684 0.609603
0.45166 0.610775
0.452637 0.611947
0.453613 0.613118
0.45459 0.614288
0.455566 0.615457
0.456543 0.616625
0.45752 0.617792
0.458496 0.618959
0.459473 0.620124
0.460449 0.621289
0.461426 0.622453
0.462402 0.623616
0.463379 0.624778
0.464355 0.625939
0.465332 0.6271
0.466309 0.628259
0.467285 0.629418
0.468262 0.630575
0.469238 0.631732
0.470215 0.632888
0.471191 0.634043
0.472168 0.635197
0.473145 0.63635
0.474121 0.637502
0.475098 0.638654
0.476074 0.639804
0.477051 0.640954
0.478027 0.642102
0.479004 0.64325
0.47998 0.644397
0.480957 0.645543
0.481934 0.646688
0.48291 0.647832
0.483887 0.648975
0.484863 0.650117
0.48584 0.651258
0.486816 0.652398
0.487793 0.653538
0.48877 0.654676
0.489746 0.655813
0.490723 0.65695
0.491699 0.658086
0.492676 0.65922
0.493652 0.660354
0.494629 0.661487
0.495605 0.662618
0.496582 0.663749
0.497559 0.664879
0.498535 0.666008
0.499512 0.667136
0.500488 0.668263
0.501465 0.669389
0.502441 0.670514
0.503418 0.671638
0.504395 0.672761
0.505371 0.673883
0.506348 0.675004
0.507324 0.676124
0.508301 0.677243
0.509277 0.678362
0.510254 0.679479
0.51123 0.680595
0.512207 0.68171
0.513184 0.682824
0.51416 0.683937
0.515137 0.685049
0.516113 0.686161
0.51709 0.687271
0.518066 0.68838
0.519043 0.689488
0.52002 0.690595
0.520996 0.691701
0.521973 0.692806
0.522949 0.69391
0.523926 0.695013
0.524902 0.696115
0.525879 0.697216
0.526855 0.698316
0.527832 0.699415
0.528809 0.700512
0.529785 0.701609
0.530762 0.702705
0.531738 0.7038
0.532715 0.704893
0.533691 0.705986
0.534668 0.707077
0.535645 0.708168
0.536621 0.709257
0.537598 0.710345
0.538574 0.711432
0.539551 0.712519
0.540527 0.713604
0.541504 0.714688
0.54248 0.71577
0.543457 0.716852
0.544434 0.717933
0.54541 0.719013
0.546387 0.720091
0.547363 0.721168
0.54834 0.722245
0.549316 0.72332
0.550293 0.724394
0.55127 0.725467
0.552246 0.726539
0.553223 0.72761
0.554199 0.728679
0.555176 0.729748
0.556152 0.730815
0.557129 0.731882
0.558105 0.732947
0.559082 0.734011
0.560059 0.735074
0.561035 0.736135
0.562012 0.737196
0.562988 0.738255
0.563965 0.739314
0.564941 0.740371
0.565918 0.741427
0.566895 0.742482
0.567871 0.743535
0.568848 0.744588
0.569824 0.745639
0.570801 0.746689
0.571777 0.747738
0.572754 0.748786
0.57373 0.749832
0.574707 0.750878
0.575684 0.751922
0.57666 0.752965
0.577637 0.754007
0.578613 0.755047
0.57959 0.756087
0.580566 0.757125
0.581543 0.758162
0.58252 0.759198
0.583496 0.760232
0.584473 0.761265
0.585449 0.762297
0.586426 0.763328
0.587402 0.764358
0.588379 0.765386
0.589355 0.766413
0.590332 0.767439
0.591309 0.768464
0.592285 0.769487
0.593262 0.770509
0.594238 0.77153
0.595215 0.77255
0.596191 0.773568
0.597168 0.774585
0.598145 0.775601
0.599121 0.776615
0.600098 0.777629
0.601074 0.77864
0.602051 0.779651
0.603027 0.78066
0.604004 0.781668
0.60498 0.782675
0.605957 0.78368
0.606934 0.784685
0.60791 0.785687
0.608887 0.786689
0.609863 0.787689
0.61084 0.788688
0.611816 0.789685
0.612793 0.790681
0.61377 0.791676
0.614746 0.79267
0.615723 0.793662
0.616699 0.794652
0.617676 0.795642
0.618652 0.79663
0.619629 0.797616
0.620605 0.798602
0.621582 0.799585
0.622559 0.800568
0.623535 0.801549
0.624512 0.802529
0.625488 0.803507
0.626465 0.804484
0.627441 0.80546
0.628418 0.806434
0.629395 0.807406
0.630371 0.808378
0.631348 0.809348
0.632324 0.810316
0.633301 0.811283
0.634277 0.812249
0.635254 0.813213
0.63623 0.814175
0.637207 0.815137
0.638184 0.816097
0.63916 0.817055
0.640137 0.818012
0.641113 0.818967
0.64209 0.819921
0.643066 0.820873
0.644043 0.821824
0.64502 0.822774
0.645996 0.823722
0.646973 0.824668
0.647949 0.825613
0.648926 0.826557
0.649902 0.827499
0.650879 0.828439
0.651855 0.829378
0.652832 0.830315
0.653809 0.831251
0.654785 0.832185
0.655762 0.833118
0.656738 0.834049
0.657715 0.834979
0.658691 0.835907
0.659668 0.836833
0.660645 0.837758
0.661621 0.838682
0.662598 0.839603
0.663574 0.840523
0.664551 0.841442
0.665527 0.842359
0.666504 0.843274
0.66748 0.844188
0.668457 0.8451
0.669434 0.846011
0.67041 0.846919
0.671387 0.847827
0.672363 0.848732
0.67334 0.849636
0.674316 0.850538
0.675293 0.851439
0.67627 0.852338
0.677246 0.853235
0.678223 0.854131
0.679199 0.855025
0.680176 0.855917
0.681152 0.856807
0.682129 0.857696
0.683105 0.858583
0.684082 0.859469
0.685059 0.860352
0.686035 0.861234
0.687012 0.862114
0.687988 0.862993
0.688965 0.863869
0.689941 0.864744
0.690918 0.865617
0.691895 0.866489
0.692871 0.867358
0.693848 0.868226
0.694824 0.869092
0.695801 0.869957
0.696777 0.870819
0.697754 0.87168
0.69873 0.872538
0.699707 0.873395
0.700684 0.874251
0.70166 0.875104
0.702637 0.875955
0.703613 0.876805
0.70459 0.877653
0.705566 0.878499
0.706543 0.879343
0.70752 0.880185
0.708496 0.881025
0.709473 0.881863
0.710449 0.8827
0.711426 0.883534
0.712402 0.884367
0.713379 0.885198
0.714355 0.886026
0.715332 0.886853
0.716309 0.887678
0.717285 0.888501
0.718262 0.889322
0.719238 0.890141
0.720215 0.890958
0.721191 0.891773
0.722168 0.892586
0.723145 0.893396
0.724121 0.894205
0.725098 0.895012
0.726074 0.895817
0.727051 0.89662
0.728027 0.897421
0.729004 0.89822
0.72998 0.899016
0.730957 0.899811
0.731934 0.900603
0.73291 0.901394
0.733887 0.902182
0.734863 0.902968
0.73584 0.903752
0.736816 0.904534
0.737793 0.905314
0.73877 0.906091
0.739746 0.906867
0.740723 0.90764
0.741699 0.908411
0.742676 0.90918
0.743652 0.909947
0.744629 0.910712
0.745605 0.911474
0.746582 0.912234
0.747559 0.912992
0.748535 0.913747
0.749512 0.914501
0.750488 0.915252
0.751465 0.916001
0.752441 0.916747
0.753418 0.917491
0.754395 0.918233
0.755371 0.918973
0.756348 0.91971
0.757324 0.920445
0.758301 0.921178
0.759277 0.921908
0.760254 0.922636
0.76123 0.923361
0.762207 0.924084
0.763184 0.924805
0.76416 0.925523
0.765137 0.926239
0.766113 0.926952
0.76709 0.927663
0.768066 0.928372
0.769043 0.929078
0.77002 0.929781
0.770996 0.930482
0.771973 0.931181
0.772949 0.931877
0.773926 0.93257
0.774902 0.933261
0.775879 0.93395
0.776855 0.934635
0.777832 0.935318
0.778809 0.935999
0.779785 0.936677
0.780762 0.937352
0.781738 0.938025
0.782715 0.938695
0.783691 0.939363
0.784668 0.940027
0.785645 0.940689
0.786621 0.941349
0.787598 0.942005
0.788574 0.942659
0.789551 0.943311
0.790527 0.943959
0.791504 0.944605
0.79248 0.945247
0.793457 0.945888
0.794434 0.946525
0.79541 0.947159
0.796387 0.947791
0.797363 0.948419
0.79834 0.949045
0.799316 0.949668
0.800293 0.950288
0.80127 0.950905
0.802246 0.95152
0.803223 0.952131
0.804199 0.952739
0.805176 0.953344
0.806152 0.953947
0.807129 0.954546
0.808105 0.955142
0.809082 0.955735
0.810059 0.956326
0.811035 0.956913
0.812012 0.957497
0.812988 0.958077
0.813965 0.958655
0.814941 0.95923
0.815918 0.959801
0.816895 0.960369
0.817871 0.960934
0.818848 0.961496
0.819824 0.962055
0.820801 0.96261
0.821777 0.963162
0.822754 0.963711
0.82373 0.964256
0.824707 0.964798
0.825684 0.965337
0.82666 0.965872
0.827637 0.966404
0.828613 0.966932
0.82959 0.967457
0.830566 0.967979
0.831543 0.968497
0.83252 0.969012
0.833496 0.969523
0.834473 0.970031
0.835449 0.970535
0.836426 0.971035
0.837402 0.971532
0.838379 0.972025
0.839355 0.972515
0.840332 0.973001
0.841309 0.973483
0.842285 0.973961
0.843262 0.974436
0.844238 0.974907
0.845215 0.975374
0.846191 0.975838
0.847168 0.976297
0.848145 0.976753
0.849121 0.977205
0.850098 0.977653
0.851074 0.978097
0.852051 0.978537
0.853027 0.978973
0.854004 0.979405
0.85498 0.979833
0.855957 0.980256
0.856934 0.980676
0.85791 0.981092
0.858887 0.981503
0.859863 0.981911
0.86084 0.982314
0.861816 0.982713
0.862793 0.983108
0.86377 0.983498
0.864746 0.983884
0.865723 0.984266
0.866699 0.984643
0.867676 0.985016
0.868652 0.985384
0.869629 0.985748
0.870605 0.986108
0.871582 0.986463
0.872559 0.986813
0.873535 0.987159
0.874512 0.9875
0.875488 0.987836
0.876465 0.988168
0.877441 0.988495
0.878418 0.988817
0.879395 0.989135
0.880371 0.989447
0.881348 0.989755
0.882324 0.990058
0.883301 0.990355
0.884277 0.990648
0.885254 0.990936
0.88623 0.991219
0.887207 0.991496
0.888184 0.991769
0.88916 0.992036
0.890137 0.992298
0.891113 0.992555
0.89209 0.992806
0.893066 0.993052
0.894043 0.993293
0.89502 0.993528
0.895996 0.993758
0.896973 0.993982
0.897949 0.994201
0.898926 0.994414
0.899902 0.994621
0.900879 0.994822
0.901855 0.995018
0.902832 0.995208
0.903809 0.995392
0.904785 0.995571
0.905762 0.995743
0.906738 0.995909
0.907715 0.996069
0.908691 0.996223
0.909668 0.996371
0.910645 0.996513
0.911621 0.996648
0.912598 0.996777
0.913574 0.9969
0.914551 0.997016
0.915527 0.997126
0.916504 0.997229
0.91748 0.997325
0.918457 0.997415
0.919434 0.997498
0.92041 0.997574
0.921387 0.997643
0.922363 0.997706
0.92334 0.997761
0.924316 0.997809
0.925293 0.99785
0.92627 0.997884
0.927246 0.997911
0.928223 0.99793
0.929199 0.997942
0.930176 0.997946
0.931152 0.997942
0.932129 0.997931
0.933105 0.997912
0.934082 0.997886
0.935059 0.997851
0.936035 0.997809
0.937012 0.997758
0.937988 0.997699
0.938965 0.997632
0.939941 0.997557
0.940918 0.997473
0.941895 0.997381
0.942871 0.99728
0.943848 0.99717
0.944824 0.997052
0.945801 0.996925
0.946777 0.996788
0.947754 0.996643
0.94873 0.996488
0.949707 0.996324
0.950684 0.996151
0.95166 0.995968
0.952637 0.995775
0.953613 0.995573
0.95459 0.995361
0.955566 0.995138
0.956543 0.994906
0.95752 0.994662
0.958496 0.994411
0.959473 0.994145
0.960449 0.993876
0.961426 0.993583
0.962402 0.993299
0.963379 0.992973
0.964355 0.992685
0.965332 0.992308
0.966309 0.992042
0.967285 0.991572
0.968262 0.991391
0.969238 0.990729
0.970215 0.990785
0.971191 0.989691
0.972168 0.990358
0.973145 0.988249
0.974121 0.990435
0.975098 0.985899
0.976074 0.991812
0.977051 0.981436
0.978027 0.996451
0.979004 0.97201
0.97998 1.0093
0.980957 0.951172
0.981934 1.04344
0.98291 0.905922
0.983887 1.13689
0.984863 0.819516
0.98584 1.41423
0.986816 0.71552
0.987793 2.25889
0.98877 0.736592
0.989746 4.12944
0.990723 0.993492
0.991699 6.64423
0.992676 1.39244
0.993652 9.363
0.994629 -0.290875
0.995605 -0.218317
0.996582 0.0545235
0.997559 -0.00253062
0.998535 -0.0170308
0.999512 -0.00770198
1 0
