0 0
0.000488281 0.000709428
0.00146484 0.00212828
0.00244141 0.00354709
0.00341797 0.00496586
0.00439453 0.00638457
0.00537109 0.00780318
0.00634766 0.00922169
0.00732422 0.0106401
0.00830078 0.0120583
0.00927734 0.0134764
0.0102539 0.0148943
0.0112305 0.0163121
0.012207 0.0177296
0.0131836 0.0191469
0.0141602 0.020564
0.0151367 0.0219808
0.0161133 0.0233974
0.0170898 0.0248137
0.0180664 0.0262297
0.019043 0.0276454
0.0200195 0.0290608
0.0209961 0.0304759
0.0219727 0.0318907
0.0229492 0.0333052
0.0239258 0.0347193
0.0249023 0.0361331
0.0258789 0.0375465
0.0268555 0.0389596
0.027832 0.0403724
0.0288086 0.0417847
0.0297852 0.0431968
0.0307617 0.0446084
0.0317383 0.0460197
0.0327148 0.0474306
0.0336914 0.0488411
0.034668 0.0502512
0.0356445 0.051661
0.0366211 0.0530704
0.0375977 0.0544794
0.0385742 0.055888
0.0395508 0.0572962
0.0405273 0.058704
0.0415039 0.0601114
0.0424805 0.0615185
0.043457 0.0629251
0.0444336 0.0643314
0.0454102 0.0657373
0.0463867 0.0671427
0.0473633 0.0685478
0.0483398 0.0699525
0.0493164 0.0713567
0.050293 0.0727606
0.0512695 0.0741641
0.0522461 0.0755672
0.0532227 0.0769698
0.0541992 0.0783721
0.0551758 0.079774
0.0561523 0.0811755
0.0571289 0.0825765
0.0581055 0.0839772
0.059082 0.0853775
0.0600586 0.0867773
0.0610352 0.0881768
0.0620117 0.0895758
0.0629883 0.0909744
0.0639648 0.0923727
0.0649414 0.0937705
0.065918 0.0951679
0.0668945 0.0965649
0.0678711 0.0979615
0.0688477 0.0993577
0.0698242 0.100753
0.0708008 0.102149
0.0717773 0.103544
0.0727539 0.104938
0.0737305 0.106332
0.074707 0.107726
0.0756836 0.109119
0.0766602 0.110512
0.0776367 0.111905
0.0786133 0.113297
0.0795898 0.114689
0.0805664 0.11608
0.081543 0.117471
0.0825195 0.118861
0.0834961 0.120251
0.0844727 0.12164
0.0854492 0.12303
0.0864258 0.124418
0.0874023 0.125807
0.0883789 0.127194
0.0893555 0.128582
0.090332 0.129969
0.0913086 0.131355
0.0922852 0.132742
0.0932617 0.134127
0.0942383 0.135513
0.0952148 0.136897
0.0961914 0.138282
0.097168 0.139666
0.0981445 0.14105
0.0991211 0.142433
0.100098 0.143815
0.101074 0.145198
0.102051 0.14658
0.103027 0.147961
0.104004 0.149342
0.10498 0.150723
0.105957 0.152103
0.106934 0.153483
0.10791 0.154862
0.108887 0.156241
0.109863 0.157619
0.11084 0.158997
0.111816 0.160375
0.112793 0.161752
0.11377 0.163128
0.114746 0.164505
0.115723 0.16588
0.116699 0.167256
0.117676 0.168631
0.118652 0.170005
0.119629 0.171379
0.120605 0.172753
0.121582 0.174126
0.122559 0.175498
0.123535 0.176871
0.124512 0.178242
0.125488 0.179614
0.126465 0.180985
0.127441 0.182355
0.128418 0.183725
0.129395 0.185095
0.130371 0.186464
0.131348 0.187832
0.132324 0.1892
0.133301 0.190568
0.134277 0.191935
0.135254 0.193302
0.13623 0.194669
0.137207 0.196035
0.138184 0.1974
0.13916 0.198765
0.140137 0.20013
0.141113 0.201494
0.14209 0.202857
0.143066 0.20422
0.144043 0.205583
0.14502 0.206945
0.145996 0.208307
0.146973 0.209669
0.147949 0.211029
0.148926 0.21239
0.149902 0.21375
0.150879 0.215109
0.151855 0.216468
0.152832 0.217827
0.153809 0.219185
0.154785 0.220542
0.155762 0.2219
0.156738 0.223256
0.157715 0.224612
0.158691 0.225968
0.159668 0.227323
0.160645 0.228678
0.161621 0.230032
0.162598 0.231386
0.163574 0.23274
0.164551 0.234092
0.165527 0.235445
0.166504 0.236797
0.16748 0.238148
0.168457 0.239499
0.169434 0.24085
0.17041 0.2422
0.171387 0.243549
0.172363 0.244898
0.17334 0.246247
0.174316 0.247595
0.175293 0.248942
0.17627 0.25029
0.177246 0.251636
0.178223 0.252982
0.179199 0.254328
0.180176 0.255673
0.181152 0.257018
0.182129 0.258362
0.183105 0.259706
0.184082 0.261049
0.185059 0.262391
0.186035 0.263734
0.187012 0.265075
0.187988 0.266417
0.188965 0.267757
0.189941 0.269098
0.190918 0.270437
0.191895 0.271776
0.192871 0.273115
0.193848 0.274453
0.194824 0.275791
0.195801 0.277128
0.196777 0.278465
0.197754 0.279801
0.19873 0.281137
0.199707 0.282472
0.200684 0.283807
0.20166 0.285141
0.202637 0.286475
0.203613 0.287808
0.20459 0.289141
0.205566 0.290473
0.206543 0.291805
0.20752 0.293136
0.208496 0.294466
0.209473 0.295797
0.210449 0.297126
0.211426 0.298455
0.212402 0.299784
0.213379 0.301112
0.214355 0.302439
0.215332 0.303766
0.216309 0.305093
0.217285 0.306419
0.218262 0.307744
0.219238 0.309069
0.220215 0.310394
0.221191 0.311718
0.222168 0.313041
0.223145 0.314364
0.224121 0.315686
0.225098 0.317008
0.226074 0.318329
0.227051 0.31965
0.228027 0.32097
0.229004 0.32229
0.22998 0.323609
0.230957 0.324928
0.231934 0.326246
0.23291 0.327563
0.233887 0.32888
0.234863 0.330197
0.23584 0.331513
0.236816 0.332828
0.237793 0.334143
0.23877 0.335457
0.239746 0.336771
0.240723 0.338084
0.241699 0.339397
0.242676 0.340709
0.243652 0.342021
0.244629 0.343332
0.245605 0.344642
0.246582 0.345952
0.247559 0.347262
0.248535 0.348571
0.249512 0.349879
0.250488 0.351187
0.251465 0.352494
0.252441 0.353801
0.253418 0.355107
0.254395 0.356412
0.255371 0.357717
0.256348 0.359022
0.257324 0.360326
0.258301 0.361629
0.259277 0.362932
0.260254 0.364234
0.26123 0.365536
0.262207 0.366837
0.263184 0.368137
0.26416 0.369437
0.265137 0.370736
0.266113 0.372035
0.26709 0.373334
0.268066 0.374631
0.269043 0.375928
0.27002 0.377225
0.270996 0.378521
0.271973 0.379816
0.272949 0.381111
0.273926 0.382405
0.274902 0.383699
0.275879 0.384992
0.276855 0.386284
0.277832 0.387576
0.278809 0.388868
0.279785 0.390158
0.280762 0.391449
0.281738 0.392738
0.282715 0.394027
0.283691 0.395316
0.284668 0.396604
0.285645 0.397891
0.286621 0.399177
0.287598 0.400463
0.288574 0.401749
0.289551 0.403034
0.290527 0.404318
0.291504 0.405602
0.29248 0.406885
0.293457 0.408167
0.294434 0.409449
0.29541 0.410731
0.296387 0.412011
0.297363 0.413291
0.29834 0.414571
0.299316 0.41585
0.300293 0.417128
0.30127 0.418406
0.302246 0.419683
0.303223 0.420959
0.304199 0.422235
0.305176 0.42351
0.306152 0.424785
0.307129 0.426059
0.308105 0.427332
0.309082 0.428605
0.310059 0.429877
0.311035 0.431149
0.312012 0.43242
0.312988 0.43369
0.313965 0.43496
0.314941 0.436229
0.315918 0.437498
0.316895 0.438765
0.317871 0.440033
0.318848 0.441299
0.319824 0.442565
0.320801 0.44383
0.321777 0.445095
0.322754 0.446359
0.32373 0.447623
0.324707 0.448885
0.325684 0.450147
0.32666 0.451409
0.327637 0.45267
0.328613 0.45393
0.32959 0.45519
0.330566 0.456449
0.331543 0.457707
0.33252 0.458965
0.333496 0.460222
0.334473 0.461478
0.335449 0.462734
0.336426 0.463989
0.337402 0.465243
0.338379 0.466497
0.339355 0.46775
0.340332 0.469003
0.341309 0.470254
0.342285 0.471506
0.343262 0.472756
0.344238 0.474006
0.345215 0.475255
0.346191 0.476504
0.347168 0.477751
0.348145 0.478999
0.349121 0.480245
0.350098 0.481491
0.351074 0.482736
0.352051 0.483981
0.353027 0.485225
0.354004 0.486468
0.35498 0.48771
0.355957 0.488952
0.356934 0.490193
0.35791 0.491434
0.358887 0.492673
0.359863 0.493912
0.36084 0.495151
0.361816 0.496389
0.362793 0.497626
0.36377 0.498862
0.364746 0.500098
0.365723 0.501333
0.366699 0.502567
0.367676 0.503801
0.368652 0.505033
0.369629 0.506266
0.370605 0.507497
0.371582 0.508728
0.372559 0.509958
0.373535 0.511188
0.374512 0.512416
0.375488 0.513644
0.376465 0.514872
0.377441 0.516098
0.378418 0.517324
0.379395 0.518549
0.380371 0.519774
0.381348 0.520997
0.382324 0.52222
0.383301 0.523443
0.384277 0.524664
0.385254 0.525885
0.38623 0.527105
0.387207 0.528325
0.388184 0.529544
0.38916 0.530762
0.390137 0.531979
0.391113 0.533195
0.39209 0.534411
0.393066 0.535626
0.394043 0.536841
0.39502 0.538054
0.395996 0.539267
0.396973 0.540479
0.397949 0.541691
0.398926 0.542901
0.399902 0.544111
0.400879 0.54532
0.401855 0.546529
0.402832 0.547736
0.403809 0.548943
0.404785 0.55015
0.405762 0.551355
0.406738 0.55256
0.407715 0.553764
0.408691 0.554967
0.409668 0.556169
0.410645 0.557371
0.411621 0.558572
0.412598 0.559772
0.413574 0.560971
0.414551 0.56217
0.415527 0.563368
0.416504 0.564565
0.41748 0.565761
0.418457 0.566956
0.419434 0.568151
0.42041 0.569345
0.421387 0.570538
0.422363 0.571731
0.42334 0.572922
0.424316 0.574113
0.425293 0.575303
0.42627 0.576492
0.427246 0.577681
0.428223 0.578869
0.429199 0.580055
0.430176 0.581242
0.431152 0.582427
0.432129 0.583611
0.433105 0.584795
0.434082 0.585978
0.435059 0.58716
0.436035 0.588341
0.437012 0.589522
0.437988 0.590701
0.438965 0.59188
0.439941 0.593058
0.440918 0.594236
0.441895 0.595412
0.442871 0.596588
0.443848 0.597762
0.444824 0.598936
0.445801 0.60011
0.446777 0.601282
0.447754 0.602453
0.44873 0.603624
0.449707 0.604794
0.450684 0.605963
0.45166 0.607131
0.452637 0.608298
0.453613 0.609465
0.45459 0.61063
0.455566 0.611795
0.456543 0.612959
0.45752 0.614122
0.458496 0.615284
0.459473 0.616446
0.460449 0.617606
0.461426 0.618766
0.462402 0.619925
0.463379 0.621083
0.464355 0.62224
0.465332 0.623396
0.466309 0.624552
0.467285 0.625706
0.468262 0.62686
0.469238 0.628012
0.470215 0.629164
0.471191 0.630315
0.472168 0.631465
0.473145 0.632615
0.474121 0.633763
0.475098 0.634911
0.476074 0.636057
0.477051 0.637203
0.478027 0.638348
0.479004 0.639492
0.47998 0.640635
0.480957 0.641777
0.481934 0.642918
0.48291 0.644059
0.483887 0.645198
0.484863 0.646336
0.48584 0.647474
0.486816 0.648611
0.487793 0.649747
0.48877 0.650882
0.489746 0.652015
0.490723 0.653149
0.491699 0.654281
0.492676 0.655412
0.493652 0.656542
0.494629 0.657672
0.495605 0.6588
0.496582 0.659927
0.497559 0.661054
0.498535 0.66218
0.499512 0.663304
0.500488 0.664428
0.501465 0.665551
0.502441 0.666673
0.503418 0.667793
0.504395 0.668913
0.505371 0.670032
0.506348 0.67115
0.507324 0.672267
0.508301 0.673384
0.509277 0.674499
0.510254 0.675613
0.51123 0.676726
0.512207 0.677838
0.513184 0.67895
0.51416 0.68006
0.515137 0.681169
0.516113 0.682277
0.51709 0.683385
0.518066 0.684491
0.519043 0.685596
0.52002 0.686701
0.520996 0.687804
0.521973 0.688907
0.522949 0.690008
0.523926 0.691108
0.524902 0.692208
0.525879 0.693306
0.526855 0.694403
0.527832 0.6955
0.528809 0.696595
0.529785 0.697689
0.530762 0.698782
0.531738 0.699875
0.532715 0.700966
0.533691 0.702056
0.534668 0.703145
0.535645 0.704233
0.536621 0.70532
0.537598 0.706407
0.538574 0.707492
0.539551 0.708575
0.540527 0.709658
0.541504 0.71074
0.54248 0.711821
0.543457 0.712901
0.544434 0.713979
0.54541 0.715057
0.546387 0.716134
0.547363 0.717209
0.54834 0.718283
0.549316 0.719357
0.550293 0.720429
0.55127 0.7215
0.552246 0.72257
0.553223 0.723639
0.554199 0.724707
0.555176 0.725774
0.556152 0.72684
0.557129 0.727904
0.558105 0.728968
0.559082 0.73003
0.560059 0.731091
0.561035 0.732152
0.562012 0.733211
0.562988 0.734269
0.563965 0.735326
0.564941 0.736381
0.565918 0.737436
0.566895 0.738489
0.567871 0.739542
0.568848 0.740593
0.569824 0.741643
0.570801 0.742692
0.571777 0.743739
0.572754 0.744786
0.57373 0.745831
0.574707 0.746876
0.575684 0.747919
0.57666 0.748961
0.577637 0.750002
0.578613 0.751041
0.57959 0.75208
0.580566 0.753117
0.581543 0.754153
0.58252 0.755188
0.583496 0.756222
0.584473 0.757254
0.585449 0.758285
0.586426 0.759316
0.587402 0.760344
0.588379 0.761372
0.589355 0.762399
0.590332 0.763424
0.591309 0.764448
0.592285 0.765471
0.593262 0.766493
0.594238 0.767513
0.595215 0.768532
0.596191 0.76955
0.597168 0.770567
0.598145 0.771582
0.599121 0.772596
0.600098 0.773609
0.601074 0.774621
0.602051 0.775632
0.603027 0.776641
0.604004 0.777649
0.60498 0.778655
0.605957 0.779661
0.606934 0.780665
0.60791 0.781668
0.608887 0.782669
0.609863 0.783669
0.61084 0.784668
0.611816 0.785666
0.612793 0.786662
0.61377 0.787657
0.614746 0.788651
0.615723 0.789644
0.616699 0.790635
0.617676 0.791624
0.618652 0.792613
0.619629 0.7936
0.620605 0.794586
0.621582 0.79557
0.622559 0.796553
0.623535 0.797535
0.624512 0.798516
0.625488 0.799495
0.626465 0.800472
0.627441 0.801449
0.628418 0.802424
0.629395 0.803397
0.630371 0.804369
0.631348 0.80534
0.632324 0.80631
0.633301 0.807278
0.634277 0.808244
0.635254 0.80921
0.63623 0.810174
0.637207 0.811136
0.638184 0.812097
0.63916 0.813057
0.640137 0.814015
0.641113 0.814972
0.64209 0.815927
0.643066 0.816881
0.644043 0.817833
0.64502 0.818784
0.645996 0.819734
0.646973 0.820682
0.647949 0.821628
0.648926 0.822574
0.649902 0.823517
0.650879 0.824459
0.651855 0.8254
0.652832 0.826339
0.653809 0.827277
0.654785 0.828213
0.655762 0.829148
0.656738 0.830081
0.657715 0.831013
0.658691 0.831943
0.659668 0.832872
0.660645 0.833799
0.661621 0.834725
0.662598 0.835649
0.663574 0.836571
0.664551 0.837492
0.665527 0.838411
0.666504 0.839329
0.66748 0.840246
0.668457 0.84116
0.669434 0.842073
0.67041 0.842985
0.671387 0.843895
0.672363 0.844803
0.67334 0.84571
0.674316 0.846615
0.675293 0.847519
0.67627 0.848421
0.677246 0.849321
0.678223 0.85022
0.679199 0.851117
0.680176 0.852012
0.681152 0.852906
0.682129 0.853798
0.683105 0.854688
0.684082 0.855577
0.685059 0.856464
0.686035 0.857349
0.687012 0.858233
0.687988 0.859115
0.688965 0.859995
0.689941 0.860874
0.690918 0.861751
0.691895 0.862626
0.692871 0.8635
0.693848 0.864371
0.694824 0.865241
0.695801 0.86611
0.696777 0.866976
0.697754 0.867841
0.69873 0.868704
0.699707 0.869565
0.700684 0.870424
0.70166 0.871282
0.702637 0.872138
0.703613 0.872992
0.70459 0.873844
0.705566 0.874695
0.706543 0.875543
0.70752 0.87639
0.708496 0.877235
0.709473 0.878078
0.710449 0.878919
0.711426 0.879759
0.712402 0.880596
0.713379 0.881432
0.714355 0.882266
0.715332 0.883098
0.716309 0.883928
0.717285 0.884756
0.718262 0.885582
0.719238 0.886406
0.720215 0.887229
0.721191 0.888049
0.722168 0.888868
0.723145 0.889684
0.724121 0.890499
0.725098 0.891312
0.726074 0.892122
0.727051 0.892931
0.728027 0.893738
0.729004 0.894542
0.72998 0.895345
0.730957 0.896146
0.731934 0.896944
0.73291 0.897741
0.733887 0.898536
0.734863 0.899328
0.73584 0.900119
0.736816 0.900907
0.737793 0.901693
0.73877 0.902478
0.739746 0.90326
0.740723 0.90404
0.741699 0.904818
0.742676 0.905594
0.743652 0.906367
0.744629 0.907139
0.745605 0.907909
0.746582 0.908676
0.747559 0.909441
0.748535 0.910204
0.749512 0.910965
0.750488 0.911723
0.751465 0.91248
0.752441 0.913234
0.753418 0.913986
0.754395 0.914735
0.755371 0.915483
0.756348 0.916228
0.757324 0.916971
0.758301 0.917712
0.759277 0.91845
0.760254 0.919186
0.76123 0.91992
0.762207 0.920651
0.763184 0.92138
0.76416 0.922107
0.765137 0.922832
0.766113 0.923554
0.76709 0.924273
0.768066 0.924991
0.769043 0.925706
0.77002 0.926418
0.770996 0.927128
0.771973 0.927836
0.772949 0.928541
0.773926 0.929244
0.774902 0.929944
0.775879 0.930642
0.776855 0.931338
0.777832 0.93203
0.778809 0.932721
0.779785 0.933409
0.780762 0.934094
0.781738 0.934777
0.782715 0.935457
0.783691 0.936135
0.784668 0.93681
0.785645 0.937482
0.786621 0.938152
0.787598 0.938819
0.788574 0.939484
0.789551 0.940146
0.790527 0.940805
0.791504 0.941462
0.79248 0.942115
0.793457 0.942767
0.794434 0.943415
0.79541 0.944061
0.796387 0.944704
0.797363 0.945344
0.79834 0.945981
0.799316 0.946616
0.800293 0.947248
0.80127 0.947877
0.802246 0.948503
0.803223 0.949127
0.804199 0.949747
0.805176 0.950365
0.806152 0.950979
0.807129 0.951591
0.808105 0.9522
0.809082 0.952806
0.810059 0.953409
0.811035 0.954009
0.812012 0.954606
0.812988 0.9552
0.813965 0.955791
0.814941 0.956379
0.815918 0.956964
0.816895 0.957546
0.817871 0.958125
0.818848 0.9587
0.819824 0.959273
0.820801 0.959842
0.821777 0.960408
0.822754 0.960971
0.82373 0.961531
0.824707 0.962088
0.825684 0.962641
0.82666 0.963191
0.827637 0.963738
0.828613 0.964282
0.82959 0.964822
0.830566 0.965359
0.831543 0.965893
0.83252 0.966423
0.833496 0.96695
0.834473 0.967473
0.835449 0.967993
0.836426 0.96851
0.837402 0.969023
0.838379 0.969532
0.839355 0.970038
0.840332 0.970541
0.841309 0.97104
0.842285 0.971535
0.843262 0.972027
0.844238 0.972515
0.845215 0.973
0.846191 0.973481
0.847168 0.973958
0.848145 0.974431
0.849121 0.974901
0.850098 0.975367
0.851074 0.975829
0.852051 0.976287
0.853027 0.976742
0.854004 0.977193
0.85498 0.977639
0.855957 0.978082
0.856934 0.978521
0.85791 0.978956
0.858887 0.979387
0.859863 0.979814
0.86084 0.980237
0.861816 0.980656
0.862793 0.981071
0.86377 0.981481
0.864746 0.981888
0.865723 0.98229
0.866699 0.982688
0.867676 0.983082
0.868652 0.983472
0.869629 0.983857
0.870605 0.984238
0.871582 0.984615
0.872559 0.984987
0.873535 0.985355
0.874512 0.985718
0.875488 0.986077
0.876465 0.986432
0.877441 0.986781
0.878418 0.987127
0.879395 0.987467
0.880371 0.987803
0.881348 0.988135
0.882324 0.988461
0.883301 0.988783
0.884277 0.9891
0.885254 0.989412
0.88623 0.98972
0.887207 0.990022
0.888184 0.99032
0.88916 0.990612
0.890137 0.9909
0.891113 0.991182
0.89209 0.99146
0.893066 0.991732
0.894043 0.991999
0.89502 0.992261
0.895996 0.992518
0.896973 0.992769
0.897949 0.993015
0.898926 0.993256
0.899902 0.993491
0.900879 0.993721
0.901855 0.993945
0.902832 0.994164
0.903809 0.994377
0.904785 0.994584
0.905762 0.994786
0.906738 0.994982
0.907715 0.995172
0.908691 0.995357
0.909668 0.995535
0.910645 0.995708
0.911621 0.995874
0.912598 0.996035
0.913574 0.996189
0.914551 0.996337
0.915527 0.996479
0.916504 0.996615
0.91748 0.996745
0.918457 0.996868
0.919434 0.996984
0.92041 0.997094
0.921387 0.997198
0.922363 0.997295
0.92334 0.997385
0.924316 0.997468
0.925293 0.997545
0.92627 0.997615
0.927246 0.997678
0.928223 0.997733
0.929199 0.997782
0.930176 0.997824
0.931152 0.997858
0.932129 0.997885
0.933105 0.997905
0.934082 0.997917
0.935059 0.997922
0.936035 0.997919
0.937012 0.997909
0.937988 0.997891
0.938965 0.997865
0.939941 0.997831
0.940918 0.997789
0.941895 0.997739
0.942871 0.997681
0.943848 0.997614
0.944824 0.997539
0.945801 0.997456
0.946777 0.997364
0.947754 0.997264
0.94873 0.997155
0.949707 0.997037
0.950684 0.99691
0.95166 0.996774
0.952637 0.99663
0.953613 0.996475
0.95459 0.996312
0.955566 0.996139
0.956543 0.995957
0.95752 0.995763
0.958496 0.995564
0.959473 0.995348
0.960449 0.995133
0.961426 0.99489
0.962402 0.994665
0.963379 0.994386
0.964355 0.994163
0.965332 0.993826
0.966309 0.993639
0.967285 0.993191
0.968262 0.993121
0.969238 0.992434
0.970215 0.992678
0.971191 0.991446
0.972168 0.992479
0.973145 0.989963
0.974121 0.992933
0.975098 0.987355
0.976074 0.995039
0.977051 0.982125
0.978027 1.00126
0.979004 0.970785
0.97998 1.01781
0.980957 0.945622
0.981934 1.06136
0.98291 0.892046
0.983887 1.18153
0.984863 0.796423
0.98584 1.54257
0.986816 0.705973
0.987793 2.59756
0.98877 0.778927
0.989746 4.65827
0.990723 1.07857
0.991699 7.23039
0.992676 1.49164
0.993652 9.9615
0.994629 -0.290675
0.995605 -0.215417
0.996582 0.0876147
0.997559 0.024198
0.998535 -0.00360274
0.999512 -0.0039653
1 0
