0.00195312 0.0011647
0.00585938 0.0034941
0.00976562 0.00582348
0.0136719 0.00815286
0.0175781 0.0104822
0.0214844 0.0128116
0.0253906 0.0151409
0.0292969 0.0174701
0.0332031 0.0197994
0.0371094 0.0221286
0.0410156 0.0244577
0.0449219 0.0267868
0.0488281 0.0291158
0.0527344 0.0314448
0.0566406 0.0337737
0.0605469 0.0361025
0.0644531 0.0384312
0.0683594 0.0407599
0.0722656 0.0430884
0.0761719 0.0454169
0.0800781 0.0477453
0.0839844 0.0500735
0.0878906 0.0524017
0.0917969 0.0547297
0.0957031 0.0570576
0.0996094 0.0593854
0.103516 0.0617131
0.107422 0.0640406
0.111328 0.066368
0.115234 0.0686952
0.119141 0.0710223
0.123047 0.0733492
0.126953 0.0756759
0.130859 0.0780025
0.134766 0.0803289
0.138672 0.0826552
0.142578 0.0849812
0.146484 0.0873071
0.150391 0.0896328
0.154297 0.0919583
0.158203 0.0942835
0.162109 0.0966086
0.166016 0.0989335
0.169922 0.101258
0.173828 0.103583
0.177734 0.105907
0.181641 0.108231
0.185547 0.110554
0.189453 0.112878
0.193359 0.115201
0.197266 0.117524
0.201172 0.119847
0.205078 0.122169
0.208984 0.124491
0.212891 0.126813
0.216797 0.129135
0.220703 0.131456
0.224609 0.133777
0.228516 0.136098
0.232422 0.138418
0.236328 0.140739
0.240234 0.143058
0.244141 0.145378
0.248047 0.147697
0.251953 0.150016
0.255859 0.152335
0.259766 0.154653
0.263672 0.156971
0.267578 0.159288
0.271484 0.161605
0.275391 0.163922
0.279297 0.166239
0.283203 0.168555
0.287109 0.170871
0.291016 0.173186
0.294922 0.175501
0.298828 0.177815
0.302734 0.18013
0.306641 0.182443
0.310547 0.184757
0.314453 0.18707
0.318359 0.189383
0.322266 0.191695
0.326172 0.194006
0.330078 0.196318
0.333984 0.198629
0.337891 0.200939
0.341797 0.203249
0.345703 0.205559
0.349609 0.207868
0.353516 0.210177
0.357422 0.212485
0.361328 0.214793
0.365234 0.2171
0.369141 0.219407
0.373047 0.221713
0.376953 0.224019
0.380859 0.226325
0.384766 0.228629
0.388672 0.230934
0.392578 0.233238
0.396484 0.235541
0.400391 0.237844
0.404297 0.240146
0.408203 0.242448
0.412109 0.24475
0.416016 0.24705
0.419922 0.249351
0.423828 0.25165
0.427734 0.253949
0.431641 0.256248
0.435547 0.258546
0.439453 0.260844
0.443359 0.263141
0.447266 0.265437
0.451172 0.267733
0.455078 0.270028
0.458984 0.272322
0.462891 0.274616
0.466797 0.27691
0.470703 0.279203
0.474609 0.281495
0.478516 0.283787
0.482422 0.286078
0.486328 0.288368
0.490234 0.290658
0.494141 0.292947
0.498047 0.295235
0.501953 0.297523
0.505859 0.29981
0.509766 0.302097
0.513672 0.304383
0.517578 0.306668
0.521484 0.308952
0.525391 0.311236
0.529297 0.31352
0.533203 0.315802
0.537109 0.318084
0.541016 0.320365
0.544922 0.322645
0.548828 0.324925
0.552734 0.327204
0.556641 0.329483
0.560547 0.33176
0.564453 0.334037
0.568359 0.336313
0.572266 0.338589
0.576172 0.340863
0.580078 0.343137
0.583984 0.345411
0.587891 0.347683
0.591797 0.349955
0.595703 0.352226
0.599609 0.354496
0.603516 0.356765
0.607422 0.359034
0.611328 0.361302
0.615234 0.363569
0.619141 0.365835
0.623047 0.3681
0.626953 0.370365
0.630859 0.372629
0.634766 0.374892
0.638672 0.377154
0.642578 0.379415
0.646484 0.381676
0.650391 0.383936
0.654297 0.386194
0.658203 0.388452
0.662109 0.39071
0.666016 0.392966
0.669922 0.395221
0.673828 0.397476
0.677734 0.399729
0.681641 0.401982
0.685547 0.404234
0.689453 0.406485
0.693359 0.408735
0.697266 0.410984
0.701172 0.413232
0.705078 0.41548
0.708984 0.417726
0.712891 0.419972
0.716797 0.422216
0.720703 0.42446
0.724609 0.426702
0.728516 0.428944
0.732422 0.431185
0.736328 0.433424
0.740234 0.435663
0.744141 0.437901
0.748047 0.440137
0.751953 0.442373
0.755859 0.444608
0.759766 0.446841
0.763672 0.449074
0.767578 0.451305
0.771484 0.453536
0.775391 0.455765
0.779297 0.457993
0.783203 0.46022
0.787109 0.462445
0.791016 0.46467
0.794922 0.466893
0.798828 0.469114
0.802734 0.471334
0.806641 0.473552
0.810547 0.475769
0.814453 0.477983
0.818359 0.480195
0.822266 0.482404
0.826172 0.48461
0.830078 0.486813
0.833984 0.489012
0.837891 0.491206
0.841797 0.493393
0.845703 0.495574
0.849609 0.497746
0.853516 0.499908
0.857422 0.502057
0.861328 0.504189
0.865234 0.506302
0.869141 0.50839
0.873047 0.510448
0.876953 0.512468
0.880859 0.514441
0.884766 0.516354
0.888672 0.518193
0.892578 0.51994
0.896484 0.521571
0.900391 0.523057
0.904297 0.524362
0.908203 0.52544
0.912109 0.526235
0.916016 0.526676
0.919922 0.526675
0.923828 0.526124
0.927734 0.524888
0.931641 0.522804
0.935547 0.519669
0.939453 0.515241
0.943359 0.509226
0.947266 0.501279
0.951172 0.490993
0.955078 0.477907
0.958984 0.461504
0.962891 0.441233
0.966797 0.416527
0.970703 0.386853
0.974609 0.351764
0.978516 0.310977
0.982422 0.264446
0.986328 0.212446
0.990234 0.155623
0.994141 0.0950021
0.998047 0.031947
