0.00390625 0.286127
0.0117188 0.295663
0.0195312 0.301181
0.0273438 0.303169
0.0351562 0.302085
0.0429688 0.298356
0.0507812 0.29238
0.0585938 0.284531
0.0664062 0.275155
0.0742188 0.26457
0.0820312 0.253071
0.0898438 0.240924
0.0976562 0.228372
0.105469 0.215629
0.113281 0.202889
0.121094 0.190319
0.128906 0.178065
0.136719 0.166251
0.144531 0.15498
0.152344 0.144337
0.160156 0.134392
0.167969 0.125195
0.175781 0.116786
0.183594 0.109191
0.191406 0.102425
0.199219 0.0964945
0.207031 0.0913966
0.214844 0.0871227
0.222656 0.0836581
0.230469 0.0809837
0.238281 0.0790766
0.246094 0.0779111
0.253906 0.0774595
0.261719 0.0776927
0.269531 0.0785804
0.277344 0.0800922
0.285156 0.0821973
0.292969 0.0848654
0.300781 0.0880666
0.308594 0.0917716
0.316406 0.095952
0.324219 0.10058
0.332031 0.105631
0.339844 0.111077
0.347656 0.116896
0.355469 0.123064
0.363281 0.12956
0.371094 0.136363
0.378906 0.143453
0.386719 0.150812
0.394531 0.158423
0.402344 0.166268
0.410156 0.174333
0.417969 0.182603
0.425781 0.191064
0.433594 0.199703
0.441406 0.208508
0.449219 0.217468
0.457031 0.226572
0.464844 0.23581
0.472656 0.245171
0.480469 0.254648
0.488281 0.264231
0.496094 0.273913
0.503906 0.283686
0.511719 0.293543
0.519531 0.303476
0.527344 0.31348
0.535156 0.323548
0.542969 0.333675
0.550781 0.343855
0.558594 0.354082
0.566406 0.364351
0.574219 0.374658
0.582031 0.384998
0.589844 0.395366
0.597656 0.405758
0.605469 0.41617
0.613281 0.426597
0.621094 0.437035
0.628906 0.447482
0.636719 0.457932
0.644531 0.468382
0.652344 0.478829
0.660156 0.489268
0.667969 0.499697
0.675781 0.510111
0.683594 0.520507
0.691406 0.530881
0.699219 0.54123
0.707031 0.551551
0.714844 0.561838
0.722656 0.57209
0.730469 0.582301
0.738281 0.592468
0.746094 0.602587
0.753906 0.612655
0.761719 0.622666
0.769531 0.632616
0.777344 0.642503
0.785156 0.65232
0.792969 0.662064
0.800781 0.671731
0.808594 0.681317
0.816406 0.690819
0.824219 0.700233
0.832031 0.709559
0.839844 0.718796
0.847656 0.727945
0.855469 0.737011
0.863281 0.746003
0.871094 0.754933
0.878906 0.763822
0.886719 0.772699
0.894531 0.781606
0.902344 0.790599
0.910156 0.799755
0.917969 0.809175
0.925781 0.818997
0.933594 0.829397
0.941406 0.840609
0.949219 0.852931
0.957031 0.866751
0.964844 0.882565
0.972656 0.901004
0.980469 0.922876
0.988281 0.949206
0.996094 0.981296
