0.00390625 0.556562
0.0117188 0.585143
0.0195312 0.609109
0.0273438 0.628824
0.0351562 0.644634
0.0429688 0.65687
0.0507812 0.665846
0.0585938 0.671866
0.0664062 0.675221
0.0742188 0.67619
0.0820312 0.675042
0.0898438 0.672031
0.0976562 0.667404
0.105469 0.661392
0.113281 0.654213
0.121094 0.646074
0.128906 0.637165
0.136719 0.627666
0.144531 0.617738
0.152344 0.60753
0.160156 0.597178
0.167969 0.586803
0.175781 0.57651
0.183594 0.566393
0.191406 0.556535
0.199219 0.547003
0.207031 0.537856
0.214844 0.529142
0.222656 0.520898
0.230469 0.513154
0.238281 0.505932
0.246094 0.499247
0.253906 0.493106
0.261719 0.487513
0.269531 0.482467
0.277344 0.477963
0.285156 0.473991
0.292969 0.47054
0.300781 0.467597
0.308594 0.465145
0.316406 0.463169
0.324219 0.46165
0.332031 0.460571
0.339844 0.459911
0.347656 0.459652
0.355469 0.459775
0.363281 0.460261
0.371094 0.461091
0.378906 0.462248
0.386719 0.463713
0.394531 0.46547
0.402344 0.467502
0.410156 0.469793
0.417969 0.472328
0.425781 0.475092
0.433594 0.478072
0.441406 0.481254
0.449219 0.484625
0.457031 0.488175
0.464844 0.49189
0.472656 0.495761
0.480469 0.499777
0.488281 0.503929
0.496094 0.508207
0.503906 0.512603
0.511719 0.517109
0.519531 0.521717
0.527344 0.526418
0.535156 0.531208
0.542969 0.536078
0.550781 0.541023
0.558594 0.546036
0.566406 0.551112
0.574219 0.556245
0.582031 0.561431
0.589844 0.566664
0.597656 0.57194
0.605469 0.577253
0.613281 0.5826
0.621094 0.587977
0.628906 0.593379
0.636719 0.598802
0.644531 0.604243
0.652344 0.609698
0.660156 0.615164
0.667969 0.620637
0.675781 0.626113
0.683594 0.63159
0.691406 0.637064
0.699219 0.642532
0.707031 0.64799
0.714844 0.653437
0.722656 0.65887
0.730469 0.664284
0.738281 0.669679
0.746094 0.675052
0.753906 0.680401
0.761719 0.685723
0.769531 0.691019
0.777344 0.696286
0.785156 0.701527
0.792969 0.706741
0.800781 0.71193
0.808594 0.7171
0.816406 0.722255
0.824219 0.727404
0.832031 0.732559
0.839844 0.737734
0.847656 0.742949
0.855469 0.748231
0.863281 0.753612
0.871094 0.759134
0.878906 0.764849
0.886719 0.770823
0.894531 0.777136
0.902344 0.783886
0.910156 0.791196
0.917969 0.799212
0.925781 0.808112
0.933594 0.818112
0.941406 0.829467
0.949219 0.842485
0.957031 0.857529
0.964844 0.875029
0.972656 0.895492
0.980469 0.919514
0.988281 0.94779
0.996094 0.981136
