0.00390625 0.796987
0.0117188 0.83606
0.0195312 0.870754
0.0273438 0.901309
0.0351562 0.927956
0.0429688 0.950918
0.0507812 0.970412
0.0585938 0.98665
0.0664062 0.999838
0.0742188 1.01018
0.0820312 1.01788
0.0898438 1.02314
0.0976562 1.02615
0.105469 1.02711
0.113281 1.02619
0.121094 1.0236
0.128906 1.0195
0.136719 1.01407
0.144531 1.00748
0.152344 0.999888
0.160156 0.991447
0.167969 0.982301
0.175781 0.972587
0.183594 0.962432
0.191406 0.951952
0.199219 0.941256
0.207031 0.930443
0.214844 0.9196
0.222656 0.908808
0.230469 0.898136
0.238281 0.887647
0.246094 0.877394
0.253906 0.867421
0.261719 0.857766
0.269531 0.848461
0.277344 0.83953
0.285156 0.830991
0.292969 0.822858
0.300781 0.815141
0.308594 0.807843
0.316406 0.800967
0.324219 0.79451
0.332031 0.788467
0.339844 0.782831
0.347656 0.777595
0.355469 0.772746
0.363281 0.768274
0.371094 0.764167
0.378906 0.76041
0.386719 0.75699
0.394531 0.753893
0.402344 0.751104
0.410156 0.74861
0.417969 0.746396
0.425781 0.744448
0.433594 0.742753
0.441406 0.741296
0.449219 0.740066
0.457031 0.739048
0.464844 0.738232
0.472656 0.737606
0.480469 0.737158
0.488281 0.736877
0.496094 0.736753
0.503906 0.736776
0.511719 0.736937
0.519531 0.737227
0.527344 0.737637
0.535156 0.73816
0.542969 0.738787
0.550781 0.739511
0.558594 0.740325
0.566406 0.741223
0.574219 0.742197
0.582031 0.743243
0.589844 0.744354
0.597656 0.745525
0.605469 0.74675
0.613281 0.748026
0.621094 0.749346
0.628906 0.750706
0.636719 0.752102
0.644531 0.753531
0.652344 0.754987
0.660156 0.756467
0.667969 0.757968
0.675781 0.759486
0.683594 0.761018
0.691406 0.76256
0.699219 0.764111
0.707031 0.765668
0.714844 0.767227
0.722656 0.768789
0.730469 0.77035
0.738281 0.77191
0.746094 0.773468
0.753906 0.775025
0.761719 0.776581
0.769531 0.778139
0.777344 0.779702
0.785156 0.781274
0.792969 0.782862
0.800781 0.784473
0.808594 0.786119
0.816406 0.787814
0.824219 0.789574
0.832031 0.791422
0.839844 0.793382
0.847656 0.795488
0.855469 0.797778
0.863281 0.800297
0.871094 0.8031
0.878906 0.806251
0.886719 0.809828
0.894531 0.813917
0.902344 0.818622
0.910156 0.824061
0.917969 0.830368
0.925781 0.837699
0.933594 0.846226
0.941406 0.856144
0.949219 0.867668
0.957031 0.881036
0.964844 0.896507
0.972656 0.91436
0.980469 0.934891
0.988281 0.958412
0.996094 0.985243
