0.00390625 0.821939
0.0117188 0.861841
0.0195312 0.897414
0.0273438 0.928886
0.0351562 0.956477
0.0429688 0.980398
0.0507812 1.00086
0.0585938 1.01805
0.0664062 1.03219
0.0742188 1.04345
0.0820312 1.05205
0.0898438 1.05816
0.0976562 1.06198
0.105469 1.0637
0.113281 1.06349
0.121094 1.06154
0.128906 1.05803
0.136719 1.05312
0.144531 1.04698
0.152344 1.03977
0.160156 1.03165
0.167969 1.02275
0.175781 1.01322
0.183594 1.00318
0.191406 0.992758
0.199219 0.982057
0.207031 0.971183
0.214844 0.960226
0.222656 0.94927
0.230469 0.938388
0.238281 0.927646
0.246094 0.917102
0.253906 0.906804
0.261719 0.896793
0.269531 0.887104
0.277344 0.877764
0.285156 0.868797
0.292969 0.860218
0.300781 0.852039
0.308594 0.844268
0.316406 0.836908
0.324219 0.829958
0.332031 0.823417
0.339844 0.81728
0.347656 0.811537
0.355469 0.806182
0.363281 0.801203
0.371094 0.796588
0.378906 0.792325
0.386719 0.788401
0.394531 0.784802
0.402344 0.781515
0.410156 0.778525
0.417969 0.775819
0.425781 0.773383
0.433594 0.771203
0.441406 0.769266
0.449219 0.767559
0.457031 0.766069
0.464844 0.764785
0.472656 0.763693
0.480469 0.762784
0.488281 0.762046
0.496094 0.761468
0.503906 0.761041
0.511719 0.760755
0.519531 0.760601
0.527344 0.760571
0.535156 0.760656
0.542969 0.760848
0.550781 0.761139
0.558594 0.761524
0.566406 0.761994
0.574219 0.762544
0.582031 0.763167
0.589844 0.763857
0.597656 0.764609
0.605469 0.765418
0.613281 0.766278
0.621094 0.767185
0.628906 0.768134
0.636719 0.769121
0.644531 0.770141
0.652344 0.771191
0.660156 0.772266
0.667969 0.773363
0.675781 0.774479
0.683594 0.77561
0.691406 0.776753
0.699219 0.777907
0.707031 0.779067
0.714844 0.780233
0.722656 0.781401
0.730469 0.782572
0.738281 0.783744
0.746094 0.784916
0.753906 0.786089
0.761719 0.787265
0.769531 0.788446
0.777344 0.789635
0.785156 0.790838
0.792969 0.792061
0.800781 0.793313
0.808594 0.794606
0.816406 0.795954
0.824219 0.797376
0.832031 0.798893
0.839844 0.800534
0.847656 0.802329
0.855469 0.80432
0.863281 0.806553
0.871094 0.809082
0.878906 0.811973
0.886719 0.815302
0.894531 0.819157
0.902344 0.82364
0.910156 0.828866
0.917969 0.834968
0.925781 0.842094
0.933594 0.850412
0.941406 0.860107
0.949219 0.871383
0.957031 0.884463
0.964844 0.899586
0.972656 0.917008
0.980469 0.936997
0.988281 0.959826
0.996094 0.985773
