0 0
0.000488281 0.000653442
0.00146484 0.00196032
0.00244141 0.00326718
0.00341797 0.004574
0.00439453 0.00588078
0.00537109 0.00718749
0.00634766 0.00849413
0.00732422 0.00980069
0.00830078 0.0111071
0.00927734 0.0124135
0.0102539 0.0137197
0.0112305 0.0150258
0.012207 0.0163317
0.0131836 0.0176375
0.0141602 0.0189431
0.0151367 0.0202485
0.0161133 0.0215538
0.0170898 0.0228588
0.0180664 0.0241637
0.019043 0.0254683
0.0200195 0.0267727
0.0209961 0.0280769
0.0219727 0.0293809
0.0229492 0.0306846
0.0239258 0.031988
0.0249023 0.0332912
0.0258789 0.0345942
0.0268555 0.0358968
0.027832 0.0371993
0.0288086 0.0385014
0.0297852 0.0398033
0.0307617 0.0411049
0.0317383 0.0424062
0.0327148 0.0437072
0.0336914 0.0450079
0.034668 0.0463084
0.0356445 0.0476085
0.0366211 0.0489084
0.0375977 0.0502079
0.0385742 0.0515072
0.0395508 0.0528062
0.0405273 0.0541048
0.0415039 0.0554032
0.0424805 0.0567012
0.043457 0.057999
0.0444336 0.0592964
0.0454102 0.0605936
0.0463867 0.0618904
0.0473633 0.0631869
0.0483398 0.0644832
0.0493164 0.0657791
0.050293 0.0670747
0.0512695 0.06837
0.0522461 0.0696649
0.0532227 0.0709596
0.0541992 0.072254
0.0551758 0.073548
0.0561523 0.0748417
0.0571289 0.0761351
0.0581055 0.0774282
0.059082 0.078721
0.0600586 0.0800135
0.0610352 0.0813057
0.0620117 0.0825975
0.0629883 0.083889
0.0639648 0.0851802
0.0649414 0.0864711
0.065918 0.0877617
0.0668945 0.0890519
0.0678711 0.0903419
0.0688477 0.0916315
0.0698242 0.0929208
0.0708008 0.0942098
0.0717773 0.0954984
0.0727539 0.0967867
0.0737305 0.0980748
0.074707 0.0993624
0.0756836 0.10065
0.0766602 0.101937
0.0776367 0.103224
0.0786133 0.10451
0.0795898 0.105796
0.0805664 0.107082
0.081543 0.108367
0.0825195 0.109652
0.0834961 0.110937
0.0844727 0.112222
0.0854492 0.113506
0.0864258 0.114789
0.0874023 0.116073
0.0883789 0.117356
0.0893555 0.118639
0.090332 0.119921
0.0913086 0.121203
0.0922852 0.122485
0.0932617 0.123767
0.0942383 0.125048
0.0952148 0.126329
0.0961914 0.127609
0.097168 0.128889
0.0981445 0.130169
0.0991211 0.131449
0.100098 0.132728
0.101074 0.134007
0.102051 0.135285
0.103027 0.136563
0.104004 0.137841
0.10498 0.139119
0.105957 0.140396
0.106934 0.141673
0.10791 0.142949
0.108887 0.144225
0.109863 0.145501
0.11084 0.146776
0.111816 0.148052
0.112793 0.149326
0.11377 0.150601
0.114746 0.151875
0.115723 0.153149
0.116699 0.154422
0.117676 0.155695
0.118652 0.156968
0.119629 0.15824
0.120605 0.159512
0.121582 0.160784
0.122559 0.162055
0.123535 0.163326
0.124512 0.164597
0.125488 0.165867
0.126465 0.167137
0.127441 0.168407
0.128418 0.169676
0.129395 0.170945
0.130371 0.172213
0.131348 0.173482
0.132324 0.17475
0.133301 0.176017
0.134277 0.177284
0.135254 0.178551
0.13623 0.179817
0.137207 0.181084
0.138184 0.182349
0.13916 0.183615
0.140137 0.18488
0.141113 0.186144
0.14209 0.187409
0.143066 0.188673
0.144043 0.189936
0.14502 0.1912
0.145996 0.192463
0.146973 0.193725
0.147949 0.194987
0.148926 0.196249
0.149902 0.197511
0.150879 0.198772
0.151855 0.200032
0.152832 0.201293
0.153809 0.202553
0.154785 0.203812
0.155762 0.205072
0.156738 0.206331
0.157715 0.207589
0.158691 0.208847
0.159668 0.210105
0.160645 0.211363
0.161621 0.21262
0.162598 0.213877
0.163574 0.215133
0.164551 0.216389
0.165527 0.217645
0.166504 0.2189
0.16748 0.220155
0.168457 0.221409
0.169434 0.222663
0.17041 0.223917
0.171387 0.225171
0.172363 0.226424
0.17334 0.227676
0.174316 0.228929
0.175293 0.230181
0.17627 0.231432
0.177246 0.232683
0.178223 0.233934
0.179199 0.235184
0.180176 0.236434
0.181152 0.237684
0.182129 0.238933
0.183105 0.240182
0.184082 0.241431
0.185059 0.242679
0.186035 0.243927
0.187012 0.245174
0.187988 0.246421
0.188965 0.247668
0.189941 0.248914
0.190918 0.25016
0.191895 0.251405
0.192871 0.25265
0.193848 0.253895
0.194824 0.255139
0.195801 0.256383
0.196777 0.257627
0.197754 0.25887
0.19873 0.260113
0.199707 0.261355
0.200684 0.262597
0.20166 0.263839
0.202637 0.26508
0.203613 0.266321
0.20459 0.267561
0.205566 0.268801
0.206543 0.270041
0.20752 0.27128
0.208496 0.272519
0.209473 0.273757
0.210449 0.274995
0.211426 0.276233
0.212402 0.27747
0.213379 0.278707
0.214355 0.279943
0.215332 0.281179
0.216309 0.282415
0.217285 0.28365
0.218262 0.284885
0.219238 0.286119
0.220215 0.287354
0.221191 0.288587
0.222168 0.28982
0.223145 0.291053
0.224121 0.292286
0.225098 0.293518
0.226074 0.294749
0.227051 0.29598
0.228027 0.297211
0.229004 0.298442
0.22998 0.299672
0.230957 0.300901
0.231934 0.30213
0.23291 0.303359
0.233887 0.304587
0.234863 0.305815
0.23584 0.307043
0.236816 0.30827
0.237793 0.309497
0.23877 0.310723
0.239746 0.311949
0.240723 0.313174
0.241699 0.314399
0.242676 0.315624
0.243652 0.316848
0.244629 0.318072
0.245605 0.319295
0.246582 0.320518
0.247559 0.32174
0.248535 0.322962
0.249512 0.324184
0.250488 0.325405
0.251465 0.326626
0.252441 0.327847
0.253418 0.329066
0.254395 0.330286
0.255371 0.331505
0.256348 0.332724
0.257324 0.333942
0.258301 0.33516
0.259277 0.336377
0.260254 0.337594
0.26123 0.338811
0.262207 0.340027
0.263184 0.341242
0.26416 0.342458
0.265137 0.343672
0.266113 0.344887
0.26709 0.346101
0.268066 0.347314
0.269043 0.348527
0.27002 0.34974
0.270996 0.350952
0.271973 0.352164
0.272949 0.353375
0.273926 0.354586
0.274902 0.355796
0.275879 0.357006
0.276855 0.358215
0.277832 0.359425
0.278809 0.360633
0.279785 0.361841
0.280762 0.363049
0.281738 0.364256
0.282715 0.365463
0.283691 0.36667
0.284668 0.367875
0.285645 0.369081
0.286621 0.370286
0.287598 0.371491
0.288574 0.372695
0.289551 0.373898
0.290527 0.375102
0.291504 0.376304
0.29248 0.377507
0.293457 0.378708
0.294434 0.37991
0.29541 0.381111
0.296387 0.382311
0.297363 0.383511
0.29834 0.384711
0.299316 0.38591
0.300293 0.387108
0.30127 0.388307
0.302246 0.389504
0.303223 0.390701
0.304199 0.391898
0.305176 0.393095
0.306152 0.39429
0.307129 0.395486
0.308105 0.396681
0.309082 0.397875
0.310059 0.399069
0.311035 0.400262
0.312012 0.401455
0.312988 0.402648
0.313965 0.40384
0.314941 0.405032
0.315918 0.406223
0.316895 0.407413
0.317871 0.408603
0.318848 0.409793
0.319824 0.410982
0.320801 0.412171
0.321777 0.413359
0.322754 0.414547
0.32373 0.415734
0.324707 0.416921
0.325684 0.418107
0.32666 0.419293
0.327637 0.420478
0.328613 0.421663
0.32959 0.422848
0.330566 0.424031
0.331543 0.425215
0.33252 0.426398
0.333496 0.42758
0.334473 0.428762
0.335449 0.429943
0.336426 0.431124
0.337402 0.432305
0.338379 0.433484
0.339355 0.434664
0.340332 0.435843
0.341309 0.437021
0.342285 0.438199
0.343262 0.439376
0.344238 0.440553
0.345215 0.44173
0.346191 0.442906
0.347168 0.444081
0.348145 0.445256
0.349121 0.44643
0.350098 0.447604
0.351074 0.448778
0.352051 0.44995
0.353027 0.451123
0.354004 0.452295
0.35498 0.453466
0.355957 0.454637
0.356934 0.455807
0.35791 0.456977
0.358887 0.458146
0.359863 0.459315
0.36084 0.460483
0.361816 0.461651
0.362793 0.462818
0.36377 0.463984
0.364746 0.46515
0.365723 0.466316
0.366699 0.467481
0.367676 0.468646
0.368652 0.46981
0.369629 0.470973
0.370605 0.472136
0.371582 0.473299
0.372559 0.474461
0.373535 0.475622
0.374512 0.476783
0.375488 0.477943
0.376465 0.479103
0.377441 0.480262
0.378418 0.481421
0.379395 0.482579
0.380371 0.483736
0.381348 0.484894
0.382324 0.48605
0.383301 0.487206
0.384277 0.488362
0.385254 0.489516
0.38623 0.490671
0.387207 0.491825
0.388184 0.492978
0.38916 0.494131
0.390137 0.495283
0.391113 0.496434
0.39209 0.497585
0.393066 0.498736
0.394043 0.499886
0.39502 0.501035
0.395996 0.502184
0.396973 0.503332
0.397949 0.50448
0.398926 0.505627
0.399902 0.506774
0.400879 0.50792
0.401855 0.509065
0.402832 0.51021
0.403809 0.511355
0.404785 0.512498
0.405762 0.513642
0.406738 0.514784
0.407715 0.515926
0.408691 0.517068
0.409668 0.518209
0.410645 0.519349
0.411621 0.520489
0.412598 0.521628
0.413574 0.522767
0.414551 0.523905
0.415527 0.525042
0.416504 0.526179
0.41748 0.527315
0.418457 0.528451
0.419434 0.529586
0.42041 0.530721
0.421387 0.531854
0.422363 0.532988
0.42334 0.534121
0.424316 0.535253
0.425293 0.536384
0.42627 0.537515
0.427246 0.538646
0.428223 0.539776
0.429199 0.540905
0.430176 0.542033
0.431152 0.543161
0.432129 0.544289
0.433105 0.545416
0.434082 0.546542
0.435059 0.547667
0.436035 0.548792
0.437012 0.549917
0.437988 0.55104
0.438965 0.552164
0.439941 0.553286
0.440918 0.554408
0.441895 0.555529
0.442871 0.55665
0.443848 0.55777
0.444824 0.55889
0.445801 0.560008
0.446777 0.561127
0.447754 0.562244
0.44873 0.563361
0.449707 0.564478
0.450684 0.565593
0.45166 0.566708
0.452637 0.567823
0.453613 0.568937
0.45459 0.57005
0.455566 0.571163
0.456543 0.572274
0.45752 0.573386
0.458496 0.574496
0.459473 0.575606
0.460449 0.576716
0.461426 0.577825
0.462402 0.578933
0.463379 0.58004
0.464355 0.581147
0.465332 0.582253
0.466309 0.583359
0.467285 0.584464
0.468262 0.585568
0.469238 0.586671
0.470215 0.587774
0.471191 0.588876
0.472168 0.589978
0.473145 0.591079
0.474121 0.592179
0.475098 0.593279
0.476074 0.594378
0.477051 0.595476
0.478027 0.596574
0.479004 0.597671
0.47998 0.598767
0.480957 0.599863
0.481934 0.600957
0.48291 0.602052
0.483887 0.603145
0.484863 0.604238
0.48584 0.60533
0.486816 0.606422
0.487793 0.607513
0.48877 0.608603
0.489746 0.609693
0.490723 0.610781
0.491699 0.611869
0.492676 0.612957
0.493652 0.614044
0.494629 0.61513
0.495605 0.616215
0.496582 0.6173
0.497559 0.618384
0.498535 0.619467
0.499512 0.620549
0.500488 0.621631
0.501465 0.622712
0.502441 0.623793
0.503418 0.624873
0.504395 0.625952
0.505371 0.62703
0.506348 0.628108
0.507324 0.629184
0.508301 0.630261
0.509277 0.631336
0.510254 0.632411
0.51123 0.633485
0.512207 0.634558
0.513184 0.635631
0.51416 0.636702
0.515137 0.637774
0.516113 0.638844
0.51709 0.639914
0.518066 0.640982
0.519043 0.642051
0.52002 0.643118
0.520996 0.644185
0.521973 0.645251
0.522949 0.646316
0.523926 0.64738
0.524902 0.648444
0.525879 0.649507
0.526855 0.650569
0.527832 0.651631
0.528809 0.652692
0.529785 0.653751
0.530762 0.654811
0.531738 0.655869
0.532715 0.656927
0.533691 0.657984
0.534668 0.65904
0.535645 0.660095
0.536621 0.66115
0.537598 0.662204
0.538574 0.663257
0.539551 0.664309
0.540527 0.665361
0.541504 0.666411
0.54248 0.667461
0.543457 0.668511
0.544434 0.669559
0.54541 0.670607
0.546387 0.671653
0.547363 0.672699
0.54834 0.673745
0.549316 0.674789
0.550293 0.675833
0.55127 0.676876
0.552246 0.677918
0.553223 0.678959
0.554199 0.679999
0.555176 0.681039
0.556152 0.682078
0.557129 0.683116
0.558105 0.684153
0.559082 0.685189
0.560059 0.686225
0.561035 0.68726
0.562012 0.688294
0.562988 0.689327
0.563965 0.690359
0.564941 0.69139
0.565918 0.692421
0.566895 0.693451
0.567871 0.69448
0.568848 0.695508
0.569824 0.696535
0.570801 0.697562
0.571777 0.698587
0.572754 0.699612
0.57373 0.700636
0.574707 0.701659
0.575684 0.702681
0.57666 0.703702
0.577637 0.704723
0.578613 0.705742
0.57959 0.706761
0.580566 0.707779
0.581543 0.708796
0.58252 0.709812
0.583496 0.710828
0.584473 0.711842
0.585449 0.712855
0.586426 0.713868
0.587402 0.71488
0.588379 0.715891
0.589355 0.716901
0.590332 0.71791
0.591309 0.718918
0.592285 0.719926
0.593262 0.720932
0.594238 0.721937
0.595215 0.722942
0.596191 0.723946
0.597168 0.724949
0.598145 0.725951
0.599121 0.726952
0.600098 0.727952
0.601074 0.728951
0.602051 0.729949
0.603027 0.730947
0.604004 0.731943
0.60498 0.732938
0.605957 0.733933
0.606934 0.734927
0.60791 0.735919
0.608887 0.736911
0.609863 0.737902
0.61084 0.738892
0.611816 0.739881
0.612793 0.740869
0.61377 0.741856
0.614746 0.742842
0.615723 0.743827
0.616699 0.744811
0.617676 0.745794
0.618652 0.746777
0.619629 0.747758
0.620605 0.748738
0.621582 0.749718
0.622559 0.750696
0.623535 0.751673
0.624512 0.75265
0.625488 0.753625
0.626465 0.7546
0.627441 0.755573
0.628418 0.756545
0.629395 0.757517
0.630371 0.758487
0.631348 0.759457
0.632324 0.760425
0.633301 0.761393
0.634277 0.762359
0.635254 0.763325
0.63623 0.764289
0.637207 0.765252
0.638184 0.766215
0.63916 0.767176
0.640137 0.768136
0.641113 0.769096
0.64209 0.770054
0.643066 0.771011
0.644043 0.771967
0.64502 0.772922
0.645996 0.773876
0.646973 0.774829
0.647949 0.775781
0.648926 0.776732
0.649902 0.777682
0.650879 0.778631
0.651855 0.779578
0.652832 0.780525
0.653809 0.781471
0.654785 0.782415
0.655762 0.783359
0.656738 0.784301
0.657715 0.785242
0.658691 0.786182
0.659668 0.787121
0.660645 0.788059
0.661621 0.788996
0.662598 0.789932
0.663574 0.790866
0.664551 0.7918
0.665527 0.792732
0.666504 0.793664
0.66748 0.794594
0.668457 0.795523
0.669434 0.796451
0.67041 0.797377
0.671387 0.798303
0.672363 0.799228
0.67334 0.800151
0.674316 0.801073
0.675293 0.801994
0.67627 0.802914
0.677246 0.803833
0.678223 0.80475
0.679199 0.805667
0.680176 0.806582
0.681152 0.807496
0.682129 0.808409
0.683105 0.80932
0.684082 0.810231
0.685059 0.81114
0.686035 0.812048
0.687012 0.812955
0.687988 0.813861
0.688965 0.814765
0.689941 0.815669
0.690918 0.816571
0.691895 0.817471
0.692871 0.818371
0.693848 0.819269
0.694824 0.820167
0.695801 0.821063
0.696777 0.821957
0.697754 0.822851
0.69873 0.823743
0.699707 0.824634
0.700684 0.825523
0.70166 0.826412
0.702637 0.827299
0.703613 0.828185
0.70459 0.829069
0.705566 0.829953
0.706543 0.830835
0.70752 0.831715
0.708496 0.832595
0.709473 0.833473
0.710449 0.83435
0.711426 0.835225
0.712402 0.8361
0.713379 0.836972
0.714355 0.837844
0.715332 0.838714
0.716309 0.839583
0.717285 0.840451
0.718262 0.841317
0.719238 0.842182
0.720215 0.843045
0.721191 0.843908
0.722168 0.844768
0.723145 0.845628
0.724121 0.846486
0.725098 0.847343
0.726074 0.848198
0.727051 0.849052
0.728027 0.849904
0.729004 0.850756
0.72998 0.851605
0.730957 0.852454
0.731934 0.853301
0.73291 0.854146
0.733887 0.85499
0.734863 0.855833
0.73584 0.856674
0.736816 0.857514
0.737793 0.858352
0.73877 0.859189
0.739746 0.860024
0.740723 0.860858
0.741699 0.861691
0.742676 0.862522
0.743652 0.863352
0.744629 0.86418
0.745605 0.865006
0.746582 0.865831
0.747559 0.866655
0.748535 0.867477
0.749512 0.868297
0.750488 0.869116
0.751465 0.869934
0.752441 0.87075
0.753418 0.871564
0.754395 0.872377
0.755371 0.873189
0.756348 0.873998
0.757324 0.874807
0.758301 0.875613
0.759277 0.876418
0.760254 0.877222
0.76123 0.878024
0.762207 0.878824
0.763184 0.879623
0.76416 0.88042
0.765137 0.881215
0.766113 0.882009
0.76709 0.882802
0.768066 0.883592
0.769043 0.884381
0.77002 0.885168
0.770996 0.885954
0.771973 0.886738
0.772949 0.88752
0.773926 0.888301
0.774902 0.88908
0.775879 0.889857
0.776855 0.890633
0.777832 0.891407
0.778809 0.892179
0.779785 0.892949
0.780762 0.893718
0.781738 0.894485
0.782715 0.89525
0.783691 0.896014
0.784668 0.896776
0.785645 0.897536
0.786621 0.898294
0.787598 0.89905
0.788574 0.899805
0.789551 0.900558
0.790527 0.901309
0.791504 0.902058
0.79248 0.902806
0.793457 0.903551
0.794434 0.904295
0.79541 0.905037
0.796387 0.905777
0.797363 0.906515
0.79834 0.907251
0.799316 0.907986
0.800293 0.908718
0.80127 0.909449
0.802246 0.910178
0.803223 0.910905
0.804199 0.91163
0.805176 0.912353
0.806152 0.913074
0.807129 0.913793
0.808105 0.91451
0.809082 0.915225
0.810059 0.915938
0.811035 0.91665
0.812012 0.917359
0.812988 0.918066
0.813965 0.918771
0.814941 0.919475
0.815918 0.920176
0.816895 0.920875
0.817871 0.921572
0.818848 0.922267
0.819824 0.92296
0.820801 0.923651
0.821777 0.924339
0.822754 0.925026
0.82373 0.925711
0.824707 0.926393
0.825684 0.927073
0.82666 0.927752
0.827637 0.928428
0.828613 0.929101
0.82959 0.929773
0.830566 0.930443
0.831543 0.93111
0.83252 0.931775
0.833496 0.932438
0.834473 0.933098
0.835449 0.933757
0.836426 0.934413
0.837402 0.935067
0.838379 0.935718
0.839355 0.936367
0.840332 0.937014
0.841309 0.937659
0.842285 0.938301
0.843262 0.938941
0.844238 0.939579
0.845215 0.940214
0.846191 0.940847
0.847168 0.941478
0.848145 0.942106
0.849121 0.942732
0.850098 0.943355
0.851074 0.943976
0.852051 0.944594
0.853027 0.94521
0.854004 0.945823
0.85498 0.946434
0.855957 0.947043
0.856934 0.947649
0.85791 0.948252
0.858887 0.948853
0.859863 0.949451
0.86084 0.950047
0.861816 0.95064
0.862793 0.95123
0.86377 0.951818
0.864746 0.952403
0.865723 0.952986
0.866699 0.953566
0.867676 0.954143
0.868652 0.954718
0.869629 0.955289
0.870605 0.955858
0.871582 0.956425
0.872559 0.956988
0.873535 0.957549
0.874512 0.958107
0.875488 0.958662
0.876465 0.959214
0.877441 0.959764
0.878418 0.960311
0.879395 0.960854
0.880371 0.961395
0.881348 0.961933
0.882324 0.962468
0.883301 0.963
0.884277 0.963529
0.885254 0.964055
0.88623 0.964578
0.887207 0.965098
0.888184 0.965615
0.88916 0.966129
0.890137 0.96664
0.891113 0.967148
0.89209 0.967653
0.893066 0.968154
0.894043 0.968652
0.89502 0.969148
0.895996 0.969639
0.896973 0.970128
0.897949 0.970614
0.898926 0.971096
0.899902 0.971575
0.900879 0.97205
0.901855 0.972523
0.902832 0.972992
0.903809 0.973457
0.904785 0.973919
0.905762 0.974378
0.906738 0.974833
0.907715 0.975285
0.908691 0.975733
0.909668 0.976178
0.910645 0.976619
0.911621 0.977057
0.912598 0.977491
0.913574 0.977921
0.914551 0.978348
0.915527 0.978771
0.916504 0.979191
0.91748 0.979606
0.918457 0.980018
0.919434 0.980426
0.92041 0.980831
0.921387 0.981231
0.922363 0.981628
0.92334 0.982021
0.924316 0.98241
0.925293 0.982795
0.92627 0.983176
0.927246 0.983552
0.928223 0.983925
0.929199 0.984294
0.930176 0.984659
0.931152 0.985019
0.932129 0.985376
0.933105 0.985728
0.934082 0.986076
0.935059 0.98642
0.936035 0.986759
0.937012 0.987094
0.937988 0.987425
0.938965 0.987751
0.939941 0.988073
0.940918 0.988391
0.941895 0.988704
0.942871 0.989012
0.943848 0.989316
0.944824 0.989615
0.945801 0.989909
0.946777 0.990199
0.947754 0.990484
0.94873 0.990765
0.949707 0.99104
0.950684 0.991311
0.95166 0.991576
0.952637 0.991838
0.953613 0.992091
0.95459 0.992346
0.955566 0.992585
0.956543 0.992836
0.95752 0.993056
0.958496 0.993309
0.959473 0.993498
0.960449 0.993773
0.961426 0.993903
0.962402 0.994241
0.963379 0.994245
0.964355 0.994749
0.965332 0.994472
0.966309 0.995378
0.967285 0.994455
0.968262 0.996326
0.969238 0.993896
0.970215 0.998055
0.971191 0.992097
0.972168 1.00166
0.973145 0.987444
0.974121 1.00981
0.975098 0.976292
0.976074 1.02905
0.977051 0.950869
0.978027 1.07671
0.979004 0.897275
0.97998 1.20336
0.980957 0.804766
0.981934 1.57109
0.98291 0.722753
0.983887 2.60265
0.984863 0.798297
0.98584 4.58067
0.986816 1.08683
0.987793 7.07669
0.98877 1.4882
0.989746 9.75246
0.990723 1.93124
0.991699 12.4956
0.992676 2.39135
0.993652 15.2683
0.994629 -0.289334
0.995605 -0.205527
0.996582 0.336049
0.997559 0.328339
0.998535 0.318641
0.999512 0.259699
1 0
