0.00390625 1.24943
0.0117188 1.29747
0.0195312 1.34249
0.0273438 1.38454
0.0351562 1.42367
0.0429688 1.45991
0.0507812 1.49332
0.0585938 1.52395
0.0664062 1.55185
0.0742188 1.57707
0.0820312 1.59969
0.0898438 1.61975
0.0976562 1.63733
0.105469 1.6525
0.113281 1.66533
0.121094 1.6759
0.128906 1.68429
0.136719 1.69059
0.144531 1.6949
0.152344 1.6973
0.160156 1.6979
0.167969 1.69679
0.175781 1.69408
0.183594 1.68988
0.191406 1.68428
0.199219 1.67741
0.207031 1.66937
0.214844 1.66026
0.222656 1.6502
0.230469 1.63928
0.238281 1.62761
0.246094 1.61529
0.253906 1.60241
0.261719 1.58906
0.269531 1.57534
0.277344 1.56132
0.285156 1.54708
0.292969 1.53269
0.300781 1.51822
0.308594 1.50371
0.316406 1.48924
0.324219 1.47485
0.332031 1.46057
0.339844 1.44645
0.347656 1.43253
0.355469 1.41881
0.363281 1.40535
0.371094 1.39213
0.378906 1.3792
0.386719 1.36655
0.394531 1.35419
0.402344 1.34214
0.410156 1.33038
0.417969 1.31893
0.425781 1.30778
0.433594 1.29692
0.441406 1.28636
0.449219 1.27608
0.457031 1.26607
0.464844 1.25634
0.472656 1.24687
0.480469 1.23765
0.488281 1.22867
0.496094 1.21992
0.503906 1.21139
0.511719 1.20308
0.519531 1.19496
0.527344 1.18703
0.535156 1.17929
0.542969 1.17171
0.550781 1.16429
0.558594 1.15703
0.566406 1.1499
0.574219 1.14292
0.582031 1.13605
0.589844 1.1293
0.597656 1.12266
0.605469 1.11613
0.613281 1.10969
0.621094 1.10333
0.628906 1.09706
0.636719 1.09087
0.644531 1.08474
0.652344 1.07868
0.660156 1.07269
0.667969 1.06675
0.675781 1.06086
0.683594 1.05503
0.691406 1.04924
0.699219 1.0435
0.707031 1.03781
0.714844 1.03216
0.722656 1.02656
0.730469 1.021
0.738281 1.0155
0.746094 1.01005
0.753906 1.00467
0.761719 0.999349
0.769531 0.99411
0.777344 0.988958
0.785156 0.983909
0.792969 0.978977
0.800781 0.974181
0.808594 0.96954
0.816406 0.96508
0.824219 0.960828
0.832031 0.956812
0.839844 0.953066
0.847656 0.949628
0.855469 0.946537
0.863281 0.943835
0.871094 0.941568
0.878906 0.939783
0.886719 0.93853
0.894531 0.937858
0.902344 0.937817
0.910156 0.938455
0.917969 0.939816
0.925781 0.941938
0.933594 0.944855
0.941406 0.948587
0.949219 0.953142
0.957031 0.958513
0.964844 0.964671
0.972656 0.971564
0.980469 0.979111
0.988281 0.987198
0.996094 0.995674
