0 0
0.000488281 0.00063808
0.00146484 0.00191423
0.00244141 0.00319037
0.00341797 0.00446647
0.00439453 0.00574253
0.00537109 0.00701854
0.00634766 0.00829448
0.00732422 0.00957034
0.00830078 0.0108461
0.00927734 0.0121218
0.0102539 0.0133973
0.0112305 0.0146728
0.012207 0.0159481
0.0131836 0.0172232
0.0141602 0.0184982
0.0151367 0.0197731
0.0161133 0.0210478
0.0170898 0.0223223
0.0180664 0.0235966
0.019043 0.0248707
0.0200195 0.0261446
0.0209961 0.0274183
0.0219727 0.0286918
0.0229492 0.029965
0.0239258 0.0312381
0.0249023 0.0325109
0.0258789 0.0337834
0.0268555 0.0350558
0.027832 0.0363279
0.0288086 0.0375997
0.0297852 0.0388713
0.0307617 0.0401426
0.0317383 0.0414136
0.0327148 0.0426844
0.0336914 0.043955
0.034668 0.0452252
0.0356445 0.0464952
0.0366211 0.0477649
0.0375977 0.0490344
0.0385742 0.0503036
0.0395508 0.0515724
0.0405273 0.0528411
0.0415039 0.0541094
0.0424805 0.0553775
0.043457 0.0566452
0.0444336 0.0579127
0.0454102 0.0591799
0.0463867 0.0604468
0.0473633 0.0617135
0.0483398 0.0629798
0.0493164 0.0642459
0.050293 0.0655116
0.0512695 0.0667771
0.0522461 0.0680423
0.0532227 0.0693072
0.0541992 0.0705718
0.0551758 0.0718362
0.0561523 0.0731002
0.0571289 0.0743639
0.0581055 0.0756274
0.059082 0.0768905
0.0600586 0.0781534
0.0610352 0.079416
0.0620117 0.0806782
0.0629883 0.0819402
0.0639648 0.0832019
0.0649414 0.0844633
0.065918 0.0857244
0.0668945 0.0869852
0.0678711 0.0882457
0.0688477 0.0895059
0.0698242 0.0907658
0.0708008 0.0920254
0.0717773 0.0932847
0.0727539 0.0945438
0.0737305 0.0958025
0.074707 0.0970609
0.0756836 0.098319
0.0766602 0.0995768
0.0776367 0.100834
0.0786133 0.102092
0.0795898 0.103348
0.0805664 0.104605
0.081543 0.105861
0.0825195 0.107117
0.0834961 0.108373
0.0844727 0.109628
0.0854492 0.110884
0.0864258 0.112138
0.0874023 0.113393
0.0883789 0.114647
0.0893555 0.115901
0.090332 0.117154
0.0913086 0.118408
0.0922852 0.119661
0.0932617 0.120913
0.0942383 0.122166
0.0952148 0.123418
0.0961914 0.124669
0.097168 0.125921
0.0981445 0.127172
0.0991211 0.128423
0.100098 0.129673
0.101074 0.130923
0.102051 0.132173
0.103027 0.133423
0.104004 0.134672
0.10498 0.135921
0.105957 0.13717
0.106934 0.138418
0.10791 0.139666
0.108887 0.140914
0.109863 0.142161
0.11084 0.143408
0.111816 0.144655
0.112793 0.145901
0.11377 0.147147
0.114746 0.148393
0.115723 0.149638
0.116699 0.150884
0.117676 0.152128
0.118652 0.153373
0.119629 0.154617
0.120605 0.155861
0.121582 0.157104
0.122559 0.158348
0.123535 0.159591
0.124512 0.160833
0.125488 0.162075
0.126465 0.163317
0.127441 0.164559
0.128418 0.1658
0.129395 0.167041
0.130371 0.168282
0.131348 0.169522
0.132324 0.170762
0.133301 0.172002
0.134277 0.173241
0.135254 0.17448
0.13623 0.175719
0.137207 0.176957
0.138184 0.178195
0.13916 0.179433
0.140137 0.18067
0.141113 0.181907
0.14209 0.183144
0.143066 0.18438
0.144043 0.185616
0.14502 0.186852
0.145996 0.188088
0.146973 0.189323
0.147949 0.190557
0.148926 0.191792
0.149902 0.193026
0.150879 0.194259
0.151855 0.195493
0.152832 0.196726
0.153809 0.197959
0.154785 0.199191
0.155762 0.200423
0.156738 0.201655
0.157715 0.202886
0.158691 0.204117
0.159668 0.205348
0.160645 0.206578
0.161621 0.207808
0.162598 0.209038
0.163574 0.210267
0.164551 0.211496
0.165527 0.212725
0.166504 0.213953
0.16748 0.215181
0.168457 0.216409
0.169434 0.217636
0.17041 0.218863
0.171387 0.220089
0.172363 0.221315
0.17334 0.222541
0.174316 0.223767
0.175293 0.224992
0.17627 0.226217
0.177246 0.227441
0.178223 0.228666
0.179199 0.229889
0.180176 0.231113
0.181152 0.232336
0.182129 0.233559
0.183105 0.234781
0.184082 0.236003
0.185059 0.237225
0.186035 0.238446
0.187012 0.239667
0.187988 0.240888
0.188965 0.242108
0.189941 0.243328
0.190918 0.244547
0.191895 0.245766
0.192871 0.246985
0.193848 0.248204
0.194824 0.249422
0.195801 0.25064
0.196777 0.251857
0.197754 0.253074
0.19873 0.254291
0.199707 0.255507
0.200684 0.256723
0.20166 0.257939
0.202637 0.259154
0.203613 0.260369
0.20459 0.261583
0.205566 0.262797
0.206543 0.264011
0.20752 0.265225
0.208496 0.266438
0.209473 0.26765
0.210449 0.268863
0.211426 0.270075
0.212402 0.271286
0.213379 0.272497
0.214355 0.273708
0.215332 0.274919
0.216309 0.276129
0.217285 0.277338
0.218262 0.278548
0.219238 0.279757
0.220215 0.280965
0.221191 0.282174
0.222168 0.283381
0.223145 0.284589
0.224121 0.285796
0.225098 0.287003
0.226074 0.288209
0.227051 0.289415
0.228027 0.290621
0.229004 0.291826
0.22998 0.293031
0.230957 0.294235
0.231934 0.295439
0.23291 0.296643
0.233887 0.297846
0.234863 0.299049
0.23584 0.300252
0.236816 0.301454
0.237793 0.302656
0.23877 0.303857
0.239746 0.305058
0.240723 0.306259
0.241699 0.307459
0.242676 0.308659
0.243652 0.309858
0.244629 0.311057
0.245605 0.312256
0.246582 0.313454
0.247559 0.314652
0.248535 0.31585
0.249512 0.317047
0.250488 0.318243
0.251465 0.31944
0.252441 0.320636
0.253418 0.321831
0.254395 0.323026
0.255371 0.324221
0.256348 0.325416
0.257324 0.32661
0.258301 0.327803
0.259277 0.328996
0.260254 0.330189
0.26123 0.331381
0.262207 0.332573
0.263184 0.333765
0.26416 0.334956
0.265137 0.336147
0.266113 0.337337
0.26709 0.338527
0.268066 0.339717
0.269043 0.340906
0.27002 0.342095
0.270996 0.343283
0.271973 0.344471
0.272949 0.345658
0.273926 0.346845
0.274902 0.348032
0.275879 0.349218
0.276855 0.350404
0.277832 0.35159
0.278809 0.352775
0.279785 0.353959
0.280762 0.355144
0.281738 0.356327
0.282715 0.357511
0.283691 0.358694
0.284668 0.359876
0.285645 0.361058
0.286621 0.36224
0.287598 0.363422
0.288574 0.364602
0.289551 0.365783
0.290527 0.366963
0.291504 0.368143
0.29248 0.369322
0.293457 0.370501
0.294434 0.371679
0.29541 0.372857
0.296387 0.374034
0.297363 0.375211
0.29834 0.376388
0.299316 0.377564
0.300293 0.37874
0.30127 0.379915
0.302246 0.38109
0.303223 0.382265
0.304199 0.383439
0.305176 0.384613
0.306152 0.385786
0.307129 0.386959
0.308105 0.388131
0.309082 0.389303
0.310059 0.390474
0.311035 0.391645
0.312012 0.392816
0.312988 0.393986
0.313965 0.395156
0.314941 0.396325
0.315918 0.397494
0.316895 0.398662
0.317871 0.39983
0.318848 0.400998
0.319824 0.402165
0.320801 0.403332
0.321777 0.404498
0.322754 0.405664
0.32373 0.406829
0.324707 0.407994
0.325684 0.409158
0.32666 0.410322
0.327637 0.411485
0.328613 0.412649
0.32959 0.413811
0.330566 0.414973
0.331543 0.416135
0.33252 0.417296
0.333496 0.418457
0.334473 0.419617
0.335449 0.420777
0.336426 0.421937
0.337402 0.423096
0.338379 0.424254
0.339355 0.425412
0.340332 0.42657
0.341309 0.427727
0.342285 0.428883
0.343262 0.43004
0.344238 0.431195
0.345215 0.432351
0.346191 0.433505
0.347168 0.43466
0.348145 0.435814
0.349121 0.436967
0.350098 0.43812
0.351074 0.439272
0.352051 0.440424
0.353027 0.441576
0.354004 0.442727
0.35498 0.443877
0.355957 0.445027
0.356934 0.446177
0.35791 0.447326
0.358887 0.448475
0.359863 0.449623
0.36084 0.450771
0.361816 0.451918
0.362793 0.453065
0.36377 0.454211
0.364746 0.455357
0.365723 0.456502
0.366699 0.457647
0.367676 0.458791
0.368652 0.459935
0.369629 0.461078
0.370605 0.462221
0.371582 0.463363
0.372559 0.464505
0.373535 0.465647
0.374512 0.466788
0.375488 0.467928
0.376465 0.469068
0.377441 0.470207
0.378418 0.471346
0.379395 0.472485
0.380371 0.473622
0.381348 0.47476
0.382324 0.475897
0.383301 0.477033
0.384277 0.478169
0.385254 0.479305
0.38623 0.480439
0.387207 0.481574
0.388184 0.482708
0.38916 0.483841
0.390137 0.484974
0.391113 0.486106
0.39209 0.487238
0.393066 0.48837
0.394043 0.4895
0.39502 0.490631
0.395996 0.491761
0.396973 0.49289
0.397949 0.494019
0.398926 0.495147
0.399902 0.496275
0.400879 0.497402
0.401855 0.498529
0.402832 0.499655
0.403809 0.500781
0.404785 0.501906
0.405762 0.50303
0.406738 0.504154
0.407715 0.505278
0.408691 0.506401
0.409668 0.507524
0.410645 0.508645
0.411621 0.509767
0.412598 0.510888
0.413574 0.512008
0.414551 0.513128
0.415527 0.514247
0.416504 0.515366
0.41748 0.516484
0.418457 0.517602
0.419434 0.518719
0.42041 0.519836
0.421387 0.520952
0.422363 0.522068
0.42334 0.523183
0.424316 0.524297
0.425293 0.525411
0.42627 0.526524
0.427246 0.527637
0.428223 0.528749
0.429199 0.529861
0.430176 0.530972
0.431152 0.532083
0.432129 0.533193
0.433105 0.534303
0.434082 0.535412
0.435059 0.53652
0.436035 0.537628
0.437012 0.538735
0.437988 0.539842
0.438965 0.540948
0.439941 0.542053
0.440918 0.543159
0.441895 0.544263
0.442871 0.545367
0.443848 0.54647
0.444824 0.547573
0.445801 0.548675
0.446777 0.549777
0.447754 0.550878
0.44873 0.551978
0.449707 0.553078
0.450684 0.554177
0.45166 0.555276
0.452637 0.556374
0.453613 0.557472
0.45459 0.558569
0.455566 0.559665
0.456543 0.560761
0.45752 0.561856
0.458496 0.562951
0.459473 0.564045
0.460449 0.565139
0.461426 0.566232
0.462402 0.567324
0.463379 0.568416
0.464355 0.569507
0.465332 0.570597
0.466309 0.571687
0.467285 0.572776
0.468262 0.573865
0.469238 0.574953
0.470215 0.576041
0.471191 0.577128
0.472168 0.578214
0.473145 0.5793
0.474121 0.580385
0.475098 0.581469
0.476074 0.582553
0.477051 0.583637
0.478027 0.584719
0.479004 0.585801
0.47998 0.586883
0.480957 0.587964
0.481934 0.589044
0.48291 0.590123
0.483887 0.591202
0.484863 0.592281
0.48584 0.593358
0.486816 0.594435
0.487793 0.595512
0.48877 0.596588
0.489746 0.597663
0.490723 0.598738
0.491699 0.599811
0.492676 0.600885
0.493652 0.601957
0.494629 0.603029
0.495605 0.604101
0.496582 0.605172
0.497559 0.606242
0.498535 0.607311
0.499512 0.60838
0.500488 0.609448
0.501465 0.610516
0.502441 0.611583
0.503418 0.612649
0.504395 0.613714
0.505371 0.614779
0.506348 0.615844
0.507324 0.616907
0.508301 0.61797
0.509277 0.619033
0.510254 0.620094
0.51123 0.621155
0.512207 0.622216
0.513184 0.623275
0.51416 0.624334
0.515137 0.625393
0.516113 0.62645
0.51709 0.627507
0.518066 0.628563
0.519043 0.629619
0.52002 0.630674
0.520996 0.631728
0.521973 0.632782
0.522949 0.633835
0.523926 0.634887
0.524902 0.635939
0.525879 0.63699
0.526855 0.63804
0.527832 0.639089
0.528809 0.640138
0.529785 0.641186
0.530762 0.642234
0.531738 0.64328
0.532715 0.644326
0.533691 0.645372
0.534668 0.646416
0.535645 0.64746
0.536621 0.648503
0.537598 0.649546
0.538574 0.650588
0.539551 0.651629
0.540527 0.652669
0.541504 0.653709
0.54248 0.654748
0.543457 0.655786
0.544434 0.656823
0.54541 0.65786
0.546387 0.658896
0.547363 0.659932
0.54834 0.660966
0.549316 0.662
0.550293 0.663033
0.55127 0.664066
0.552246 0.665097
0.553223 0.666128
0.554199 0.667159
0.555176 0.668188
0.556152 0.669217
0.557129 0.670245
0.558105 0.671272
0.559082 0.672299
0.560059 0.673324
0.561035 0.674349
0.562012 0.675374
0.562988 0.676397
0.563965 0.67742
0.564941 0.678442
0.565918 0.679463
0.566895 0.680484
0.567871 0.681503
0.568848 0.682522
0.569824 0.68354
0.570801 0.684558
0.571777 0.685575
0.572754 0.68659
0.57373 0.687605
0.574707 0.68862
0.575684 0.689633
0.57666 0.690646
0.577637 0.691658
0.578613 0.692669
0.57959 0.69368
0.580566 0.694689
0.581543 0.695698
0.58252 0.696706
0.583496 0.697713
0.584473 0.69872
0.585449 0.699725
0.586426 0.70073
0.587402 0.701734
0.588379 0.702737
0.589355 0.70374
0.590332 0.704741
0.591309 0.705742
0.592285 0.706742
0.593262 0.707741
0.594238 0.70874
0.595215 0.709737
0.596191 0.710734
0.597168 0.71173
0.598145 0.712725
0.599121 0.713719
0.600098 0.714712
0.601074 0.715705
0.602051 0.716696
0.603027 0.717687
0.604004 0.718677
0.60498 0.719666
0.605957 0.720655
0.606934 0.721642
0.60791 0.722629
0.608887 0.723615
0.609863 0.7246
0.61084 0.725584
0.611816 0.726567
0.612793 0.727549
0.61377 0.728531
0.614746 0.729511
0.615723 0.730491
0.616699 0.73147
0.617676 0.732448
0.618652 0.733425
0.619629 0.734401
0.620605 0.735376
0.621582 0.736351
0.622559 0.737324
0.623535 0.738297
0.624512 0.739269
0.625488 0.740239
0.626465 0.741209
0.627441 0.742178
0.628418 0.743147
0.629395 0.744114
0.630371 0.74508
0.631348 0.746046
0.632324 0.74701
0.633301 0.747974
0.634277 0.748936
0.635254 0.749898
0.63623 0.750859
0.637207 0.751819
0.638184 0.752778
0.63916 0.753736
0.640137 0.754693
0.641113 0.755649
0.64209 0.756604
0.643066 0.757559
0.644043 0.758512
0.64502 0.759464
0.645996 0.760416
0.646973 0.761366
0.647949 0.762316
0.648926 0.763264
0.649902 0.764212
0.650879 0.765159
0.651855 0.766104
0.652832 0.767049
0.653809 0.767993
0.654785 0.768935
0.655762 0.769877
0.656738 0.770818
0.657715 0.771758
0.658691 0.772696
0.659668 0.773634
0.660645 0.774571
0.661621 0.775507
0.662598 0.776441
0.663574 0.777375
0.664551 0.778308
0.665527 0.77924
0.666504 0.78017
0.66748 0.7811
0.668457 0.782029
0.669434 0.782957
0.67041 0.783883
0.671387 0.784809
0.672363 0.785733
0.67334 0.786657
0.674316 0.787579
0.675293 0.788501
0.67627 0.789421
0.677246 0.790341
0.678223 0.791259
0.679199 0.792176
0.680176 0.793092
0.681152 0.794007
0.682129 0.794921
0.683105 0.795834
0.684082 0.796746
0.685059 0.797657
0.686035 0.798567
0.687012 0.799475
0.687988 0.800383
0.688965 0.801289
0.689941 0.802195
0.690918 0.803099
0.691895 0.804002
0.692871 0.804904
0.693848 0.805805
0.694824 0.806705
0.695801 0.807603
0.696777 0.808501
0.697754 0.809397
0.69873 0.810293
0.699707 0.811187
0.700684 0.81208
0.70166 0.812972
0.702637 0.813863
0.703613 0.814752
0.70459 0.815641
0.705566 0.816528
0.706543 0.817414
0.70752 0.818299
0.708496 0.819183
0.709473 0.820065
0.710449 0.820947
0.711426 0.821827
0.712402 0.822706
0.713379 0.823584
0.714355 0.824461
0.715332 0.825336
0.716309 0.826211
0.717285 0.827084
0.718262 0.827955
0.719238 0.828826
0.720215 0.829696
0.721191 0.830564
0.722168 0.831431
0.723145 0.832297
0.724121 0.833161
0.725098 0.834024
0.726074 0.834886
0.727051 0.835747
0.728027 0.836607
0.729004 0.837465
0.72998 0.838322
0.730957 0.839178
0.731934 0.840032
0.73291 0.840885
0.733887 0.841737
0.734863 0.842588
0.73584 0.843437
0.736816 0.844285
0.737793 0.845132
0.73877 0.845977
0.739746 0.846821
0.740723 0.847664
0.741699 0.848506
0.742676 0.849346
0.743652 0.850185
0.744629 0.851022
0.745605 0.851858
0.746582 0.852693
0.747559 0.853526
0.748535 0.854358
0.749512 0.855189
0.750488 0.856019
0.751465 0.856847
0.752441 0.857673
0.753418 0.858498
0.754395 0.859322
0.755371 0.860145
0.756348 0.860966
0.757324 0.861785
0.758301 0.862604
0.759277 0.86342
0.760254 0.864236
0.76123 0.86505
0.762207 0.865862
0.763184 0.866673
0.76416 0.867483
0.765137 0.868291
0.766113 0.869098
0.76709 0.869903
0.768066 0.870707
0.769043 0.87151
0.77002 0.872311
0.770996 0.87311
0.771973 0.873908
0.772949 0.874704
0.773926 0.875499
0.774902 0.876293
0.775879 0.877085
0.776855 0.877875
0.777832 0.878664
0.778809 0.879451
0.779785 0.880237
0.780762 0.881021
0.781738 0.881804
0.782715 0.882585
0.783691 0.883365
0.784668 0.884143
0.785645 0.884919
0.786621 0.885694
0.787598 0.886467
0.788574 0.887239
0.789551 0.888009
0.790527 0.888777
0.791504 0.889544
0.79248 0.890309
0.793457 0.891073
0.794434 0.891835
0.79541 0.892595
0.796387 0.893354
0.797363 0.894111
0.79834 0.894866
0.799316 0.89562
0.800293 0.896372
0.80127 0.897122
0.802246 0.897871
0.803223 0.898617
0.804199 0.899363
0.805176 0.900106
0.806152 0.900848
0.807129 0.901588
0.808105 0.902326
0.809082 0.903062
0.810059 0.903797
0.811035 0.90453
0.812012 0.905261
0.812988 0.905991
0.813965 0.906718
0.814941 0.907444
0.815918 0.908168
0.816895 0.90889
0.817871 0.909611
0.818848 0.910329
0.819824 0.911046
0.820801 0.911761
0.821777 0.912474
0.822754 0.913185
0.82373 0.913894
0.824707 0.914602
0.825684 0.915307
0.82666 0.916011
0.827637 0.916712
0.828613 0.917412
0.82959 0.91811
0.830566 0.918806
0.831543 0.9195
0.83252 0.920192
0.833496 0.920882
0.834473 0.92157
0.835449 0.922256
0.836426 0.92294
0.837402 0.923622
0.838379 0.924302
0.839355 0.92498
0.840332 0.925656
0.841309 0.92633
0.842285 0.927002
0.843262 0.927671
0.844238 0.928339
0.845215 0.929005
0.846191 0.929668
0.847168 0.93033
0.848145 0.930989
0.849121 0.931646
0.850098 0.932301
0.851074 0.932954
0.852051 0.933605
0.853027 0.934254
0.854004 0.9349
0.85498 0.935544
0.855957 0.936186
0.856934 0.936826
0.85791 0.937463
0.858887 0.938099
0.859863 0.938732
0.86084 0.939362
0.861816 0.939991
0.862793 0.940617
0.86377 0.941241
0.864746 0.941862
0.865723 0.942482
0.866699 0.943099
0.867676 0.943713
0.868652 0.944325
0.869629 0.944935
0.870605 0.945542
0.871582 0.946147
0.872559 0.94675
0.873535 0.94735
0.874512 0.947948
0.875488 0.948543
0.876465 0.949136
0.877441 0.949726
0.878418 0.950314
0.879395 0.950899
0.880371 0.951482
0.881348 0.952062
0.882324 0.952639
0.883301 0.953214
0.884277 0.953787
0.885254 0.954356
0.88623 0.954924
0.887207 0.955488
0.888184 0.95605
0.88916 0.956609
0.890137 0.957166
0.891113 0.95772
0.89209 0.958271
0.893066 0.958819
0.894043 0.959365
0.89502 0.959908
0.895996 0.960448
0.896973 0.960985
0.897949 0.961519
0.898926 0.962051
0.899902 0.96258
0.900879 0.963106
0.901855 0.963629
0.902832 0.964149
0.903809 0.964666
0.904785 0.96518
0.905762 0.965691
0.906738 0.966199
0.907715 0.966705
0.908691 0.967207
0.909668 0.967706
0.910645 0.968202
0.911621 0.968695
0.912598 0.969185
0.913574 0.969672
0.914551 0.970156
0.915527 0.970636
0.916504 0.971113
0.91748 0.971587
0.918457 0.972058
0.919434 0.972526
0.92041 0.97299
0.921387 0.973451
0.922363 0.973909
0.92334 0.974363
0.924316 0.974814
0.925293 0.975262
0.92627 0.975706
0.927246 0.976147
0.928223 0.976584
0.929199 0.977018
0.930176 0.977448
0.931152 0.977875
0.932129 0.978298
0.933105 0.978718
0.934082 0.979134
0.935059 0.979546
0.936035 0.979955
0.937012 0.98036
0.937988 0.980761
0.938965 0.981159
0.939941 0.981552
0.940918 0.981942
0.941895 0.982328
0.942871 0.982711
0.943848 0.983089
0.944824 0.983464
0.945801 0.983834
0.946777 0.9842
0.947754 0.984563
0.94873 0.984921
0.949707 0.985275
0.950684 0.985626
0.95166 0.985971
0.952637 0.986315
0.953613 0.986649
0.95459 0.986988
0.955566 0.987308
0.956543 0.987647
0.95752 0.987946
0.958496 0.988296
0.959473 0.988555
0.960449 0.988942
0.961426 0.989122
0.962402 0.989609
0.963379 0.989612
0.964355 0.990347
0.965332 0.989947
0.966309 0.991278
0.967285 0.989939
0.968262 0.992688
0.969238 0.989155
0.970215 0.995258
0.971191 0.986578
0.972168 1.00061
0.973145 0.97988
0.974121 1.0127
0.975098 0.9639
0.976074 1.04157
0.977051 0.928234
0.978027 1.11478
0.979004 0.857625
0.97998 1.31723
0.980957 0.757689
0.981934 1.91457
0.98291 0.729093
0.983887 3.38255
0.984863 0.907082
0.98584 5.64803
0.986816 1.25889
0.987793 8.24
0.98877 1.68295
0.989746 10.9468
0.990723 2.13445
0.991699 13.7006
0.992676 2.59817
0.993652 16.4765
0.994629 -0.289148
0.995605 -0.206405
0.996582 0.373717
0.997559 0.381621
0.998535 0.347573
0.999512 0.360275
1 0
