0.00390625 1.52825
0.0117188 1.57612
0.0195312 1.62209
0.0273438 1.66613
0.0351562 1.70819
0.0429688 1.74826
0.0507812 1.7863
0.0585938 1.8223
0.0664062 1.85623
0.0742188 1.88809
0.0820312 1.91786
0.0898438 1.94554
0.0976562 1.97112
0.105469 1.99461
0.113281 2.01601
0.121094 2.03534
0.128906 2.05259
0.136719 2.06781
0.144531 2.081
0.152344 2.09219
0.160156 2.10142
0.167969 2.10873
0.175781 2.11416
0.183594 2.11776
0.191406 2.11958
0.199219 2.11968
0.207031 2.11812
0.214844 2.11496
0.222656 2.11029
0.230469 2.10418
0.238281 2.09669
0.246094 2.08793
0.253906 2.07796
0.261719 2.06688
0.269531 2.05476
0.277344 2.04171
0.285156 2.02781
0.292969 2.01313
0.300781 1.99778
0.308594 1.98183
0.316406 1.96536
0.324219 1.94845
0.332031 1.93118
0.339844 1.91362
0.347656 1.89584
0.355469 1.87789
0.363281 1.85984
0.371094 1.84173
0.378906 1.82363
0.386719 1.80558
0.394531 1.78761
0.402344 1.76975
0.410156 1.75205
0.417969 1.73453
0.425781 1.7172
0.433594 1.70009
0.441406 1.68322
0.449219 1.66659
0.457031 1.65022
0.464844 1.63411
0.472656 1.61826
0.480469 1.60268
0.488281 1.58736
0.496094 1.57231
0.503906 1.55751
0.511719 1.54297
0.519531 1.52868
0.527344 1.51463
0.535156 1.50081
0.542969 1.48722
0.550781 1.47385
0.558594 1.46068
0.566406 1.44771
0.574219 1.43493
0.582031 1.42234
0.589844 1.40991
0.597656 1.39764
0.605469 1.38553
0.613281 1.37357
0.621094 1.36174
0.628906 1.35005
0.636719 1.33848
0.644531 1.32702
0.652344 1.31568
0.660156 1.30444
0.667969 1.29331
0.675781 1.28227
0.683594 1.27134
0.691406 1.26049
0.699219 1.24975
0.707031 1.23909
0.714844 1.22853
0.722656 1.21807
0.730469 1.20772
0.738281 1.19747
0.746094 1.18734
0.753906 1.17734
0.761719 1.16747
0.769531 1.15775
0.777344 1.14819
0.785156 1.1388
0.792969 1.12962
0.800781 1.12064
0.808594 1.1119
0.816406 1.10341
0.824219 1.0952
0.832031 1.08728
0.839844 1.0797
0.847656 1.07245
0.855469 1.06558
0.863281 1.0591
0.871094 1.05302
0.878906 1.04737
0.886719 1.04215
0.894531 1.03738
0.902344 1.03304
0.910156 1.02914
0.917969 1.02565
0.925781 1.02255
0.933594 1.0198
0.941406 1.01735
0.949219 1.01515
0.957031 1.0131
0.964844 1.01113
0.972656 1.00912
0.980469 1.00696
0.988281 1.00451
0.996094 1.00164
