0.00195312 0.00101091
0.00585938 0.00303273
0.00976562 0.00505454
0.0136719 0.00707635
0.0175781 0.00909814
0.0214844 0.0111199
0.0253906 0.0131417
0.0292969 0.0151634
0.0332031 0.0171852
0.0371094 0.0192069
0.0410156 0.0212285
0.0449219 0.0232502
0.0488281 0.0252718
0.0527344 0.0272934
0.0566406 0.0293149
0.0605469 0.0313364
0.0644531 0.0333578
0.0683594 0.0353792
0.0722656 0.0374006
0.0761719 0.0394218
0.0800781 0.0414431
0.0839844 0.0434643
0.0878906 0.0454854
0.0917969 0.0475064
0.0957031 0.0495274
0.0996094 0.0515483
0.103516 0.0535691
0.107422 0.0555899
0.111328 0.0576105
0.115234 0.0596311
0.119141 0.0616516
0.123047 0.063672
0.126953 0.0656923
0.130859 0.0677126
0.134766 0.0697327
0.138672 0.0717527
0.142578 0.0737726
0.146484 0.0757925
0.150391 0.0778122
0.154297 0.0798318
0.158203 0.0818512
0.162109 0.0838706
0.166016 0.0858898
0.169922 0.0879089
0.173828 0.0899279
0.177734 0.0919468
0.181641 0.0939655
0.185547 0.0959841
0.189453 0.0980025
0.193359 0.100021
0.197266 0.102039
0.201172 0.104057
0.205078 0.106075
0.208984 0.108093
0.212891 0.11011
0.216797 0.112128
0.220703 0.114145
0.224609 0.116162
0.228516 0.118179
0.232422 0.120195
0.236328 0.122212
0.240234 0.124228
0.244141 0.126245
0.248047 0.128261
0.251953 0.130276
0.255859 0.132292
0.259766 0.134308
0.263672 0.136323
0.267578 0.138338
0.271484 0.140353
0.275391 0.142367
0.279297 0.144382
0.283203 0.146396
0.287109 0.14841
0.291016 0.150424
0.294922 0.152438
0.298828 0.154451
0.302734 0.156464
0.306641 0.158477
0.310547 0.16049
0.314453 0.162502
0.318359 0.164515
0.322266 0.166527
0.326172 0.168538
0.330078 0.17055
0.333984 0.172561
0.337891 0.174572
0.341797 0.176583
0.345703 0.178593
0.349609 0.180604
0.353516 0.182614
0.357422 0.184624
0.361328 0.186633
0.365234 0.188642
0.369141 0.190651
0.373047 0.19266
0.376953 0.194668
0.380859 0.196676
0.384766 0.198684
0.388672 0.200692
0.392578 0.202699
0.396484 0.204706
0.400391 0.206713
0.404297 0.208719
0.408203 0.210725
0.412109 0.212731
0.416016 0.214736
0.419922 0.216742
0.423828 0.218746
0.427734 0.220751
0.431641 0.222755
0.435547 0.224759
0.439453 0.226763
0.443359 0.228766
0.447266 0.230769
0.451172 0.232772
0.455078 0.234774
0.458984 0.236776
0.462891 0.238777
0.466797 0.240779
0.470703 0.24278
0.474609 0.24478
0.478516 0.24678
0.482422 0.24878
0.486328 0.25078
0.490234 0.252779
0.494141 0.254778
0.498047 0.256776
0.501953 0.258774
0.505859 0.260772
0.509766 0.262769
0.513672 0.264766
0.517578 0.266763
0.521484 0.268759
0.525391 0.270754
0.529297 0.27275
0.533203 0.274745
0.537109 0.276739
0.541016 0.278734
0.544922 0.280728
0.548828 0.282721
0.552734 0.284714
0.556641 0.286707
0.560547 0.288699
0.564453 0.29069
0.568359 0.292682
0.572266 0.294673
0.576172 0.296663
0.580078 0.298653
0.583984 0.300643
0.587891 0.302632
0.591797 0.304621
0.595703 0.306609
0.599609 0.308597
0.603516 0.310585
0.607422 0.312572
0.611328 0.314558
0.615234 0.316544
0.619141 0.31853
0.623047 0.320515
0.626953 0.3225
0.630859 0.324484
0.634766 0.326468
0.638672 0.328451
0.642578 0.330434
0.646484 0.332417
0.650391 0.334399
0.654297 0.33638
0.658203 0.338361
0.662109 0.340341
0.666016 0.342321
0.669922 0.344301
0.673828 0.34628
0.677734 0.348258
0.681641 0.350236
0.685547 0.352214
0.689453 0.354191
0.693359 0.356167
0.697266 0.358143
0.701172 0.360118
0.705078 0.362093
0.708984 0.364067
0.712891 0.366041
0.716797 0.368014
0.720703 0.369987
0.724609 0.371959
0.728516 0.37393
0.732422 0.375901
0.736328 0.377871
0.740234 0.379841
0.744141 0.38181
0.748047 0.383779
0.751953 0.385746
0.755859 0.387713
0.759766 0.38968
0.763672 0.391645
0.767578 0.39361
0.771484 0.395574
0.775391 0.397537
0.779297 0.399499
0.783203 0.40146
0.787109 0.403419
0.791016 0.405377
0.794922 0.407334
0.798828 0.409289
0.802734 0.411242
0.806641 0.413192
0.810547 0.41514
0.814453 0.417085
0.818359 0.419026
0.822266 0.420962
0.826172 0.422894
0.830078 0.424818
0.833984 0.426736
0.837891 0.428644
0.841797 0.430541
0.845703 0.432425
0.849609 0.434293
0.853516 0.436141
0.857422 0.437966
0.861328 0.439762
0.865234 0.441523
0.869141 0.443242
0.873047 0.444909
0.876953 0.446514
0.880859 0.448042
0.884766 0.449478
0.888672 0.4508
0.892578 0.451985
0.896484 0.453003
0.900391 0.453818
0.904297 0.454385
0.908203 0.454654
0.912109 0.454559
0.916016 0.454024
0.919922 0.452958
0.923828 0.451252
0.927734 0.448776
0.931641 0.445377
0.935547 0.440876
0.939453 0.435066
0.943359 0.427709
0.947266 0.418538
0.951172 0.407258
0.955078 0.393552
0.958984 0.377087
0.962891 0.357536
0.966797 0.334591
0.970703 0.308
0.974609 0.277591
0.978516 0.243316
0.982422 0.205283
0.986328 0.163787
0.990234 0.119317
0.994141 0.0725567
0.998047 0.0243505
