0 0
0.000488281 0.000593869
0.00146484 0.0017816
0.00244141 0.00296932
0.00341797 0.00415702
0.00439453 0.00534468
0.00537109 0.00653231
0.00634766 0.00771988
0.00732422 0.0089074
0.00830078 0.0100948
0.00927734 0.0112822
0.0102539 0.0124695
0.0112305 0.0136567
0.012207 0.0148438
0.0131836 0.0160308
0.0141602 0.0172177
0.0151367 0.0184044
0.0161133 0.0195911
0.0170898 0.0207776
0.0180664 0.0219639
0.019043 0.0231501
0.0200195 0.0243362
0.0209961 0.0255221
0.0219727 0.0267078
0.0229492 0.0278933
0.0239258 0.0290787
0.0249023 0.0302639
0.0258789 0.031449
0.0268555 0.0326338
0.027832 0.0338184
0.0288086 0.0350029
0.0297852 0.0361872
0.0307617 0.0373712
0.0317383 0.0385551
0.0327148 0.0397387
0.0336914 0.0409222
0.034668 0.0421054
0.0356445 0.0432884
0.0366211 0.0444712
0.0375977 0.0456538
0.0385742 0.0468362
0.0395508 0.0480183
0.0405273 0.0492002
0.0415039 0.0503819
0.0424805 0.0515634
0.043457 0.0527447
0.0444336 0.0539257
0.0454102 0.0551065
0.0463867 0.0562871
0.0473633 0.0574674
0.0483398 0.0586476
0.0493164 0.0598275
0.050293 0.0610071
0.0512695 0.0621865
0.0522461 0.0633657
0.0532227 0.0645447
0.0541992 0.0657234
0.0551758 0.066902
0.0561523 0.0680802
0.0571289 0.0692583
0.0581055 0.0704361
0.059082 0.0716136
0.0600586 0.0727909
0.0610352 0.073968
0.0620117 0.0751449
0.0629883 0.0763215
0.0639648 0.0774979
0.0649414 0.0786741
0.065918 0.07985
0.0668945 0.0810256
0.0678711 0.0822011
0.0688477 0.0833763
0.0698242 0.0845512
0.0708008 0.0857259
0.0717773 0.0869004
0.0727539 0.0880747
0.0737305 0.0892487
0.074707 0.0904224
0.0756836 0.0915959
0.0766602 0.0927692
0.0776367 0.0939423
0.0786133 0.0951151
0.0795898 0.0962876
0.0805664 0.0974599
0.081543 0.098632
0.0825195 0.0998038
0.0834961 0.100975
0.0844727 0.102147
0.0854492 0.103318
0.0864258 0.104489
0.0874023 0.105659
0.0883789 0.10683
0.0893555 0.108
0.090332 0.10917
0.0913086 0.110339
0.0922852 0.111509
0.0932617 0.112678
0.0942383 0.113847
0.0952148 0.115015
0.0961914 0.116184
0.097168 0.117352
0.0981445 0.11852
0.0991211 0.119687
0.100098 0.120855
0.101074 0.122022
0.102051 0.123189
0.103027 0.124355
0.104004 0.125522
0.10498 0.126688
0.105957 0.127854
0.106934 0.12902
0.10791 0.130185
0.108887 0.13135
0.109863 0.132515
0.11084 0.13368
0.111816 0.134844
0.112793 0.136008
0.11377 0.137172
0.114746 0.138336
0.115723 0.139499
0.116699 0.140662
0.117676 0.141825
0.118652 0.142988
0.119629 0.14415
0.120605 0.145312
0.121582 0.146474
0.122559 0.147635
0.123535 0.148797
0.124512 0.149958
0.125488 0.151119
0.126465 0.152279
0.127441 0.153439
0.128418 0.154599
0.129395 0.155759
0.130371 0.156919
0.131348 0.158078
0.132324 0.159237
0.133301 0.160396
0.134277 0.161554
0.135254 0.162712
0.13623 0.16387
0.137207 0.165028
0.138184 0.166185
0.13916 0.167343
0.140137 0.168499
0.141113 0.169656
0.14209 0.170812
0.143066 0.171969
0.144043 0.173124
0.14502 0.17428
0.145996 0.175435
0.146973 0.17659
0.147949 0.177745
0.148926 0.1789
0.149902 0.180054
0.150879 0.181208
0.151855 0.182362
0.152832 0.183515
0.153809 0.184668
0.154785 0.185821
0.155762 0.186974
0.156738 0.188126
0.157715 0.189278
0.158691 0.19043
0.159668 0.191581
0.160645 0.192733
0.161621 0.193884
0.162598 0.195034
0.163574 0.196185
0.164551 0.197335
0.165527 0.198485
0.166504 0.199635
0.16748 0.200784
0.168457 0.201933
0.169434 0.203082
0.17041 0.20423
0.171387 0.205379
0.172363 0.206527
0.17334 0.207674
0.174316 0.208822
0.175293 0.209969
0.17627 0.211116
0.177246 0.212263
0.178223 0.213409
0.179199 0.214555
0.180176 0.215701
0.181152 0.216846
0.182129 0.217991
0.183105 0.219136
0.184082 0.220281
0.185059 0.221425
0.186035 0.222569
0.187012 0.223713
0.187988 0.224857
0.188965 0.226
0.189941 0.227143
0.190918 0.228286
0.191895 0.229428
0.192871 0.23057
0.193848 0.231712
0.194824 0.232853
0.195801 0.233995
0.196777 0.235136
0.197754 0.236276
0.19873 0.237417
0.199707 0.238557
0.200684 0.239696
0.20166 0.240836
0.202637 0.241975
0.203613 0.243114
0.20459 0.244253
0.205566 0.245391
0.206543 0.246529
0.20752 0.247667
0.208496 0.248805
0.209473 0.249942
0.210449 0.251079
0.211426 0.252215
0.212402 0.253352
0.213379 0.254488
0.214355 0.255623
0.215332 0.256759
0.216309 0.257894
0.217285 0.259029
0.218262 0.260163
0.219238 0.261297
0.220215 0.262431
0.221191 0.263565
0.222168 0.264698
0.223145 0.265831
0.224121 0.266964
0.225098 0.268097
0.226074 0.269229
0.227051 0.270361
0.228027 0.271492
0.229004 0.272624
0.22998 0.273755
0.230957 0.274885
0.231934 0.276016
0.23291 0.277146
0.233887 0.278275
0.234863 0.279405
0.23584 0.280534
0.236816 0.281663
0.237793 0.282791
0.23877 0.283919
0.239746 0.285047
0.240723 0.286175
0.241699 0.287302
0.242676 0.288429
0.243652 0.289556
0.244629 0.290682
0.245605 0.291808
0.246582 0.292934
0.247559 0.29406
0.248535 0.295185
0.249512 0.29631
0.250488 0.297434
0.251465 0.298558
0.252441 0.299682
0.253418 0.300806
0.254395 0.301929
0.255371 0.303052
0.256348 0.304175
0.257324 0.305297
0.258301 0.306419
0.259277 0.307541
0.260254 0.308662
0.26123 0.309783
0.262207 0.310904
0.263184 0.312024
0.26416 0.313144
0.265137 0.314264
0.266113 0.315384
0.26709 0.316503
0.268066 0.317622
0.269043 0.31874
0.27002 0.319858
0.270996 0.320976
0.271973 0.322094
0.272949 0.323211
0.273926 0.324328
0.274902 0.325444
0.275879 0.326561
0.276855 0.327676
0.277832 0.328792
0.278809 0.329907
0.279785 0.331022
0.280762 0.332137
0.281738 0.333251
0.282715 0.334365
0.283691 0.335479
0.284668 0.336592
0.285645 0.337705
0.286621 0.338818
0.287598 0.33993
0.288574 0.341042
0.289551 0.342154
0.290527 0.343265
0.291504 0.344376
0.29248 0.345486
0.293457 0.346597
0.294434 0.347707
0.29541 0.348816
0.296387 0.349926
0.297363 0.351035
0.29834 0.352143
0.299316 0.353252
0.300293 0.354359
0.30127 0.355467
0.302246 0.356574
0.303223 0.357681
0.304199 0.358788
0.305176 0.359894
0.306152 0.361
0.307129 0.362106
0.308105 0.363211
0.309082 0.364316
0.310059 0.36542
0.311035 0.366524
0.312012 0.367628
0.312988 0.368732
0.313965 0.369835
0.314941 0.370938
0.315918 0.37204
0.316895 0.373142
0.317871 0.374244
0.318848 0.375345
0.319824 0.376447
0.320801 0.377547
0.321777 0.378648
0.322754 0.379748
0.32373 0.380847
0.324707 0.381947
0.325684 0.383045
0.32666 0.384144
0.327637 0.385242
0.328613 0.38634
0.32959 0.387438
0.330566 0.388535
0.331543 0.389632
0.33252 0.390728
0.333496 0.391824
0.334473 0.39292
0.335449 0.394015
0.336426 0.39511
0.337402 0.396205
0.338379 0.397299
0.339355 0.398393
0.340332 0.399487
0.341309 0.40058
0.342285 0.401673
0.343262 0.402765
0.344238 0.403858
0.345215 0.404949
0.346191 0.406041
0.347168 0.407132
0.348145 0.408222
0.349121 0.409313
0.350098 0.410403
0.351074 0.411492
0.352051 0.412581
0.353027 0.41367
0.354004 0.414759
0.35498 0.415847
0.355957 0.416934
0.356934 0.418022
0.35791 0.419109
0.358887 0.420195
0.359863 0.421281
0.36084 0.422367
0.361816 0.423452
0.362793 0.424538
0.36377 0.425622
0.364746 0.426707
0.365723 0.42779
0.366699 0.428874
0.367676 0.429957
0.368652 0.43104
0.369629 0.432122
0.370605 0.433204
0.371582 0.434286
0.372559 0.435367
0.373535 0.436448
0.374512 0.437528
0.375488 0.438609
0.376465 0.439688
0.377441 0.440768
0.378418 0.441846
0.379395 0.442925
0.380371 0.444003
0.381348 0.445081
0.382324 0.446158
0.383301 0.447235
0.384277 0.448312
0.385254 0.449388
0.38623 0.450464
0.387207 0.451539
0.388184 0.452614
0.38916 0.453689
0.390137 0.454763
0.391113 0.455837
0.39209 0.45691
0.393066 0.457983
0.394043 0.459056
0.39502 0.460128
0.395996 0.4612
0.396973 0.462271
0.397949 0.463342
0.398926 0.464413
0.399902 0.465483
0.400879 0.466553
0.401855 0.467622
0.402832 0.468691
0.403809 0.469759
0.404785 0.470828
0.405762 0.471895
0.406738 0.472963
0.407715 0.47403
0.408691 0.475096
0.409668 0.476162
0.410645 0.477228
0.411621 0.478293
0.412598 0.479358
0.413574 0.480422
0.414551 0.481486
0.415527 0.48255
0.416504 0.483613
0.41748 0.484676
0.418457 0.485738
0.419434 0.4868
0.42041 0.487862
0.421387 0.488923
0.422363 0.489983
0.42334 0.491044
0.424316 0.492103
0.425293 0.493163
0.42627 0.494222
0.427246 0.49528
0.428223 0.496338
0.429199 0.497396
0.430176 0.498453
0.431152 0.49951
0.432129 0.500566
0.433105 0.501622
0.434082 0.502678
0.435059 0.503733
0.436035 0.504787
0.437012 0.505842
0.437988 0.506895
0.438965 0.507949
0.439941 0.509002
0.440918 0.510054
0.441895 0.511106
0.442871 0.512158
0.443848 0.513209
0.444824 0.51426
0.445801 0.51531
0.446777 0.51636
0.447754 0.517409
0.44873 0.518458
0.449707 0.519506
0.450684 0.520554
0.45166 0.521602
0.452637 0.522649
0.453613 0.523696
0.45459 0.524742
0.455566 0.525788
0.456543 0.526833
0.45752 0.527878
0.458496 0.528922
0.459473 0.529966
0.460449 0.53101
0.461426 0.532053
0.462402 0.533095
0.463379 0.534137
0.464355 0.535179
0.465332 0.53622
0.466309 0.537261
0.467285 0.538301
0.468262 0.539341
0.469238 0.54038
0.470215 0.541419
0.471191 0.542457
0.472168 0.543495
0.473145 0.544533
0.474121 0.54557
0.475098 0.546606
0.476074 0.547642
0.477051 0.548678
0.478027 0.549713
0.479004 0.550748
0.47998 0.551782
0.480957 0.552815
0.481934 0.553849
0.48291 0.554881
0.483887 0.555914
0.484863 0.556945
0.48584 0.557977
0.486816 0.559007
0.487793 0.560038
0.48877 0.561067
0.489746 0.562097
0.490723 0.563126
0.491699 0.564154
0.492676 0.565182
0.493652 0.566209
0.494629 0.567236
0.495605 0.568262
0.496582 0.569288
0.497559 0.570314
0.498535 0.571339
0.499512 0.572363
0.500488 0.573387
0.501465 0.57441
0.502441 0.575433
0.503418 0.576456
0.504395 0.577477
0.505371 0.578499
0.506348 0.57952
0.507324 0.58054
0.508301 0.58156
0.509277 0.582579
0.510254 0.583598
0.51123 0.584617
0.512207 0.585634
0.513184 0.586652
0.51416 0.587669
0.515137 0.588685
0.516113 0.589701
0.51709 0.590716
0.518066 0.591731
0.519043 0.592745
0.52002 0.593759
0.520996 0.594772
0.521973 0.595784
0.522949 0.596797
0.523926 0.597808
0.524902 0.598819
0.525879 0.59983
0.526855 0.60084
0.527832 0.601849
0.528809 0.602858
0.529785 0.603867
0.530762 0.604875
0.531738 0.605882
0.532715 0.606889
0.533691 0.607895
0.534668 0.608901
0.535645 0.609906
0.536621 0.610911
0.537598 0.611915
0.538574 0.612919
0.539551 0.613922
0.540527 0.614924
0.541504 0.615926
0.54248 0.616928
0.543457 0.617929
0.544434 0.618929
0.54541 0.619929
0.546387 0.620928
0.547363 0.621926
0.54834 0.622925
0.549316 0.623922
0.550293 0.624919
0.55127 0.625916
0.552246 0.626911
0.553223 0.627907
0.554199 0.628901
0.555176 0.629896
0.556152 0.630889
0.557129 0.631882
0.558105 0.632875
0.559082 0.633867
0.560059 0.634858
0.561035 0.635849
0.562012 0.636839
0.562988 0.637829
0.563965 0.638818
0.564941 0.639806
0.565918 0.640794
0.566895 0.641781
0.567871 0.642768
0.568848 0.643754
0.569824 0.64474
0.570801 0.645725
0.571777 0.646709
0.572754 0.647693
0.57373 0.648676
0.574707 0.649658
0.575684 0.65064
0.57666 0.651622
0.577637 0.652603
0.578613 0.653583
0.57959 0.654563
0.580566 0.655542
0.581543 0.65652
0.58252 0.657498
0.583496 0.658475
0.584473 0.659452
0.585449 0.660428
0.586426 0.661403
0.587402 0.662378
0.588379 0.663352
0.589355 0.664325
0.590332 0.665298
0.591309 0.666271
0.592285 0.667242
0.593262 0.668213
0.594238 0.669184
0.595215 0.670154
0.596191 0.671123
0.597168 0.672091
0.598145 0.673059
0.599121 0.674027
0.600098 0.674993
0.601074 0.675959
0.602051 0.676925
0.603027 0.67789
0.604004 0.678854
0.60498 0.679817
0.605957 0.68078
0.606934 0.681742
0.60791 0.682704
0.608887 0.683665
0.609863 0.684625
0.61084 0.685585
0.611816 0.686544
0.612793 0.687502
0.61377 0.68846
0.614746 0.689417
0.615723 0.690373
0.616699 0.691329
0.617676 0.692284
0.618652 0.693238
0.619629 0.694192
0.620605 0.695145
0.621582 0.696097
0.622559 0.697049
0.623535 0.698
0.624512 0.69895
0.625488 0.6999
0.626465 0.700849
0.627441 0.701797
0.628418 0.702745
0.629395 0.703692
0.630371 0.704638
0.631348 0.705584
0.632324 0.706529
0.633301 0.707473
0.634277 0.708416
0.635254 0.709359
0.63623 0.710301
0.637207 0.711243
0.638184 0.712183
0.63916 0.713123
0.640137 0.714063
0.641113 0.715001
0.64209 0.715939
0.643066 0.716876
0.644043 0.717813
0.64502 0.718749
0.645996 0.719684
0.646973 0.720618
0.647949 0.721552
0.648926 0.722485
0.649902 0.723417
0.650879 0.724348
0.651855 0.725279
0.652832 0.726209
0.653809 0.727138
0.654785 0.728067
0.655762 0.728995
0.656738 0.729922
0.657715 0.730848
0.658691 0.731774
0.659668 0.732699
0.660645 0.733623
0.661621 0.734546
0.662598 0.735469
0.663574 0.736391
0.664551 0.737312
0.665527 0.738232
0.666504 0.739152
0.66748 0.74007
0.668457 0.740988
0.669434 0.741906
0.67041 0.742822
0.671387 0.743738
0.672363 0.744653
0.67334 0.745567
0.674316 0.746481
0.675293 0.747393
0.67627 0.748305
0.677246 0.749216
0.678223 0.750127
0.679199 0.751036
0.680176 0.751945
0.681152 0.752853
0.682129 0.75376
0.683105 0.754667
0.684082 0.755572
0.685059 0.756477
0.686035 0.757381
0.687012 0.758284
0.687988 0.759186
0.688965 0.760088
0.689941 0.760989
0.690918 0.761889
0.691895 0.762788
0.692871 0.763686
0.693848 0.764583
0.694824 0.76548
0.695801 0.766376
0.696777 0.767271
0.697754 0.768165
0.69873 0.769058
0.699707 0.769951
0.700684 0.770842
0.70166 0.771733
0.702637 0.772623
0.703613 0.773512
0.70459 0.7744
0.705566 0.775288
0.706543 0.776174
0.70752 0.77706
0.708496 0.777945
0.709473 0.778829
0.710449 0.779712
0.711426 0.780594
0.712402 0.781475
0.713379 0.782356
0.714355 0.783235
0.715332 0.784114
0.716309 0.784992
0.717285 0.785869
0.718262 0.786745
0.719238 0.78762
0.720215 0.788494
0.721191 0.789368
0.722168 0.79024
0.723145 0.791112
0.724121 0.791982
0.725098 0.792852
0.726074 0.793721
0.727051 0.794589
0.728027 0.795456
0.729004 0.796322
0.72998 0.797187
0.730957 0.798051
0.731934 0.798915
0.73291 0.799777
0.733887 0.800638
0.734863 0.801499
0.73584 0.802359
0.736816 0.803217
0.737793 0.804075
0.73877 0.804931
0.739746 0.805787
0.740723 0.806642
0.741699 0.807496
0.742676 0.808349
0.743652 0.809201
0.744629 0.810052
0.745605 0.810902
0.746582 0.811751
0.747559 0.812599
0.748535 0.813446
0.749512 0.814292
0.750488 0.815137
0.751465 0.815981
0.752441 0.816824
0.753418 0.817666
0.754395 0.818507
0.755371 0.819347
0.756348 0.820186
0.757324 0.821024
0.758301 0.821861
0.759277 0.822697
0.760254 0.823532
0.76123 0.824366
0.762207 0.825199
0.763184 0.82603
0.76416 0.826861
0.765137 0.827691
0.766113 0.82852
0.76709 0.829347
0.768066 0.830174
0.769043 0.831
0.77002 0.831824
0.770996 0.832647
0.771973 0.83347
0.772949 0.834291
0.773926 0.835111
0.774902 0.83593
0.775879 0.836748
0.776855 0.837565
0.777832 0.838381
0.778809 0.839196
0.779785 0.84001
0.780762 0.840822
0.781738 0.841634
0.782715 0.842444
0.783691 0.843253
0.784668 0.844061
0.785645 0.844868
0.786621 0.845674
0.787598 0.846479
0.788574 0.847282
0.789551 0.848085
0.790527 0.848886
0.791504 0.849686
0.79248 0.850485
0.793457 0.851283
0.794434 0.852079
0.79541 0.852875
0.796387 0.853669
0.797363 0.854462
0.79834 0.855254
0.799316 0.856045
0.800293 0.856835
0.80127 0.857623
0.802246 0.85841
0.803223 0.859196
0.804199 0.859981
0.805176 0.860764
0.806152 0.861547
0.807129 0.862328
0.808105 0.863108
0.809082 0.863886
0.810059 0.864663
0.811035 0.86544
0.812012 0.866215
0.812988 0.866988
0.813965 0.86776
0.814941 0.868532
0.815918 0.869301
0.816895 0.87007
0.817871 0.870837
0.818848 0.871603
0.819824 0.872368
0.820801 0.873131
0.821777 0.873893
0.822754 0.874654
0.82373 0.875414
0.824707 0.876172
0.825684 0.876929
0.82666 0.877684
0.827637 0.878439
0.828613 0.879191
0.82959 0.879943
0.830566 0.880693
0.831543 0.881442
0.83252 0.882189
0.833496 0.882935
0.834473 0.88368
0.835449 0.884423
0.836426 0.885165
0.837402 0.885906
0.838379 0.886645
0.839355 0.887383
0.840332 0.888119
0.841309 0.888854
0.842285 0.889587
0.843262 0.89032
0.844238 0.89105
0.845215 0.891779
0.846191 0.892507
0.847168 0.893233
0.848145 0.893958
0.849121 0.894682
0.850098 0.895404
0.851074 0.896124
0.852051 0.896843
0.853027 0.89756
0.854004 0.898276
0.85498 0.898991
0.855957 0.899704
0.856934 0.900415
0.85791 0.901125
0.858887 0.901833
0.859863 0.90254
0.86084 0.903245
0.861816 0.903949
0.862793 0.904651
0.86377 0.905352
0.864746 0.906051
0.865723 0.906748
0.866699 0.907444
0.867676 0.908138
0.868652 0.908831
0.869629 0.909522
0.870605 0.910211
0.871582 0.910899
0.872559 0.911585
0.873535 0.91227
0.874512 0.912953
0.875488 0.913634
0.876465 0.914313
0.877441 0.914991
0.878418 0.915667
0.879395 0.916342
0.880371 0.917014
0.881348 0.917685
0.882324 0.918355
0.883301 0.919022
0.884277 0.919688
0.885254 0.920352
0.88623 0.921015
0.887207 0.921675
0.888184 0.922334
0.88916 0.922991
0.890137 0.923646
0.891113 0.9243
0.89209 0.924952
0.893066 0.925601
0.894043 0.92625
0.89502 0.926896
0.895996 0.92754
0.896973 0.928183
0.897949 0.928823
0.898926 0.929462
0.899902 0.930099
0.900879 0.930734
0.901855 0.931367
0.902832 0.931998
0.903809 0.932627
0.904785 0.933255
0.905762 0.93388
0.906738 0.934503
0.907715 0.935125
0.908691 0.935744
0.909668 0.936362
0.910645 0.936977
0.911621 0.937591
0.912598 0.938202
0.913574 0.938812
0.914551 0.939419
0.915527 0.940024
0.916504 0.940628
0.91748 0.941229
0.918457 0.941828
0.919434 0.942425
0.92041 0.94302
0.921387 0.943613
0.922363 0.944203
0.92334 0.944792
0.924316 0.945378
0.925293 0.945962
0.92627 0.946544
0.927246 0.947124
0.928223 0.947702
0.929199 0.948277
0.930176 0.94885
0.931152 0.949421
0.932129 0.94999
0.933105 0.950556
0.934082 0.95112
0.935059 0.951682
0.936035 0.952241
0.937012 0.952798
0.937988 0.953353
0.938965 0.953905
0.939941 0.954455
0.940918 0.955003
0.941895 0.955548
0.942871 0.956091
0.943848 0.956631
0.944824 0.957169
0.945801 0.957705
0.946777 0.958238
0.947754 0.958768
0.94873 0.959297
0.949707 0.959821
0.950684 0.960346
0.95166 0.960863
0.952637 0.961386
0.953613 0.961893
0.95459 0.962418
0.955566 0.962908
0.956543 0.963447
0.95752 0.963903
0.958496 0.96448
0.959473 0.964862
0.960449 0.96554
0.961426 0.965754
0.962402 0.966678
0.963379 0.966497
0.964355 0.968017
0.965332 0.966902
0.966309 0.969854
0.967285 0.966517
0.968262 0.972897
0.969238 0.964278
0.970215 0.978868
0.971191 0.957716
0.972168 0.992017
0.973145 0.94132
0.974121 1.02334
0.975098 0.904044
0.976074 1.10382
0.977051 0.8308
0.978027 1.33155
0.979004 0.734807
0.97998 2.01023
0.980957 0.731411
0.981934 3.60104
0.98291 0.940961
0.983887 5.92068
0.984863 1.30726
0.98584 8.52248
0.986816 1.73567
0.987793 11.2264
0.98877 2.1882
0.989746 13.9738
0.990723 2.6518
0.991699 16.7426
0.992676 3.12123
0.993652 19.5232
0.994629 -0.288717
0.995605 -0.20348
0.996582 0.496951
0.997559 0.47646
0.998535 0.566543
0.999512 0.0163514
1 0
