0.00390625 1.95681
0.0117188 1.96961
0.0195312 1.98404
0.0273438 2.00001
0.0351562 2.01742
0.0429688 2.03617
0.0507812 2.05616
0.0585938 2.0773
0.0664062 2.0995
0.0742188 2.12265
0.0820312 2.14668
0.0898438 2.17148
0.0976562 2.19699
0.105469 2.2231
0.113281 2.24974
0.121094 2.27684
0.128906 2.3043
0.136719 2.33206
0.144531 2.36005
0.152344 2.38819
0.160156 2.41642
0.167969 2.44466
0.175781 2.47285
0.183594 2.50092
0.191406 2.52882
0.199219 2.55647
0.207031 2.58383
0.214844 2.61082
0.222656 2.63739
0.230469 2.66348
0.238281 2.68903
0.246094 2.71399
0.253906 2.73828
0.261719 2.76187
0.269531 2.78469
0.277344 2.80668
0.285156 2.8278
0.292969 2.84797
0.300781 2.86715
0.308594 2.88527
0.316406 2.9023
0.324219 2.91816
0.332031 2.9328
0.339844 2.94618
0.347656 2.95823
0.355469 2.96892
0.363281 2.97818
0.371094 2.98597
0.378906 2.99225
0.386719 2.99696
0.394531 3.00008
0.402344 3.00156
0.410156 3.00137
0.417969 2.99948
0.425781 2.99587
0.433594 2.99052
0.441406 2.98341
0.449219 2.97454
0.457031 2.9639
0.464844 2.95151
0.472656 2.93736
0.480469 2.9215
0.488281 2.90393
0.496094 2.8847
0.503906 2.86386
0.511719 2.84144
0.519531 2.81751
0.527344 2.79213
0.535156 2.76538
0.542969 2.73733
0.550781 2.70806
0.558594 2.67766
0.566406 2.64623
0.574219 2.61385
0.582031 2.58062
0.589844 2.54665
0.597656 2.51203
0.605469 2.47685
0.613281 2.44121
0.621094 2.40522
0.628906 2.36895
0.636719 2.3325
0.644531 2.29594
0.652344 2.25937
0.660156 2.22285
0.667969 2.18645
0.675781 2.15023
0.683594 2.11426
0.691406 2.07857
0.699219 2.04322
0.707031 2.00824
0.714844 1.97368
0.722656 1.93954
0.730469 1.90587
0.738281 1.87267
0.746094 1.83996
0.753906 1.80775
0.761719 1.77603
0.769531 1.74482
0.777344 1.7141
0.785156 1.68388
0.792969 1.65414
0.800781 1.62487
0.808594 1.59606
0.816406 1.56769
0.824219 1.53976
0.832031 1.51223
0.839844 1.48511
0.847656 1.45837
0.855469 1.43199
0.863281 1.40597
0.871094 1.38028
0.878906 1.35493
0.886719 1.32989
0.894531 1.30515
0.902344 1.28072
0.910156 1.25659
0.917969 1.23275
0.925781 1.2092
0.933594 1.18594
0.941406 1.16297
0.949219 1.14029
0.957031 1.11791
0.964844 1.09582
0.972656 1.07402
0.980469 1.05251
0.988281 1.0313
0.996094 1.01036
