0.00195312 0.000965905
0.00585938 0.00289771
0.00976562 0.00482952
0.0136719 0.00676132
0.0175781 0.00869311
0.0214844 0.0106249
0.0253906 0.0125566
0.0292969 0.0144884
0.0332031 0.0164201
0.0371094 0.0183518
0.0410156 0.0202835
0.0449219 0.0222152
0.0488281 0.0241468
0.0527344 0.0260784
0.0566406 0.02801
0.0605469 0.0299415
0.0644531 0.031873
0.0683594 0.0338045
0.0722656 0.0357359
0.0761719 0.0376673
0.0800781 0.0395986
0.0839844 0.0415299
0.0878906 0.0434611
0.0917969 0.0453922
0.0957031 0.0473233
0.0996094 0.0492544
0.103516 0.0511854
0.107422 0.0531163
0.111328 0.0550471
0.115234 0.0569779
0.119141 0.0589086
0.123047 0.0608393
0.126953 0.0627698
0.130859 0.0647003
0.134766 0.0666307
0.138672 0.068561
0.142578 0.0704912
0.146484 0.0724214
0.150391 0.0743514
0.154297 0.0762814
0.158203 0.0782112
0.162109 0.080141
0.166016 0.0820706
0.169922 0.0840002
0.173828 0.0859296
0.177734 0.087859
0.181641 0.0897882
0.185547 0.0917173
0.189453 0.0936463
0.193359 0.0955752
0.197266 0.097504
0.201172 0.0994326
0.205078 0.101361
0.208984 0.103289
0.212891 0.105218
0.216797 0.107146
0.220703 0.109074
0.224609 0.111002
0.228516 0.112929
0.232422 0.114857
0.236328 0.116784
0.240234 0.118712
0.244141 0.120639
0.248047 0.122566
0.251953 0.124493
0.255859 0.126419
0.259766 0.128346
0.263672 0.130272
0.267578 0.132198
0.271484 0.134124
0.275391 0.13605
0.279297 0.137976
0.283203 0.139901
0.287109 0.141827
0.291016 0.143752
0.294922 0.145677
0.298828 0.147601
0.302734 0.149526
0.306641 0.15145
0.310547 0.153375
0.314453 0.155299
0.318359 0.157223
0.322266 0.159146
0.326172 0.16107
0.330078 0.162993
0.333984 0.164916
0.337891 0.166839
0.341797 0.168761
0.345703 0.170684
0.349609 0.172606
0.353516 0.174528
0.357422 0.176449
0.361328 0.178371
0.365234 0.180292
0.369141 0.182213
0.373047 0.184134
0.376953 0.186055
0.380859 0.187975
0.384766 0.189895
0.388672 0.191815
0.392578 0.193735
0.396484 0.195654
0.400391 0.197574
0.404297 0.199492
0.408203 0.201411
0.412109 0.20333
0.416016 0.205248
0.419922 0.207166
0.423828 0.209083
0.427734 0.211001
0.431641 0.212918
0.435547 0.214835
0.439453 0.216751
0.443359 0.218668
0.447266 0.220584
0.451172 0.222499
0.455078 0.224415
0.458984 0.22633
0.462891 0.228245
0.466797 0.23016
0.470703 0.232074
0.474609 0.233988
0.478516 0.235902
0.482422 0.237815
0.486328 0.239728
0.490234 0.241641
0.494141 0.243554
0.498047 0.245466
0.501953 0.247378
0.505859 0.24929
0.509766 0.251201
0.513672 0.253112
0.517578 0.255023
0.521484 0.256933
0.525391 0.258843
0.529297 0.260753
0.533203 0.262662
0.537109 0.264572
0.541016 0.26648
0.544922 0.268389
0.548828 0.270297
0.552734 0.272205
0.556641 0.274112
0.560547 0.276019
0.564453 0.277926
0.568359 0.279832
0.572266 0.281738
0.576172 0.283644
0.580078 0.285549
0.583984 0.287454
0.587891 0.289359
0.591797 0.291263
0.595703 0.293167
0.599609 0.29507
0.603516 0.296973
0.607422 0.298876
0.611328 0.300778
0.615234 0.30268
0.619141 0.304582
0.623047 0.306483
0.626953 0.308384
0.630859 0.310284
0.634766 0.312185
0.638672 0.314084
0.642578 0.315983
0.646484 0.317882
0.650391 0.319781
0.654297 0.321679
0.658203 0.323577
0.662109 0.325474
0.666016 0.327371
0.669922 0.329267
0.673828 0.331163
0.677734 0.333059
0.681641 0.334954
0.685547 0.336848
0.689453 0.338743
0.693359 0.340637
0.697266 0.34253
0.701172 0.344423
0.705078 0.346315
0.708984 0.348207
0.712891 0.350099
0.716797 0.35199
0.720703 0.353881
0.724609 0.355771
0.728516 0.35766
0.732422 0.35955
0.736328 0.361438
0.740234 0.363326
0.744141 0.365214
0.748047 0.3671
0.751953 0.368987
0.755859 0.370872
0.759766 0.372757
0.763672 0.374641
0.767578 0.376524
0.771484 0.378407
0.775391 0.380288
0.779297 0.382168
0.783203 0.384047
0.787109 0.385925
0.791016 0.387801
0.794922 0.389675
0.798828 0.391547
0.802734 0.393417
0.806641 0.395284
0.810547 0.397148
0.814453 0.399007
0.818359 0.400863
0.822266 0.402712
0.826172 0.404555
0.830078 0.40639
0.833984 0.408216
0.837891 0.410031
0.841797 0.411832
0.845703 0.413617
0.849609 0.415382
0.853516 0.417125
0.857422 0.418838
0.861328 0.420518
0.865234 0.422157
0.869141 0.423746
0.873047 0.425275
0.876953 0.426733
0.880859 0.428103
0.884766 0.429368
0.888672 0.430506
0.892578 0.431491
0.896484 0.432291
0.900391 0.43287
0.904297 0.433182
0.908203 0.433172
0.912109 0.432776
0.916016 0.431918
0.919922 0.430507
0.923828 0.428436
0.927734 0.42558
0.931641 0.421792
0.935547 0.416904
0.939453 0.410724
0.943359 0.403035
0.947266 0.393598
0.951172 0.382152
0.955078 0.368422
0.958984 0.35213
0.962891 0.333005
0.966797 0.310805
0.970703 0.285339
0.974609 0.256495
0.978516 0.224269
0.982422 0.188789
0.986328 0.150335
0.990234 0.109349
0.994141 0.066424
0.998047 0.02228
