0.00195312 0.000964473
0.00585938 0.00289342
0.00976562 0.00482236
0.0136719 0.0067513
0.0175781 0.00868022
0.0214844 0.0106091
0.0253906 0.012538
0.0292969 0.0144669
0.0332031 0.0163958
0.0371094 0.0183246
0.0410156 0.0202535
0.0449219 0.0221823
0.0488281 0.024111
0.0527344 0.0260398
0.0566406 0.0279685
0.0605469 0.0298972
0.0644531 0.0318258
0.0683594 0.0337544
0.0722656 0.035683
0.0761719 0.0376115
0.0800781 0.0395399
0.0839844 0.0414683
0.0878906 0.0433967
0.0917969 0.045325
0.0957031 0.0472532
0.0996094 0.0491814
0.103516 0.0511096
0.107422 0.0530376
0.111328 0.0549656
0.115234 0.0568935
0.119141 0.0588214
0.123047 0.0607492
0.126953 0.0626769
0.130859 0.0646045
0.134766 0.066532
0.138672 0.0684595
0.142578 0.0703869
0.146484 0.0723142
0.150391 0.0742414
0.154297 0.0761685
0.158203 0.0780955
0.162109 0.0800224
0.166016 0.0819492
0.169922 0.0838759
0.173828 0.0858025
0.177734 0.087729
0.181641 0.0896553
0.185547 0.0915816
0.189453 0.0935078
0.193359 0.0954338
0.197266 0.0973597
0.201172 0.0992855
0.205078 0.101211
0.208984 0.103137
0.212891 0.105062
0.216797 0.106987
0.220703 0.108913
0.224609 0.110838
0.228516 0.112762
0.232422 0.114687
0.236328 0.116612
0.240234 0.118536
0.244141 0.12046
0.248047 0.122385
0.251953 0.124309
0.255859 0.126232
0.259766 0.128156
0.263672 0.13008
0.267578 0.132003
0.271484 0.133926
0.275391 0.135849
0.279297 0.137772
0.283203 0.139695
0.287109 0.141617
0.291016 0.143539
0.294922 0.145462
0.298828 0.147384
0.302734 0.149305
0.306641 0.151227
0.310547 0.153148
0.314453 0.15507
0.318359 0.156991
0.322266 0.158911
0.326172 0.160832
0.330078 0.162752
0.333984 0.164673
0.337891 0.166593
0.341797 0.168512
0.345703 0.170432
0.349609 0.172351
0.353516 0.17427
0.357422 0.176189
0.361328 0.178108
0.365234 0.180027
0.369141 0.181945
0.373047 0.183863
0.376953 0.185781
0.380859 0.187698
0.384766 0.189616
0.388672 0.191533
0.392578 0.19345
0.396484 0.195366
0.400391 0.197283
0.404297 0.199199
0.408203 0.201115
0.412109 0.20303
0.416016 0.204946
0.419922 0.206861
0.423828 0.208776
0.427734 0.21069
0.431641 0.212605
0.435547 0.214519
0.439453 0.216433
0.443359 0.218346
0.447266 0.220259
0.451172 0.222172
0.455078 0.224085
0.458984 0.225998
0.462891 0.22791
0.466797 0.229822
0.470703 0.231733
0.474609 0.233645
0.478516 0.235556
0.482422 0.237466
0.486328 0.239377
0.490234 0.241287
0.494141 0.243197
0.498047 0.245106
0.501953 0.247015
0.505859 0.248924
0.509766 0.250833
0.513672 0.252741
0.517578 0.254649
0.521484 0.256557
0.525391 0.258464
0.529297 0.260371
0.533203 0.262278
0.537109 0.264184
0.541016 0.26609
0.544922 0.267996
0.548828 0.269901
0.552734 0.271806
0.556641 0.273711
0.560547 0.275615
0.564453 0.277519
0.568359 0.279423
0.572266 0.281326
0.576172 0.283229
0.580078 0.285132
0.583984 0.287034
0.587891 0.288936
0.591797 0.290837
0.595703 0.292739
0.599609 0.294639
0.603516 0.29654
0.607422 0.29844
0.611328 0.300339
0.615234 0.302239
0.619141 0.304138
0.623047 0.306036
0.626953 0.307934
0.630859 0.309832
0.634766 0.31173
0.638672 0.313627
0.642578 0.315523
0.646484 0.317419
0.650391 0.319315
0.654297 0.321211
0.658203 0.323106
0.662109 0.325
0.666016 0.326894
0.669922 0.328788
0.673828 0.330681
0.677734 0.332574
0.681641 0.334467
0.685547 0.336359
0.689453 0.33825
0.693359 0.340142
0.697266 0.342032
0.701172 0.343923
0.705078 0.345813
0.708984 0.347702
0.712891 0.349591
0.716797 0.351479
0.720703 0.353367
0.724609 0.355255
0.728516 0.357142
0.732422 0.359028
0.736328 0.360914
0.740234 0.3628
0.744141 0.364685
0.748047 0.366569
0.751953 0.368452
0.755859 0.370335
0.759766 0.372218
0.763672 0.374099
0.767578 0.37598
0.771484 0.377859
0.775391 0.379738
0.779297 0.381616
0.783203 0.383492
0.787109 0.385367
0.791016 0.387241
0.794922 0.389112
0.798828 0.390982
0.802734 0.392849
0.806641 0.394713
0.810547 0.396574
0.814453 0.398431
0.818359 0.400283
0.822266 0.40213
0.826172 0.40397
0.830078 0.405802
0.833984 0.407625
0.837891 0.409437
0.841797 0.411235
0.845703 0.413016
0.849609 0.414779
0.853516 0.416517
0.857422 0.418227
0.861328 0.419903
0.865234 0.421538
0.869141 0.423123
0.873047 0.424648
0.876953 0.4261
0.880859 0.427464
0.884766 0.428724
0.888672 0.429856
0.892578 0.430834
0.896484 0.431628
0.900391 0.432198
0.904297 0.432501
0.908203 0.432483
0.912109 0.432077
0.916016 0.431209
0.919922 0.429787
0.923828 0.427704
0.927734 0.424835
0.931641 0.421035
0.935547 0.416135
0.939453 0.409944
0.943359 0.402245
0.947266 0.3928
0.951172 0.38135
0.955078 0.367622
0.958984 0.351336
0.962891 0.332227
0.966797 0.310052
0.970703 0.284623
0.974609 0.255831
0.978516 0.22367
0.982422 0.188271
0.986328 0.149914
0.990234 0.109037
0.994141 0.0662325
0.998047 0.0222154
