0.00390625 1.55849
0.0117188 1.54306
0.0195312 1.53043
0.0273438 1.5205
0.0351562 1.51322
0.0429688 1.50848
0.0507812 1.50618
0.0585938 1.50624
0.0664062 1.50855
0.0742188 1.513
0.0820312 1.51948
0.0898438 1.5279
0.0976562 1.53814
0.105469 1.5501
0.113281 1.56368
0.121094 1.57877
0.128906 1.59529
0.136719 1.61312
0.144531 1.63218
0.152344 1.65238
0.160156 1.67363
0.167969 1.69584
0.175781 1.71894
0.183594 1.74284
0.191406 1.76747
0.199219 1.79275
0.207031 1.81862
0.214844 1.84501
0.222656 1.87185
0.230469 1.89907
0.238281 1.92662
0.246094 1.95444
0.253906 1.98245
0.261719 2.01062
0.269531 2.03888
0.277344 2.06718
0.285156 2.09547
0.292969 2.12369
0.300781 2.15178
0.308594 2.17971
0.316406 2.20741
0.324219 2.23483
0.332031 2.26193
0.339844 2.28866
0.347656 2.31495
0.355469 2.34077
0.363281 2.36605
0.371094 2.39075
0.378906 2.41481
0.386719 2.43818
0.394531 2.4608
0.402344 2.48263
0.410156 2.50359
0.417969 2.52364
0.425781 2.54272
0.433594 2.56077
0.441406 2.57773
0.449219 2.59354
0.457031 2.60815
0.464844 2.62149
0.472656 2.6335
0.480469 2.64413
0.488281 2.65332
0.496094 2.661
0.503906 2.66714
0.511719 2.67166
0.519531 2.67452
0.527344 2.67567
0.535156 2.67508
0.542969 2.67268
0.550781 2.66846
0.558594 2.66239
0.566406 2.65443
0.574219 2.64458
0.582031 2.63282
0.589844 2.61915
0.597656 2.60359
0.605469 2.58615
0.613281 2.56686
0.621094 2.54576
0.628906 2.52289
0.636719 2.49832
0.644531 2.47211
0.652344 2.44433
0.660156 2.41509
0.667969 2.38446
0.675781 2.35256
0.683594 2.31949
0.691406 2.28537
0.699219 2.25031
0.707031 2.21445
0.714844 2.17789
0.722656 2.14077
0.730469 2.10321
0.738281 2.06532
0.746094 2.02722
0.753906 1.98903
0.761719 1.95084
0.769531 1.91275
0.777344 1.87486
0.785156 1.83725
0.792969 1.79999
0.800781 1.76314
0.808594 1.72677
0.816406 1.69092
0.824219 1.65563
0.832031 1.62094
0.839844 1.58686
0.847656 1.55342
0.855469 1.52063
0.863281 1.48848
0.871094 1.45697
0.878906 1.42609
0.886719 1.39583
0.894531 1.36616
0.902344 1.33705
0.910156 1.30848
0.917969 1.2804
0.925781 1.25277
0.933594 1.22553
0.941406 1.19863
0.949219 1.17201
0.957031 1.14559
0.964844 1.1193
0.972656 1.09305
0.980469 1.06674
0.988281 1.04027
0.996094 1.01352
