0 0
0.000488281 0.000572303
0.00146484 0.0017169
0.00244141 0.0028615
0.00341797 0.00400607
0.00439453 0.00515061
0.00537109 0.00629512
0.00634766 0.00743958
0.00732422 0.008584
0.00830078 0.00972836
0.00927734 0.0108727
0.0102539 0.0120169
0.0112305 0.013161
0.012207 0.0143051
0.0131836 0.015449
0.0141602 0.0165929
0.0151367 0.0177367
0.0161133 0.0188803
0.0170898 0.0200239
0.0180664 0.0211673
0.019043 0.0223106
0.0200195 0.0234537
0.0209961 0.0245967
0.0219727 0.0257396
0.0229492 0.0268823
0.0239258 0.0280249
0.0249023 0.0291673
0.0258789 0.0303096
0.0268555 0.0314517
0.027832 0.0325936
0.0288086 0.0337354
0.0297852 0.034877
0.0307617 0.0360184
0.0317383 0.0371596
0.0327148 0.0383007
0.0336914 0.0394415
0.034668 0.0405822
0.0356445 0.0417227
0.0366211 0.042863
0.0375977 0.0440031
0.0385742 0.0451431
0.0395508 0.0462828
0.0405273 0.0474223
0.0415039 0.0485617
0.0424805 0.0497008
0.043457 0.0508397
0.0444336 0.0519785
0.0454102 0.053117
0.0463867 0.0542554
0.0473633 0.0553935
0.0483398 0.0565314
0.0493164 0.0576691
0.050293 0.0588067
0.0512695 0.059944
0.0522461 0.0610811
0.0532227 0.062218
0.0541992 0.0633547
0.0551758 0.0644912
0.0561523 0.0656275
0.0571289 0.0667635
0.0581055 0.0678994
0.059082 0.069035
0.0600586 0.0701705
0.0610352 0.0713057
0.0620117 0.0724407
0.0629883 0.0735755
0.0639648 0.0747101
0.0649414 0.0758445
0.065918 0.0769787
0.0668945 0.0781127
0.0678711 0.0792464
0.0688477 0.08038
0.0698242 0.0815133
0.0708008 0.0826464
0.0717773 0.0837793
0.0727539 0.084912
0.0737305 0.0860445
0.074707 0.0871767
0.0756836 0.0883087
0.0766602 0.0894406
0.0776367 0.0905722
0.0786133 0.0917036
0.0795898 0.0928348
0.0805664 0.0939657
0.081543 0.0950965
0.0825195 0.096227
0.0834961 0.0973573
0.0844727 0.0984874
0.0854492 0.0996173
0.0864258 0.100747
0.0874023 0.101876
0.0883789 0.103006
0.0893555 0.104135
0.090332 0.105263
0.0913086 0.106392
0.0922852 0.10752
0.0932617 0.108648
0.0942383 0.109776
0.0952148 0.110904
0.0961914 0.112031
0.097168 0.113159
0.0981445 0.114286
0.0991211 0.115412
0.100098 0.116539
0.101074 0.117665
0.102051 0.118792
0.103027 0.119917
0.104004 0.121043
0.10498 0.122169
0.105957 0.123294
0.106934 0.124419
0.10791 0.125544
0.108887 0.126668
0.109863 0.127793
0.11084 0.128917
0.111816 0.130041
0.112793 0.131164
0.11377 0.132288
0.114746 0.133411
0.115723 0.134534
0.116699 0.135657
0.117676 0.136779
0.118652 0.137901
0.119629 0.139023
0.120605 0.140145
0.121582 0.141267
0.122559 0.142388
0.123535 0.143509
0.124512 0.14463
0.125488 0.145751
0.126465 0.146872
0.127441 0.147992
0.128418 0.149112
0.129395 0.150232
0.130371 0.151351
0.131348 0.15247
0.132324 0.153589
0.133301 0.154708
0.134277 0.155827
0.135254 0.156945
0.13623 0.158063
0.137207 0.159181
0.138184 0.160299
0.13916 0.161417
0.140137 0.162534
0.141113 0.163651
0.14209 0.164767
0.143066 0.165884
0.144043 0.167
0.14502 0.168116
0.145996 0.169232
0.146973 0.170348
0.147949 0.171463
0.148926 0.172578
0.149902 0.173693
0.150879 0.174807
0.151855 0.175922
0.152832 0.177036
0.153809 0.17815
0.154785 0.179263
0.155762 0.180377
0.156738 0.18149
0.157715 0.182603
0.158691 0.183716
0.159668 0.184828
0.160645 0.18594
0.161621 0.187052
0.162598 0.188164
0.163574 0.189275
0.164551 0.190387
0.165527 0.191498
0.166504 0.192608
0.16748 0.193719
0.168457 0.194829
0.169434 0.195939
0.17041 0.197049
0.171387 0.198159
0.172363 0.199268
0.17334 0.200377
0.174316 0.201486
0.175293 0.202594
0.17627 0.203702
0.177246 0.20481
0.178223 0.205918
0.179199 0.207026
0.180176 0.208133
0.181152 0.20924
0.182129 0.210347
0.183105 0.211454
0.184082 0.21256
0.185059 0.213666
0.186035 0.214772
0.187012 0.215877
0.187988 0.216983
0.188965 0.218088
0.189941 0.219192
0.190918 0.220297
0.191895 0.221401
0.192871 0.222505
0.193848 0.223609
0.194824 0.224713
0.195801 0.225816
0.196777 0.226919
0.197754 0.228022
0.19873 0.229124
0.199707 0.230226
0.200684 0.231328
0.20166 0.23243
0.202637 0.233532
0.203613 0.234633
0.20459 0.235734
0.205566 0.236835
0.206543 0.237935
0.20752 0.239035
0.208496 0.240135
0.209473 0.241235
0.210449 0.242334
0.211426 0.243433
0.212402 0.244532
0.213379 0.245631
0.214355 0.246729
0.215332 0.247827
0.216309 0.248925
0.217285 0.250023
0.218262 0.25112
0.219238 0.252217
0.220215 0.253314
0.221191 0.25441
0.222168 0.255507
0.223145 0.256603
0.224121 0.257698
0.225098 0.258794
0.226074 0.259889
0.227051 0.260984
0.228027 0.262079
0.229004 0.263173
0.22998 0.264267
0.230957 0.265361
0.231934 0.266455
0.23291 0.267548
0.233887 0.268641
0.234863 0.269734
0.23584 0.270826
0.236816 0.271919
0.237793 0.273011
0.23877 0.274102
0.239746 0.275194
0.240723 0.276285
0.241699 0.277376
0.242676 0.278466
0.243652 0.279557
0.244629 0.280647
0.245605 0.281737
0.246582 0.282826
0.247559 0.283915
0.248535 0.285004
0.249512 0.286093
0.250488 0.287182
0.251465 0.28827
0.252441 0.289358
0.253418 0.290445
0.254395 0.291532
0.255371 0.292619
0.256348 0.293706
0.257324 0.294793
0.258301 0.295879
0.259277 0.296965
0.260254 0.29805
0.26123 0.299136
0.262207 0.300221
0.263184 0.301306
0.26416 0.30239
0.265137 0.303474
0.266113 0.304558
0.26709 0.305642
0.268066 0.306725
0.269043 0.307808
0.27002 0.308891
0.270996 0.309974
0.271973 0.311056
0.272949 0.312138
0.273926 0.313219
0.274902 0.314301
0.275879 0.315382
0.276855 0.316463
0.277832 0.317543
0.278809 0.318623
0.279785 0.319703
0.280762 0.320783
0.281738 0.321862
0.282715 0.322941
0.283691 0.32402
0.284668 0.325099
0.285645 0.326177
0.286621 0.327255
0.287598 0.328332
0.288574 0.329409
0.289551 0.330486
0.290527 0.331563
0.291504 0.33264
0.29248 0.333716
0.293457 0.334791
0.294434 0.335867
0.29541 0.336942
0.296387 0.338017
0.297363 0.339092
0.29834 0.340166
0.299316 0.34124
0.300293 0.342314
0.30127 0.343387
0.302246 0.34446
0.303223 0.345533
0.304199 0.346606
0.305176 0.347678
0.306152 0.34875
0.307129 0.349822
0.308105 0.350893
0.309082 0.351964
0.310059 0.353035
0.311035 0.354105
0.312012 0.355175
0.312988 0.356245
0.313965 0.357314
0.314941 0.358384
0.315918 0.359452
0.316895 0.360521
0.317871 0.361589
0.318848 0.362657
0.319824 0.363725
0.320801 0.364792
0.321777 0.365859
0.322754 0.366926
0.32373 0.367992
0.324707 0.369058
0.325684 0.370124
0.32666 0.371189
0.327637 0.372255
0.328613 0.373319
0.32959 0.374384
0.330566 0.375448
0.331543 0.376512
0.33252 0.377576
0.333496 0.378639
0.334473 0.379702
0.335449 0.380764
0.336426 0.381827
0.337402 0.382889
0.338379 0.38395
0.339355 0.385012
0.340332 0.386073
0.341309 0.387133
0.342285 0.388194
0.343262 0.389254
0.344238 0.390314
0.345215 0.391373
0.346191 0.392432
0.347168 0.393491
0.348145 0.394549
0.349121 0.395607
0.350098 0.396665
0.351074 0.397723
0.352051 0.39878
0.353027 0.399836
0.354004 0.400893
0.35498 0.401949
0.355957 0.403005
0.356934 0.40406
0.35791 0.405115
0.358887 0.40617
0.359863 0.407225
0.36084 0.408279
0.361816 0.409333
0.362793 0.410386
0.36377 0.411439
0.364746 0.412492
0.365723 0.413545
0.366699 0.414597
0.367676 0.415649
0.368652 0.4167
0.369629 0.417751
0.370605 0.418802
0.371582 0.419853
0.372559 0.420903
0.373535 0.421952
0.374512 0.423002
0.375488 0.424051
0.376465 0.4251
0.377441 0.426148
0.378418 0.427196
0.379395 0.428244
0.380371 0.429291
0.381348 0.430338
0.382324 0.431385
0.383301 0.432431
0.384277 0.433477
0.385254 0.434523
0.38623 0.435568
0.387207 0.436613
0.388184 0.437658
0.38916 0.438702
0.390137 0.439746
0.391113 0.44079
0.39209 0.441833
0.393066 0.442876
0.394043 0.443918
0.39502 0.44496
0.395996 0.446002
0.396973 0.447044
0.397949 0.448085
0.398926 0.449125
0.399902 0.450166
0.400879 0.451206
0.401855 0.452246
0.402832 0.453285
0.403809 0.454324
0.404785 0.455362
0.405762 0.456401
0.406738 0.457438
0.407715 0.458476
0.408691 0.459513
0.409668 0.46055
0.410645 0.461586
0.411621 0.462622
0.412598 0.463658
0.413574 0.464693
0.414551 0.465728
0.415527 0.466763
0.416504 0.467797
0.41748 0.468831
0.418457 0.469864
0.419434 0.470897
0.42041 0.47193
0.421387 0.472962
0.422363 0.473994
0.42334 0.475026
0.424316 0.476057
0.425293 0.477088
0.42627 0.478119
0.427246 0.479149
0.428223 0.480178
0.429199 0.481208
0.430176 0.482237
0.431152 0.483265
0.432129 0.484294
0.433105 0.485322
0.434082 0.486349
0.435059 0.487376
0.436035 0.488403
0.437012 0.489429
0.437988 0.490455
0.438965 0.491481
0.439941 0.492506
0.440918 0.49353
0.441895 0.494555
0.442871 0.495579
0.443848 0.496603
0.444824 0.497626
0.445801 0.498649
0.446777 0.499671
0.447754 0.500693
0.44873 0.501715
0.449707 0.502736
0.450684 0.503757
0.45166 0.504777
0.452637 0.505797
0.453613 0.506817
0.45459 0.507836
0.455566 0.508855
0.456543 0.509874
0.45752 0.510892
0.458496 0.51191
0.459473 0.512927
0.460449 0.513944
0.461426 0.51496
0.462402 0.515976
0.463379 0.516992
0.464355 0.518007
0.465332 0.519022
0.466309 0.520037
0.467285 0.521051
0.468262 0.522065
0.469238 0.523078
0.470215 0.524091
0.471191 0.525103
0.472168 0.526115
0.473145 0.527127
0.474121 0.528138
0.475098 0.529149
0.476074 0.530159
0.477051 0.531169
0.478027 0.532179
0.479004 0.533188
0.47998 0.534197
0.480957 0.535205
0.481934 0.536213
0.48291 0.53722
0.483887 0.538227
0.484863 0.539234
0.48584 0.54024
0.486816 0.541246
0.487793 0.542251
0.48877 0.543256
0.489746 0.544261
0.490723 0.545265
0.491699 0.546268
0.492676 0.547271
0.493652 0.548274
0.494629 0.549277
0.495605 0.550278
0.496582 0.55128
0.497559 0.552281
0.498535 0.553282
0.499512 0.554282
0.500488 0.555282
0.501465 0.556281
0.502441 0.55728
0.503418 0.558278
0.504395 0.559276
0.505371 0.560274
0.506348 0.561271
0.507324 0.562268
0.508301 0.563264
0.509277 0.56426
0.510254 0.565255
0.51123 0.56625
0.512207 0.567244
0.513184 0.568238
0.51416 0.569232
0.515137 0.570225
0.516113 0.571218
0.51709 0.57221
0.518066 0.573202
0.519043 0.574193
0.52002 0.575184
0.520996 0.576174
0.521973 0.577164
0.522949 0.578154
0.523926 0.579143
0.524902 0.580131
0.525879 0.581119
0.526855 0.582107
0.527832 0.583094
0.528809 0.584081
0.529785 0.585067
0.530762 0.586053
0.531738 0.587038
0.532715 0.588023
0.533691 0.589007
0.534668 0.589991
0.535645 0.590975
0.536621 0.591958
0.537598 0.59294
0.538574 0.593922
0.539551 0.594904
0.540527 0.595885
0.541504 0.596865
0.54248 0.597845
0.543457 0.598825
0.544434 0.599804
0.54541 0.600783
0.546387 0.601761
0.547363 0.602739
0.54834 0.603716
0.549316 0.604693
0.550293 0.605669
0.55127 0.606645
0.552246 0.60762
0.553223 0.608595
0.554199 0.609569
0.555176 0.610543
0.556152 0.611516
0.557129 0.612489
0.558105 0.613461
0.559082 0.614433
0.560059 0.615405
0.561035 0.616375
0.562012 0.617346
0.562988 0.618316
0.563965 0.619285
0.564941 0.620254
0.565918 0.621222
0.566895 0.62219
0.567871 0.623157
0.568848 0.624124
0.569824 0.62509
0.570801 0.626056
0.571777 0.627021
0.572754 0.627986
0.57373 0.62895
0.574707 0.629914
0.575684 0.630877
0.57666 0.63184
0.577637 0.632802
0.578613 0.633764
0.57959 0.634725
0.580566 0.635686
0.581543 0.636646
0.58252 0.637605
0.583496 0.638564
0.584473 0.639523
0.585449 0.640481
0.586426 0.641438
0.587402 0.642395
0.588379 0.643352
0.589355 0.644308
0.590332 0.645263
0.591309 0.646218
0.592285 0.647172
0.593262 0.648126
0.594238 0.649079
0.595215 0.650032
0.596191 0.650984
0.597168 0.651935
0.598145 0.652886
0.599121 0.653837
0.600098 0.654787
0.601074 0.655736
0.602051 0.656685
0.603027 0.657633
0.604004 0.658581
0.60498 0.659528
0.605957 0.660475
0.606934 0.661421
0.60791 0.662366
0.608887 0.663311
0.609863 0.664255
0.61084 0.665199
0.611816 0.666143
0.612793 0.667085
0.61377 0.668027
0.614746 0.668969
0.615723 0.66991
0.616699 0.67085
0.617676 0.67179
0.618652 0.672729
0.619629 0.673668
0.620605 0.674606
0.621582 0.675544
0.622559 0.676481
0.623535 0.677417
0.624512 0.678353
0.625488 0.679288
0.626465 0.680223
0.627441 0.681157
0.628418 0.68209
0.629395 0.683023
0.630371 0.683955
0.631348 0.684887
0.632324 0.685818
0.633301 0.686748
0.634277 0.687678
0.635254 0.688608
0.63623 0.689536
0.637207 0.690464
0.638184 0.691392
0.63916 0.692319
0.640137 0.693245
0.641113 0.694171
0.64209 0.695096
0.643066 0.69602
0.644043 0.696944
0.64502 0.697867
0.645996 0.69879
0.646973 0.699712
0.647949 0.700633
0.648926 0.701554
0.649902 0.702474
0.650879 0.703393
0.651855 0.704312
0.652832 0.705231
0.653809 0.706148
0.654785 0.707065
0.655762 0.707981
0.656738 0.708897
0.657715 0.709812
0.658691 0.710727
0.659668 0.71164
0.660645 0.712554
0.661621 0.713466
0.662598 0.714378
0.663574 0.715289
0.664551 0.7162
0.665527 0.71711
0.666504 0.718019
0.66748 0.718928
0.668457 0.719836
0.669434 0.720743
0.67041 0.72165
0.671387 0.722556
0.672363 0.723461
0.67334 0.724366
0.674316 0.72527
0.675293 0.726173
0.67627 0.727075
0.677246 0.727977
0.678223 0.728879
0.679199 0.729779
0.680176 0.730679
0.681152 0.731579
0.682129 0.732477
0.683105 0.733375
0.684082 0.734272
0.685059 0.735169
0.686035 0.736065
0.687012 0.73696
0.687988 0.737854
0.688965 0.738748
0.689941 0.739641
0.690918 0.740534
0.691895 0.741425
0.692871 0.742316
0.693848 0.743207
0.694824 0.744096
0.695801 0.744985
0.696777 0.745873
0.697754 0.746761
0.69873 0.747647
0.699707 0.748533
0.700684 0.749419
0.70166 0.750303
0.702637 0.751187
0.703613 0.75207
0.70459 0.752952
0.705566 0.753834
0.706543 0.754715
0.70752 0.755595
0.708496 0.756475
0.709473 0.757353
0.710449 0.758231
0.711426 0.759109
0.712402 0.759985
0.713379 0.760861
0.714355 0.761736
0.715332 0.76261
0.716309 0.763484
0.717285 0.764356
0.718262 0.765228
0.719238 0.7661
0.720215 0.76697
0.721191 0.76784
0.722168 0.768709
0.723145 0.769577
0.724121 0.770444
0.725098 0.771311
0.726074 0.772177
0.727051 0.773042
0.728027 0.773906
0.729004 0.774769
0.72998 0.775632
0.730957 0.776494
0.731934 0.777355
0.73291 0.778215
0.733887 0.779075
0.734863 0.779934
0.73584 0.780792
0.736816 0.781649
0.737793 0.782505
0.73877 0.78336
0.739746 0.784215
0.740723 0.785069
0.741699 0.785922
0.742676 0.786774
0.743652 0.787626
0.744629 0.788476
0.745605 0.789326
0.746582 0.790175
0.747559 0.791023
0.748535 0.79187
0.749512 0.792717
0.750488 0.793562
0.751465 0.794407
0.752441 0.795251
0.753418 0.796094
0.754395 0.796936
0.755371 0.797778
0.756348 0.798618
0.757324 0.799458
0.758301 0.800297
0.759277 0.801135
0.760254 0.801972
0.76123 0.802808
0.762207 0.803643
0.763184 0.804477
0.76416 0.805311
0.765137 0.806144
0.766113 0.806975
0.76709 0.807806
0.768066 0.808636
0.769043 0.809465
0.77002 0.810294
0.770996 0.811121
0.771973 0.811947
0.772949 0.812773
0.773926 0.813597
0.774902 0.814421
0.775879 0.815244
0.776855 0.816066
0.777832 0.816887
0.778809 0.817707
0.779785 0.818526
0.780762 0.819344
0.781738 0.820161
0.782715 0.820977
0.783691 0.821792
0.784668 0.822607
0.785645 0.82342
0.786621 0.824233
0.787598 0.825044
0.788574 0.825855
0.789551 0.826664
0.790527 0.827473
0.791504 0.828281
0.79248 0.829087
0.793457 0.829893
0.794434 0.830698
0.79541 0.831501
0.796387 0.832304
0.797363 0.833106
0.79834 0.833907
0.799316 0.834707
0.800293 0.835505
0.80127 0.836303
0.802246 0.8371
0.803223 0.837896
0.804199 0.83869
0.805176 0.839484
0.806152 0.840277
0.807129 0.841069
0.808105 0.841859
0.809082 0.842649
0.810059 0.843437
0.811035 0.844225
0.812012 0.845011
0.812988 0.845797
0.813965 0.846581
0.814941 0.847365
0.815918 0.848147
0.816895 0.848928
0.817871 0.849708
0.818848 0.850487
0.819824 0.851265
0.820801 0.852042
0.821777 0.852818
0.822754 0.853593
0.82373 0.854366
0.824707 0.855139
0.825684 0.85591
0.82666 0.856681
0.827637 0.85745
0.828613 0.858218
0.82959 0.858985
0.830566 0.859751
0.831543 0.860516
0.83252 0.861279
0.833496 0.862042
0.834473 0.862803
0.835449 0.863563
0.836426 0.864322
0.837402 0.86508
0.838379 0.865837
0.839355 0.866592
0.840332 0.867347
0.841309 0.8681
0.842285 0.868852
0.843262 0.869603
0.844238 0.870352
0.845215 0.871101
0.846191 0.871848
0.847168 0.872594
0.848145 0.873339
0.849121 0.874083
0.850098 0.874825
0.851074 0.875566
0.852051 0.876306
0.853027 0.877045
0.854004 0.877782
0.85498 0.878519
0.855957 0.879254
0.856934 0.879987
0.85791 0.88072
0.858887 0.881451
0.859863 0.882181
0.86084 0.88291
0.861816 0.883637
0.862793 0.884363
0.86377 0.885088
0.864746 0.885811
0.865723 0.886534
0.866699 0.887255
0.867676 0.887974
0.868652 0.888692
0.869629 0.889409
0.870605 0.890125
0.871582 0.890839
0.872559 0.891552
0.873535 0.892264
0.874512 0.892974
0.875488 0.893683
0.876465 0.89439
0.877441 0.895097
0.878418 0.895801
0.879395 0.896505
0.880371 0.897207
0.881348 0.897907
0.882324 0.898606
0.883301 0.899304
0.884277 0.9
0.885254 0.900695
0.88623 0.901389
0.887207 0.902081
0.888184 0.902771
0.88916 0.903461
0.890137 0.904148
0.891113 0.904834
0.89209 0.905519
0.893066 0.906202
0.894043 0.906884
0.89502 0.907565
0.895996 0.908243
0.896973 0.908921
0.897949 0.909596
0.898926 0.910271
0.899902 0.910943
0.900879 0.911614
0.901855 0.912284
0.902832 0.912952
0.903809 0.913619
0.904785 0.914284
0.905762 0.914947
0.906738 0.915609
0.907715 0.916269
0.908691 0.916928
0.909668 0.917585
0.910645 0.91824
0.911621 0.918894
0.912598 0.919546
0.913574 0.920197
0.914551 0.920845
0.915527 0.921493
0.916504 0.922138
0.91748 0.922782
0.918457 0.923424
0.919434 0.924065
0.92041 0.924704
0.921387 0.925341
0.922363 0.925976
0.92334 0.92661
0.924316 0.927242
0.925293 0.927872
0.92627 0.9285
0.927246 0.929127
0.928223 0.929752
0.929199 0.930375
0.930176 0.930996
0.931152 0.931616
0.932129 0.932234
0.933105 0.93285
0.934082 0.933464
0.935059 0.934076
0.936035 0.934686
0.937012 0.935295
0.937988 0.935902
0.938965 0.936506
0.939941 0.937109
0.940918 0.93771
0.941895 0.938309
0.942871 0.938907
0.943848 0.939502
0.944824 0.940095
0.945801 0.940686
0.946777 0.941276
0.947754 0.941863
0.94873 0.942449
0.949707 0.943031
0.950684 0.943615
0.95166 0.94419
0.952637 0.944774
0.953613 0.945339
0.95459 0.945929
0.955566 0.946474
0.956543 0.947084
0.95752 0.947588
0.958496 0.948251
0.959473 0.948661
0.960449 0.949459
0.961426 0.949648
0.962402 0.95078
0.963379 0.950438
0.964355 0.952386
0.965332 0.950766
0.966309 0.954693
0.967285 0.949995
0.968262 0.958718
0.969238 0.946611
0.970215 0.966974
0.971191 0.937095
0.972168 0.985849
0.973145 0.913759
0.974121 1.03263
0.975098 0.862596
0.976074 1.15947
0.977051 0.773508
0.978027 1.53896
0.979004 0.701927
0.97998 2.61542
0.980957 0.797094
0.981934 4.62714
0.98291 1.09892
0.983887 7.12103
0.984863 1.50395
0.98584 9.78302
0.986816 1.947
0.987793 12.5105
0.98877 2.40597
0.989746 15.2682
0.990723 2.8728
0.991699 18.0417
0.992676 3.34398
0.993652 20.8243
0.994629 -0.288701
0.995605 -0.21055
0.996582 0.487982
0.997559 0.553866
0.998535 0.483426
0.999512 0.252894
1 0
