0.00390625 1.25639
0.0117188 1.22582
0.0195312 1.1986
0.0273438 1.17468
0.0351562 1.154
0.0429688 1.13647
0.0507812 1.12201
0.0585938 1.1105
0.0664062 1.10184
0.0742188 1.09592
0.0820312 1.09261
0.0898438 1.0918
0.0976562 1.09336
0.105469 1.09718
0.113281 1.10312
0.121094 1.11108
0.128906 1.12093
0.136719 1.13256
0.144531 1.14586
0.152344 1.16072
0.160156 1.17704
0.167969 1.19472
0.175781 1.21366
0.183594 1.23378
0.191406 1.25498
0.199219 1.27718
0.207031 1.3003
0.214844 1.32426
0.222656 1.34899
0.230469 1.37443
0.238281 1.40049
0.246094 1.42713
0.253906 1.45426
0.261719 1.48185
0.269531 1.50983
0.277344 1.53814
0.285156 1.56673
0.292969 1.59555
0.300781 1.62455
0.308594 1.65368
0.316406 1.6829
0.324219 1.71215
0.332031 1.7414
0.339844 1.77058
0.347656 1.79967
0.355469 1.82862
0.363281 1.85738
0.371094 1.8859
0.378906 1.91415
0.386719 1.94208
0.394531 1.96965
0.402344 1.9968
0.410156 2.0235
0.417969 2.0497
0.425781 2.07535
0.433594 2.1004
0.441406 2.1248
0.449219 2.14851
0.457031 2.17148
0.464844 2.19364
0.472656 2.21496
0.480469 2.23537
0.488281 2.25483
0.496094 2.27328
0.503906 2.29066
0.511719 2.30691
0.519531 2.32198
0.527344 2.33581
0.535156 2.34835
0.542969 2.35954
0.550781 2.36932
0.558594 2.37763
0.566406 2.38443
0.574219 2.38966
0.582031 2.39327
0.589844 2.39522
0.597656 2.39546
0.605469 2.39396
0.613281 2.39068
0.621094 2.3856
0.628906 2.37869
0.636719 2.36995
0.644531 2.35936
0.652344 2.34694
0.660156 2.33268
0.667969 2.31662
0.675781 2.29879
0.683594 2.27921
0.691406 2.25796
0.699219 2.23508
0.707031 2.21066
0.714844 2.18476
0.722656 2.15748
0.730469 2.12892
0.738281 2.09919
0.746094 2.06838
0.753906 2.03663
0.761719 2.00404
0.769531 1.97074
0.777344 1.93685
0.785156 1.90249
0.792969 1.86777
0.800781 1.83282
0.808594 1.79774
0.816406 1.76262
0.824219 1.72758
0.832031 1.69268
0.839844 1.65801
0.847656 1.62363
0.855469 1.5896
0.863281 1.55595
0.871094 1.52272
0.878906 1.48992
0.886719 1.45757
0.894531 1.42564
0.902344 1.39411
0.910156 1.36296
0.917969 1.33212
0.925781 1.30154
0.933594 1.27112
0.941406 1.24077
0.949219 1.21037
0.957031 1.17979
0.964844 1.14886
0.972656 1.11741
0.980469 1.08523
0.988281 1.05209
0.996094 1.01773
