0.00390625 0.625706
0.0117188 0.569561
0.0195312 0.517673
0.0273438 0.470062
0.0351562 0.426711
0.0429688 0.387573
0.0507812 0.352569
0.0585938 0.321599
0.0664062 0.294541
0.0742188 0.271258
0.0820312 0.251601
0.0898438 0.23541
0.0976562 0.222524
0.105469 0.212774
0.113281 0.205994
0.121094 0.202019
0.128906 0.200684
0.136719 0.201832
0.144531 0.205308
0.152344 0.210964
0.160156 0.218658
0.167969 0.228255
0.175781 0.239626
0.183594 0.252649
0.191406 0.26721
0.199219 0.283198
0.207031 0.300513
0.214844 0.319057
0.222656 0.33874
0.230469 0.359477
0.238281 0.381188
0.246094 0.403799
0.253906 0.427238
0.261719 0.451441
0.269531 0.476344
0.277344 0.501891
0.285156 0.528024
0.292969 0.554694
0.300781 0.58185
0.308594 0.609447
0.316406 0.637441
0.324219 0.665789
0.332031 0.694454
0.339844 0.723396
0.347656 0.752579
0.355469 0.78197
0.363281 0.811534
0.371094 0.841239
0.378906 0.871054
0.386719 0.90095
0.394531 0.930895
0.402344 0.960862
0.410156 0.990822
0.417969 1.02075
0.425781 1.05061
0.433594 1.08038
0.441406 1.11004
0.449219 1.13955
0.457031 1.16889
0.464844 1.19803
0.472656 1.22694
0.480469 1.2556
0.488281 1.28397
0.496094 1.31204
0.503906 1.33976
0.511719 1.36711
0.519531 1.39406
0.527344 1.42058
0.535156 1.44663
0.542969 1.47219
0.550781 1.49722
0.558594 1.52168
0.566406 1.54554
0.574219 1.56877
0.582031 1.59133
0.589844 1.61318
0.597656 1.63428
0.605469 1.6546
0.613281 1.67409
0.621094 1.69272
0.628906 1.71045
0.636719 1.72723
0.644531 1.74302
0.652344 1.75778
0.660156 1.77148
0.667969 1.78407
0.675781 1.79552
0.683594 1.80578
0.691406 1.81481
0.699219 1.8226
0.707031 1.82909
0.714844 1.83426
0.722656 1.83809
0.730469 1.84054
0.738281 1.8416
0.746094 1.84125
0.753906 1.83947
0.761719 1.83626
0.769531 1.83162
0.777344 1.82555
0.785156 1.81804
0.792969 1.80912
0.800781 1.7988
0.808594 1.7871
0.816406 1.77404
0.824219 1.75966
0.832031 1.74397
0.839844 1.72701
0.847656 1.70881
0.855469 1.68939
0.863281 1.66878
0.871094 1.64699
0.878906 1.62402
0.886719 1.59985
0.894531 1.57446
0.902344 1.54779
0.910156 1.51974
0.917969 1.49021
0.925781 1.459
0.933594 1.42591
0.941406 1.39063
0.949219 1.35278
0.957031 1.31192
0.964844 1.26744
0.972656 1.21865
0.980469 1.16469
0.988281 1.10454
0.996094 1.03699
