0.00195312 0.000889365
0.00585938 0.0026681
0.00976562 0.00444682
0.0136719 0.00622555
0.0175781 0.00800426
0.0214844 0.00978297
0.0253906 0.0115617
0.0292969 0.0133404
0.0332031 0.015119
0.0371094 0.0168977
0.0410156 0.0186763
0.0449219 0.020455
0.0488281 0.0222336
0.0527344 0.0240121
0.0566406 0.0257907
0.0605469 0.0275692
0.0644531 0.0293477
0.0683594 0.0311262
0.0722656 0.0329047
0.0761719 0.0346831
0.0800781 0.0364615
0.0839844 0.0382398
0.0878906 0.0400181
0.0917969 0.0417964
0.0957031 0.0435746
0.0996094 0.0453528
0.103516 0.0471309
0.107422 0.048909
0.111328 0.0506871
0.115234 0.052465
0.119141 0.054243
0.123047 0.0560209
0.126953 0.0577987
0.130859 0.0595765
0.134766 0.0613542
0.138672 0.0631318
0.142578 0.0649094
0.146484 0.066687
0.150391 0.0684644
0.154297 0.0702418
0.158203 0.0720192
0.162109 0.0737964
0.166016 0.0755736
0.169922 0.0773507
0.173828 0.0791277
0.177734 0.0809047
0.181641 0.0826816
0.185547 0.0844583
0.189453 0.0862351
0.193359 0.0880117
0.197266 0.0897882
0.201172 0.0915647
0.205078 0.093341
0.208984 0.0951173
0.212891 0.0968935
0.216797 0.0986695
0.220703 0.100446
0.224609 0.102221
0.228516 0.103997
0.232422 0.105773
0.236328 0.107548
0.240234 0.109324
0.244141 0.111099
0.248047 0.112874
0.251953 0.11465
0.255859 0.116425
0.259766 0.1182
0.263672 0.119974
0.267578 0.121749
0.271484 0.123524
0.275391 0.125298
0.279297 0.127072
0.283203 0.128847
0.287109 0.130621
0.291016 0.132395
0.294922 0.134168
0.298828 0.135942
0.302734 0.137716
0.306641 0.139489
0.310547 0.141262
0.314453 0.143035
0.318359 0.144808
0.322266 0.146581
0.326172 0.148354
0.330078 0.150126
0.333984 0.151899
0.337891 0.153671
0.341797 0.155443
0.345703 0.157215
0.349609 0.158987
0.353516 0.160759
0.357422 0.16253
0.361328 0.164301
0.365234 0.166072
0.369141 0.167843
0.373047 0.169614
0.376953 0.171385
0.380859 0.173155
0.384766 0.174926
0.388672 0.176696
0.392578 0.178466
0.396484 0.180236
0.400391 0.182005
0.404297 0.183775
0.408203 0.185544
0.412109 0.187313
0.416016 0.189082
0.419922 0.190851
0.423828 0.192619
0.427734 0.194388
0.431641 0.196156
0.435547 0.197924
0.439453 0.199692
0.443359 0.201459
0.447266 0.203227
0.451172 0.204994
0.455078 0.206761
0.458984 0.208527
0.462891 0.210294
0.466797 0.21206
0.470703 0.213826
0.474609 0.215592
0.478516 0.217358
0.482422 0.219124
0.486328 0.220889
0.490234 0.222654
0.494141 0.224419
0.498047 0.226184
0.501953 0.227948
0.505859 0.229712
0.509766 0.231476
0.513672 0.23324
0.517578 0.235003
0.521484 0.236767
0.525391 0.23853
0.529297 0.240293
0.533203 0.242055
0.537109 0.243817
0.541016 0.24558
0.544922 0.247341
0.548828 0.249103
0.552734 0.250864
0.556641 0.252626
0.560547 0.254386
0.564453 0.256147
0.568359 0.257907
0.572266 0.259668
0.576172 0.261427
0.580078 0.263187
0.583984 0.264946
0.587891 0.266706
0.591797 0.268464
0.595703 0.270223
0.599609 0.271981
0.603516 0.273739
0.607422 0.275497
0.611328 0.277255
0.615234 0.279012
0.619141 0.280769
0.623047 0.282525
0.626953 0.284282
0.630859 0.286038
0.634766 0.287794
0.638672 0.289549
0.642578 0.291304
0.646484 0.293059
0.650391 0.294814
0.654297 0.296568
0.658203 0.298323
0.662109 0.300076
0.666016 0.30183
0.669922 0.303583
0.673828 0.305336
0.677734 0.307088
0.681641 0.308841
0.685547 0.310592
0.689453 0.312344
0.693359 0.314095
0.697266 0.315846
0.701172 0.317597
0.705078 0.319347
0.708984 0.321097
0.712891 0.322846
0.716797 0.324595
0.720703 0.326344
0.724609 0.328092
0.728516 0.32984
0.732422 0.331587
0.736328 0.333334
0.740234 0.335081
0.744141 0.336826
0.748047 0.338572
0.751953 0.340316
0.755859 0.34206
0.759766 0.343803
0.763672 0.345545
0.767578 0.347286
0.771484 0.349026
0.775391 0.350765
0.779297 0.352502
0.783203 0.354238
0.787109 0.355971
0.791016 0.357702
0.794922 0.359431
0.798828 0.361157
0.802734 0.362879
0.806641 0.364597
0.810547 0.36631
0.814453 0.368017
0.818359 0.369717
0.822266 0.37141
0.826172 0.373092
0.830078 0.374763
0.833984 0.376421
0.837891 0.378063
0.841797 0.379686
0.845703 0.381286
0.849609 0.382859
0.853516 0.3844
0.857422 0.385903
0.861328 0.387361
0.865234 0.388765
0.869141 0.390105
0.873047 0.391368
0.876953 0.392541
0.880859 0.393607
0.884766 0.394544
0.888672 0.395328
0.892578 0.395932
0.896484 0.396322
0.900391 0.396457
0.904297 0.396291
0.908203 0.39577
0.912109 0.394829
0.916016 0.393392
0.919922 0.391375
0.923828 0.388676
0.927734 0.38518
0.931641 0.380759
0.935547 0.375264
0.939453 0.368534
0.943359 0.360391
0.947266 0.350642
0.951172 0.339089
0.955078 0.325527
0.958984 0.309758
0.962891 0.291602
0.966797 0.270909
0.970703 0.247576
0.974609 0.221567
0.978516 0.192928
0.982422 0.1618
0.986328 0.128433
0.990234 0.0931834
0.994141 0.0565058
0.998047 0.0189364
