0.00195312 0.000883332
0.00585938 0.00264999
0.00976562 0.00441665
0.0136719 0.00618331
0.0175781 0.00794996
0.0214844 0.0097166
0.0253906 0.0114832
0.0292969 0.0132499
0.0332031 0.0150165
0.0371094 0.0167831
0.0410156 0.0185496
0.0449219 0.0203162
0.0488281 0.0220827
0.0527344 0.0238493
0.0566406 0.0256158
0.0605469 0.0273822
0.0644531 0.0291487
0.0683594 0.0309151
0.0722656 0.0326815
0.0761719 0.0344478
0.0800781 0.0362141
0.0839844 0.0379804
0.0878906 0.0397467
0.0917969 0.0415129
0.0957031 0.0432791
0.0996094 0.0450452
0.103516 0.0468113
0.107422 0.0485773
0.111328 0.0503433
0.115234 0.0521093
0.119141 0.0538752
0.123047 0.055641
0.126953 0.0574068
0.130859 0.0591725
0.134766 0.0609382
0.138672 0.0627038
0.142578 0.0644694
0.146484 0.0662349
0.150391 0.0680003
0.154297 0.0697656
0.158203 0.0715309
0.162109 0.0732962
0.166016 0.0750613
0.169922 0.0768264
0.173828 0.0785914
0.177734 0.0803564
0.181641 0.0821212
0.185547 0.083886
0.189453 0.0856507
0.193359 0.0874153
0.197266 0.0891798
0.201172 0.0909443
0.205078 0.0927086
0.208984 0.0944729
0.212891 0.0962371
0.216797 0.0980011
0.220703 0.0997651
0.224609 0.101529
0.228516 0.103293
0.232422 0.105056
0.236328 0.10682
0.240234 0.108584
0.244141 0.110347
0.248047 0.11211
0.251953 0.113873
0.255859 0.115636
0.259766 0.117399
0.263672 0.119162
0.267578 0.120925
0.271484 0.122688
0.275391 0.12445
0.279297 0.126212
0.283203 0.127975
0.287109 0.129737
0.291016 0.131499
0.294922 0.133261
0.298828 0.135022
0.302734 0.136784
0.306641 0.138545
0.310547 0.140307
0.314453 0.142068
0.318359 0.143829
0.322266 0.14559
0.326172 0.147351
0.330078 0.149111
0.333984 0.150872
0.337891 0.152632
0.341797 0.154392
0.345703 0.156153
0.349609 0.157912
0.353516 0.159672
0.357422 0.161432
0.361328 0.163191
0.365234 0.164951
0.369141 0.16671
0.373047 0.168469
0.376953 0.170227
0.380859 0.171986
0.384766 0.173745
0.388672 0.175503
0.392578 0.177261
0.396484 0.179019
0.400391 0.180777
0.404297 0.182535
0.408203 0.184292
0.412109 0.186049
0.416016 0.187806
0.419922 0.189563
0.423828 0.19132
0.427734 0.193077
0.431641 0.194833
0.435547 0.196589
0.439453 0.198345
0.443359 0.200101
0.447266 0.201856
0.451172 0.203612
0.455078 0.205367
0.458984 0.207122
0.462891 0.208877
0.466797 0.210632
0.470703 0.212386
0.474609 0.21414
0.478516 0.215894
0.482422 0.217648
0.486328 0.219402
0.490234 0.221155
0.494141 0.222908
0.498047 0.224661
0.501953 0.226414
0.505859 0.228166
0.509766 0.229919
0.513672 0.231671
0.517578 0.233423
0.521484 0.235174
0.525391 0.236926
0.529297 0.238677
0.533203 0.240428
0.537109 0.242178
0.541016 0.243929
0.544922 0.245679
0.548828 0.247429
0.552734 0.249179
0.556641 0.250929
0.560547 0.252678
0.564453 0.254427
0.568359 0.256176
0.572266 0.257924
0.576172 0.259673
0.580078 0.261421
0.583984 0.263168
0.587891 0.264916
0.591797 0.266663
0.595703 0.26841
0.599609 0.270157
0.603516 0.271904
0.607422 0.27365
0.611328 0.275396
0.615234 0.277142
0.619141 0.278887
0.623047 0.280632
0.626953 0.282377
0.630859 0.284122
0.634766 0.285866
0.638672 0.28761
0.642578 0.289354
0.646484 0.291097
0.650391 0.292841
0.654297 0.294584
0.658203 0.296326
0.662109 0.298069
0.666016 0.299811
0.669922 0.301553
0.673828 0.303294
0.677734 0.305035
0.681641 0.306776
0.685547 0.308517
0.689453 0.310257
0.693359 0.311997
0.697266 0.313736
0.701172 0.315475
0.705078 0.317214
0.708984 0.318953
0.712891 0.320691
0.716797 0.322429
0.720703 0.324166
0.724609 0.325903
0.728516 0.32764
0.732422 0.329376
0.736328 0.331111
0.740234 0.332846
0.744141 0.334581
0.748047 0.336315
0.751953 0.338048
0.755859 0.33978
0.759766 0.341512
0.763672 0.343242
0.767578 0.344972
0.771484 0.346701
0.775391 0.348428
0.779297 0.350154
0.783203 0.351877
0.787109 0.353599
0.791016 0.355319
0.794922 0.357036
0.798828 0.35875
0.802734 0.36046
0.806641 0.362166
0.810547 0.363866
0.814453 0.365561
0.818359 0.367249
0.822266 0.368928
0.826172 0.370597
0.830078 0.372255
0.833984 0.373898
0.837891 0.375526
0.841797 0.377133
0.845703 0.378718
0.849609 0.380275
0.853516 0.381799
0.857422 0.383284
0.861328 0.384723
0.865234 0.386107
0.869141 0.387425
0.873047 0.388666
0.876953 0.389815
0.880859 0.390854
0.884766 0.391763
0.888672 0.392517
0.892578 0.393089
0.896484 0.393444
0.900391 0.393542
0.904297 0.393337
0.908203 0.392773
0.912109 0.391787
0.916016 0.390304
0.919922 0.388239
0.923828 0.38549
0.927734 0.381946
0.931641 0.377477
0.935547 0.371938
0.939453 0.365171
0.943359 0.356998
0.947266 0.347234
0.951172 0.335683
0.955078 0.322146
0.958984 0.306431
0.962891 0.288365
0.966797 0.267803
0.970703 0.244649
0.974609 0.218872
0.978516 0.19052
0.982422 0.159735
0.986328 0.126763
0.990234 0.0919536
0.994141 0.0557526
0.998047 0.0186827
