0 0
0.000488281 0.000535893
0.00146484 0.00160768
0.00244141 0.00267945
0.00341797 0.00375121
0.00439453 0.00482295
0.00537109 0.00589466
0.00634766 0.00696634
0.00732422 0.00803799
0.00830078 0.00910959
0.00927734 0.0101811
0.0102539 0.0112526
0.0112305 0.0123241
0.012207 0.0133954
0.0131836 0.0144667
0.0141602 0.015538
0.0151367 0.0166091
0.0161133 0.0176802
0.0170898 0.0187511
0.0180664 0.019822
0.019043 0.0208928
0.0200195 0.0219634
0.0209961 0.023034
0.0219727 0.0241045
0.0229492 0.0251748
0.0239258 0.026245
0.0249023 0.0273151
0.0258789 0.0283851
0.0268555 0.029455
0.027832 0.0305247
0.0288086 0.0315943
0.0297852 0.0326637
0.0307617 0.033733
0.0317383 0.0348022
0.0327148 0.0358712
0.0336914 0.0369401
0.034668 0.0380088
0.0356445 0.0390774
0.0366211 0.0401458
0.0375977 0.0412141
0.0385742 0.0422822
0.0395508 0.0433502
0.0405273 0.044418
0.0415039 0.0454857
0.0424805 0.0465532
0.043457 0.0476205
0.0444336 0.0486877
0.0454102 0.0497547
0.0463867 0.0508215
0.0473633 0.0518882
0.0483398 0.0529547
0.0493164 0.0540211
0.050293 0.0550873
0.0512695 0.0561533
0.0522461 0.0572191
0.0532227 0.0582848
0.0541992 0.0593503
0.0551758 0.0604157
0.0561523 0.0614808
0.0571289 0.0625458
0.0581055 0.0636107
0.059082 0.0646753
0.0600586 0.0657398
0.0610352 0.0668042
0.0620117 0.0678683
0.0629883 0.0689323
0.0639648 0.0699961
0.0649414 0.0710597
0.065918 0.0721232
0.0668945 0.0731865
0.0678711 0.0742496
0.0688477 0.0753125
0.0698242 0.0763753
0.0708008 0.0774379
0.0717773 0.0785003
0.0727539 0.0795625
0.0737305 0.0806246
0.074707 0.0816865
0.0756836 0.0827482
0.0766602 0.0838097
0.0776367 0.0848711
0.0786133 0.0859323
0.0795898 0.0869933
0.0805664 0.0880541
0.081543 0.0891147
0.0825195 0.0901752
0.0834961 0.0912355
0.0844727 0.0922956
0.0854492 0.0933556
0.0864258 0.0944154
0.0874023 0.0954749
0.0883789 0.0965343
0.0893555 0.0975936
0.090332 0.0986526
0.0913086 0.0997115
0.0922852 0.10077
0.0932617 0.101829
0.0942383 0.102887
0.0952148 0.103945
0.0961914 0.105003
0.097168 0.106061
0.0981445 0.107119
0.0991211 0.108176
0.100098 0.109233
0.101074 0.11029
0.102051 0.111347
0.103027 0.112404
0.104004 0.11346
0.10498 0.114517
0.105957 0.115573
0.106934 0.116629
0.10791 0.117685
0.108887 0.11874
0.109863 0.119796
0.11084 0.120851
0.111816 0.121906
0.112793 0.122961
0.11377 0.124016
0.114746 0.12507
0.115723 0.126124
0.116699 0.127178
0.117676 0.128232
0.118652 0.129286
0.119629 0.13034
0.120605 0.131393
0.121582 0.132446
0.122559 0.133499
0.123535 0.134552
0.124512 0.135605
0.125488 0.136657
0.126465 0.137709
0.127441 0.138762
0.128418 0.139813
0.129395 0.140865
0.130371 0.141917
0.131348 0.142968
0.132324 0.144019
0.133301 0.14507
0.134277 0.146121
0.135254 0.147171
0.13623 0.148222
0.137207 0.149272
0.138184 0.150322
0.13916 0.151372
0.140137 0.152421
0.141113 0.153471
0.14209 0.15452
0.143066 0.155569
0.144043 0.156618
0.14502 0.157666
0.145996 0.158715
0.146973 0.159763
0.147949 0.160811
0.148926 0.161859
0.149902 0.162907
0.150879 0.163954
0.151855 0.165002
0.152832 0.166049
0.153809 0.167096
0.154785 0.168142
0.155762 0.169189
0.156738 0.170235
0.157715 0.171281
0.158691 0.172327
0.159668 0.173373
0.160645 0.174418
0.161621 0.175464
0.162598 0.176509
0.163574 0.177554
0.164551 0.178599
0.165527 0.179643
0.166504 0.180687
0.16748 0.181732
0.168457 0.182776
0.169434 0.183819
0.17041 0.184863
0.171387 0.185906
0.172363 0.186949
0.17334 0.187992
0.174316 0.189035
0.175293 0.190078
0.17627 0.19112
0.177246 0.192162
0.178223 0.193204
0.179199 0.194246
0.180176 0.195287
0.181152 0.196329
0.182129 0.19737
0.183105 0.198411
0.184082 0.199452
0.185059 0.200492
0.186035 0.201532
0.187012 0.202573
0.187988 0.203612
0.188965 0.204652
0.189941 0.205692
0.190918 0.206731
0.191895 0.20777
0.192871 0.208809
0.193848 0.209848
0.194824 0.210886
0.195801 0.211924
0.196777 0.212962
0.197754 0.214
0.19873 0.215038
0.199707 0.216075
0.200684 0.217113
0.20166 0.21815
0.202637 0.219187
0.203613 0.220223
0.20459 0.22126
0.205566 0.222296
0.206543 0.223332
0.20752 0.224368
0.208496 0.225403
0.209473 0.226438
0.210449 0.227474
0.211426 0.228509
0.212402 0.229543
0.213379 0.230578
0.214355 0.231612
0.215332 0.232646
0.216309 0.23368
0.217285 0.234714
0.218262 0.235747
0.219238 0.23678
0.220215 0.237813
0.221191 0.238846
0.222168 0.239879
0.223145 0.240911
0.224121 0.241943
0.225098 0.242975
0.226074 0.244007
0.227051 0.245038
0.228027 0.24607
0.229004 0.247101
0.22998 0.248132
0.230957 0.249162
0.231934 0.250193
0.23291 0.251223
0.233887 0.252253
0.234863 0.253283
0.23584 0.254312
0.236816 0.255342
0.237793 0.256371
0.23877 0.2574
0.239746 0.258428
0.240723 0.259457
0.241699 0.260485
0.242676 0.261513
0.243652 0.262541
0.244629 0.263568
0.245605 0.264596
0.246582 0.265623
0.247559 0.26665
0.248535 0.267677
0.249512 0.268703
0.250488 0.269729
0.251465 0.270755
0.252441 0.271781
0.253418 0.272807
0.254395 0.273832
0.255371 0.274857
0.256348 0.275882
0.257324 0.276907
0.258301 0.277931
0.259277 0.278955
0.260254 0.279979
0.26123 0.281003
0.262207 0.282026
0.263184 0.28305
0.26416 0.284073
0.265137 0.285096
0.266113 0.286118
0.26709 0.287141
0.268066 0.288163
0.269043 0.289185
0.27002 0.290206
0.270996 0.291228
0.271973 0.292249
0.272949 0.29327
0.273926 0.294291
0.274902 0.295311
0.275879 0.296332
0.276855 0.297352
0.277832 0.298372
0.278809 0.299391
0.279785 0.300411
0.280762 0.30143
0.281738 0.302449
0.282715 0.303467
0.283691 0.304486
0.284668 0.305504
0.285645 0.306522
0.286621 0.30754
0.287598 0.308557
0.288574 0.309574
0.289551 0.310592
0.290527 0.311608
0.291504 0.312625
0.29248 0.313641
0.293457 0.314657
0.294434 0.315673
0.29541 0.316689
0.296387 0.317704
0.297363 0.318719
0.29834 0.319734
0.299316 0.320749
0.300293 0.321763
0.30127 0.322777
0.302246 0.323791
0.303223 0.324805
0.304199 0.325818
0.305176 0.326831
0.306152 0.327844
0.307129 0.328857
0.308105 0.329869
0.309082 0.330881
0.310059 0.331893
0.311035 0.332905
0.312012 0.333917
0.312988 0.334928
0.313965 0.335939
0.314941 0.336949
0.315918 0.33796
0.316895 0.33897
0.317871 0.33998
0.318848 0.34099
0.319824 0.341999
0.320801 0.343009
0.321777 0.344018
0.322754 0.345026
0.32373 0.346035
0.324707 0.347043
0.325684 0.348051
0.32666 0.349059
0.327637 0.350066
0.328613 0.351073
0.32959 0.35208
0.330566 0.353087
0.331543 0.354094
0.33252 0.3551
0.333496 0.356106
0.334473 0.357111
0.335449 0.358117
0.336426 0.359122
0.337402 0.360127
0.338379 0.361132
0.339355 0.362136
0.340332 0.36314
0.341309 0.364144
0.342285 0.365148
0.343262 0.366151
0.344238 0.367154
0.345215 0.368157
0.346191 0.36916
0.347168 0.370162
0.348145 0.371164
0.349121 0.372166
0.350098 0.373168
0.351074 0.374169
0.352051 0.37517
0.353027 0.376171
0.354004 0.377171
0.35498 0.378172
0.355957 0.379172
0.356934 0.380171
0.35791 0.381171
0.358887 0.38217
0.359863 0.383169
0.36084 0.384167
0.361816 0.385166
0.362793 0.386164
0.36377 0.387162
0.364746 0.388159
0.365723 0.389157
0.366699 0.390154
0.367676 0.391151
0.368652 0.392147
0.369629 0.393143
0.370605 0.394139
0.371582 0.395135
0.372559 0.39613
0.373535 0.397126
0.374512 0.398121
0.375488 0.399115
0.376465 0.400109
0.377441 0.401104
0.378418 0.402097
0.379395 0.403091
0.380371 0.404084
0.381348 0.405077
0.382324 0.40607
0.383301 0.407062
0.384277 0.408054
0.385254 0.409046
0.38623 0.410038
0.387207 0.411029
0.388184 0.41202
0.38916 0.413011
0.390137 0.414001
0.391113 0.414992
0.39209 0.415981
0.393066 0.416971
0.394043 0.41796
0.39502 0.418949
0.395996 0.419938
0.396973 0.420927
0.397949 0.421915
0.398926 0.422903
0.399902 0.42389
0.400879 0.424878
0.401855 0.425865
0.402832 0.426852
0.403809 0.427838
0.404785 0.428824
0.405762 0.42981
0.406738 0.430796
0.407715 0.431781
0.408691 0.432766
0.409668 0.433751
0.410645 0.434736
0.411621 0.43572
0.412598 0.436704
0.413574 0.437687
0.414551 0.438671
0.415527 0.439654
0.416504 0.440636
0.41748 0.441619
0.418457 0.442601
0.419434 0.443583
0.42041 0.444564
0.421387 0.445546
0.422363 0.446527
0.42334 0.447507
0.424316 0.448488
0.425293 0.449468
0.42627 0.450447
0.427246 0.451427
0.428223 0.452406
0.429199 0.453385
0.430176 0.454364
0.431152 0.455342
0.432129 0.45632
0.433105 0.457297
0.434082 0.458275
0.435059 0.459252
0.436035 0.460229
0.437012 0.461205
0.437988 0.462181
0.438965 0.463157
0.439941 0.464133
0.440918 0.465108
0.441895 0.466083
0.442871 0.467057
0.443848 0.468032
0.444824 0.469006
0.445801 0.469979
0.446777 0.470953
0.447754 0.471926
0.44873 0.472899
0.449707 0.473871
0.450684 0.474843
0.45166 0.475815
0.452637 0.476786
0.453613 0.477758
0.45459 0.478728
0.455566 0.479699
0.456543 0.480669
0.45752 0.481639
0.458496 0.482609
0.459473 0.483578
0.460449 0.484547
0.461426 0.485516
0.462402 0.486484
0.463379 0.487452
0.464355 0.48842
0.465332 0.489387
0.466309 0.490354
0.467285 0.491321
0.468262 0.492287
0.469238 0.493254
0.470215 0.494219
0.471191 0.495185
0.472168 0.49615
0.473145 0.497115
0.474121 0.498079
0.475098 0.499043
0.476074 0.500007
0.477051 0.500971
0.478027 0.501934
0.479004 0.502897
0.47998 0.503859
0.480957 0.504821
0.481934 0.505783
0.48291 0.506745
0.483887 0.507706
0.484863 0.508667
0.48584 0.509627
0.486816 0.510587
0.487793 0.511547
0.48877 0.512507
0.489746 0.513466
0.490723 0.514425
0.491699 0.515383
0.492676 0.516341
0.493652 0.517299
0.494629 0.518257
0.495605 0.519214
0.496582 0.520171
0.497559 0.521127
0.498535 0.522083
0.499512 0.523039
0.500488 0.523994
0.501465 0.524949
0.502441 0.525904
0.503418 0.526858
0.504395 0.527813
0.505371 0.528766
0.506348 0.52972
0.507324 0.530673
0.508301 0.531625
0.509277 0.532578
0.510254 0.533529
0.51123 0.534481
0.512207 0.535432
0.513184 0.536383
0.51416 0.537334
0.515137 0.538284
0.516113 0.539234
0.51709 0.540183
0.518066 0.541132
0.519043 0.542081
0.52002 0.54303
0.520996 0.543978
0.521973 0.544925
0.522949 0.545873
0.523926 0.54682
0.524902 0.547766
0.525879 0.548712
0.526855 0.549658
0.527832 0.550604
0.528809 0.551549
0.529785 0.552494
0.530762 0.553438
0.531738 0.554382
0.532715 0.555326
0.533691 0.556269
0.534668 0.557212
0.535645 0.558155
0.536621 0.559097
0.537598 0.560039
0.538574 0.560981
0.539551 0.561922
0.540527 0.562862
0.541504 0.563803
0.54248 0.564743
0.543457 0.565682
0.544434 0.566622
0.54541 0.56756
0.546387 0.568499
0.547363 0.569437
0.54834 0.570375
0.549316 0.571312
0.550293 0.572249
0.55127 0.573186
0.552246 0.574122
0.553223 0.575058
0.554199 0.575993
0.555176 0.576928
0.556152 0.577863
0.557129 0.578797
0.558105 0.579731
0.559082 0.580665
0.560059 0.581598
0.561035 0.58253
0.562012 0.583463
0.562988 0.584395
0.563965 0.585326
0.564941 0.586257
0.565918 0.587188
0.566895 0.588119
0.567871 0.589049
0.568848 0.589978
0.569824 0.590907
0.570801 0.591836
0.571777 0.592765
0.572754 0.593693
0.57373 0.59462
0.574707 0.595547
0.575684 0.596474
0.57666 0.597401
0.577637 0.598327
0.578613 0.599252
0.57959 0.600177
0.580566 0.601102
0.581543 0.602026
0.58252 0.60295
0.583496 0.603874
0.584473 0.604797
0.585449 0.60572
0.586426 0.606642
0.587402 0.607564
0.588379 0.608485
0.589355 0.609406
0.590332 0.610327
0.591309 0.611247
0.592285 0.612167
0.593262 0.613087
0.594238 0.614006
0.595215 0.614924
0.596191 0.615842
0.597168 0.61676
0.598145 0.617677
0.599121 0.618594
0.600098 0.619511
0.601074 0.620427
0.602051 0.621342
0.603027 0.622257
0.604004 0.623172
0.60498 0.624086
0.605957 0.625
0.606934 0.625914
0.60791 0.626827
0.608887 0.627739
0.609863 0.628651
0.61084 0.629563
0.611816 0.630474
0.612793 0.631385
0.61377 0.632296
0.614746 0.633206
0.615723 0.634115
0.616699 0.635024
0.617676 0.635933
0.618652 0.636841
0.619629 0.637749
0.620605 0.638656
0.621582 0.639563
0.622559 0.640469
0.623535 0.641375
0.624512 0.642281
0.625488 0.643186
0.626465 0.64409
0.627441 0.644995
0.628418 0.645898
0.629395 0.646802
0.630371 0.647704
0.631348 0.648607
0.632324 0.649509
0.633301 0.65041
0.634277 0.651311
0.635254 0.652211
0.63623 0.653111
0.637207 0.654011
0.638184 0.65491
0.63916 0.655809
0.640137 0.656707
0.641113 0.657605
0.64209 0.658502
0.643066 0.659399
0.644043 0.660295
0.64502 0.661191
0.645996 0.662086
0.646973 0.662981
0.647949 0.663875
0.648926 0.664769
0.649902 0.665663
0.650879 0.666556
0.651855 0.667448
0.652832 0.66834
0.653809 0.669231
0.654785 0.670122
0.655762 0.671013
0.656738 0.671903
0.657715 0.672793
0.658691 0.673682
0.659668 0.67457
0.660645 0.675458
0.661621 0.676346
0.662598 0.677233
0.663574 0.67812
0.664551 0.679006
0.665527 0.679891
0.666504 0.680777
0.66748 0.681661
0.668457 0.682545
0.669434 0.683429
0.67041 0.684312
0.671387 0.685195
0.672363 0.686077
0.67334 0.686958
0.674316 0.687839
0.675293 0.68872
0.67627 0.6896
0.677246 0.69048
0.678223 0.691359
0.679199 0.692237
0.680176 0.693115
0.681152 0.693993
0.682129 0.694869
0.683105 0.695746
0.684082 0.696622
0.685059 0.697497
0.686035 0.698372
0.687012 0.699246
0.687988 0.70012
0.688965 0.700994
0.689941 0.701866
0.690918 0.702739
0.691895 0.70361
0.692871 0.704481
0.693848 0.705352
0.694824 0.706222
0.695801 0.707092
0.696777 0.707961
0.697754 0.708829
0.69873 0.709697
0.699707 0.710564
0.700684 0.711431
0.70166 0.712297
0.702637 0.713163
0.703613 0.714028
0.70459 0.714893
0.705566 0.715757
0.706543 0.716621
0.70752 0.717484
0.708496 0.718346
0.709473 0.719208
0.710449 0.720069
0.711426 0.72093
0.712402 0.72179
0.713379 0.72265
0.714355 0.723509
0.715332 0.724367
0.716309 0.725225
0.717285 0.726082
0.718262 0.726939
0.719238 0.727795
0.720215 0.728651
0.721191 0.729506
0.722168 0.73036
0.723145 0.731214
0.724121 0.732068
0.725098 0.73292
0.726074 0.733772
0.727051 0.734624
0.728027 0.735475
0.729004 0.736325
0.72998 0.737175
0.730957 0.738024
0.731934 0.738873
0.73291 0.739721
0.733887 0.740568
0.734863 0.741415
0.73584 0.742261
0.736816 0.743106
0.737793 0.743951
0.73877 0.744796
0.739746 0.745639
0.740723 0.746483
0.741699 0.747325
0.742676 0.748167
0.743652 0.749008
0.744629 0.749849
0.745605 0.750689
0.746582 0.751528
0.747559 0.752367
0.748535 0.753205
0.749512 0.754043
0.750488 0.75488
0.751465 0.755716
0.752441 0.756552
0.753418 0.757387
0.754395 0.758221
0.755371 0.759055
0.756348 0.759888
0.757324 0.76072
0.758301 0.761552
0.759277 0.762383
0.760254 0.763214
0.76123 0.764044
0.762207 0.764873
0.763184 0.765702
0.76416 0.76653
0.765137 0.767357
0.766113 0.768183
0.76709 0.769009
0.768066 0.769835
0.769043 0.770659
0.77002 0.771483
0.770996 0.772306
0.771973 0.773129
0.772949 0.773951
0.773926 0.774772
0.774902 0.775593
0.775879 0.776413
0.776855 0.777232
0.777832 0.77805
0.778809 0.778868
0.779785 0.779685
0.780762 0.780502
0.781738 0.781318
0.782715 0.782133
0.783691 0.782947
0.784668 0.783761
0.785645 0.784574
0.786621 0.785386
0.787598 0.786198
0.788574 0.787008
0.789551 0.787819
0.790527 0.788628
0.791504 0.789437
0.79248 0.790245
0.793457 0.791052
0.794434 0.791859
0.79541 0.792665
0.796387 0.79347
0.797363 0.794274
0.79834 0.795078
0.799316 0.795881
0.800293 0.796683
0.80127 0.797484
0.802246 0.798285
0.803223 0.799085
0.804199 0.799884
0.805176 0.800683
0.806152 0.80148
0.807129 0.802277
0.808105 0.803074
0.809082 0.803869
0.810059 0.804664
0.811035 0.805458
0.812012 0.806251
0.812988 0.807043
0.813965 0.807835
0.814941 0.808626
0.815918 0.809416
0.816895 0.810205
0.817871 0.810994
0.818848 0.811782
0.819824 0.812568
0.820801 0.813355
0.821777 0.81414
0.822754 0.814925
0.82373 0.815708
0.824707 0.816491
0.825684 0.817274
0.82666 0.818055
0.827637 0.818836
0.828613 0.819615
0.82959 0.820394
0.830566 0.821172
0.831543 0.82195
0.83252 0.822726
0.833496 0.823502
0.834473 0.824277
0.835449 0.825051
0.836426 0.825824
0.837402 0.826596
0.838379 0.827368
0.839355 0.828139
0.840332 0.828908
0.841309 0.829677
0.842285 0.830446
0.843262 0.831213
0.844238 0.831979
0.845215 0.832745
0.846191 0.833509
0.847168 0.834273
0.848145 0.835036
0.849121 0.835798
0.850098 0.83656
0.851074 0.83732
0.852051 0.838079
0.853027 0.838838
0.854004 0.839596
0.85498 0.840352
0.855957 0.841108
0.856934 0.841863
0.85791 0.842617
0.858887 0.843371
0.859863 0.844123
0.86084 0.844874
0.861816 0.845625
0.862793 0.846374
0.86377 0.847123
0.864746 0.84787
0.865723 0.848617
0.866699 0.849363
0.867676 0.850108
0.868652 0.850852
0.869629 0.851595
0.870605 0.852337
0.871582 0.853078
0.872559 0.853818
0.873535 0.854557
0.874512 0.855296
0.875488 0.856033
0.876465 0.856769
0.877441 0.857504
0.878418 0.858239
0.879395 0.858972
0.880371 0.859704
0.881348 0.860436
0.882324 0.861166
0.883301 0.861896
0.884277 0.862624
0.885254 0.863351
0.88623 0.864078
0.887207 0.864803
0.888184 0.865528
0.88916 0.866251
0.890137 0.866973
0.891113 0.867694
0.89209 0.868415
0.893066 0.869134
0.894043 0.869852
0.89502 0.870569
0.895996 0.871285
0.896973 0.872
0.897949 0.872714
0.898926 0.873427
0.899902 0.874139
0.900879 0.87485
0.901855 0.875559
0.902832 0.876268
0.903809 0.876975
0.904785 0.877682
0.905762 0.878387
0.906738 0.879091
0.907715 0.879795
0.908691 0.880497
0.909668 0.881197
0.910645 0.881897
0.911621 0.882596
0.912598 0.883293
0.913574 0.88399
0.914551 0.884685
0.915527 0.885379
0.916504 0.886072
0.91748 0.886764
0.918457 0.887455
0.919434 0.888144
0.92041 0.888833
0.921387 0.88952
0.922363 0.890206
0.92334 0.89089
0.924316 0.891574
0.925293 0.892256
0.92627 0.892938
0.927246 0.893618
0.928223 0.894296
0.929199 0.894974
0.930176 0.89565
0.931152 0.896326
0.932129 0.896999
0.933105 0.897672
0.934082 0.898344
0.935059 0.899014
0.936035 0.899683
0.937012 0.90035
0.937988 0.901017
0.938965 0.901682
0.939941 0.902346
0.940918 0.903008
0.941895 0.903669
0.942871 0.90433
0.943848 0.904988
0.944824 0.905646
0.945801 0.9063
0.946777 0.906958
0.947754 0.907607
0.94873 0.908266
0.949707 0.908905
0.950684 0.909574
0.95166 0.91019
0.952637 0.910888
0.953613 0.911451
0.95459 0.912225
0.955566 0.91266
0.956543 0.913633
0.95752 0.913745
0.958496 0.915223
0.959473 0.914526
0.960449 0.917282
0.961426 0.914555
0.962402 0.920534
0.963379 0.91272
0.964355 0.926817
0.965332 0.906314
0.966309 0.940923
0.967285 0.889036
0.968262 0.975992
0.969238 0.848049
0.970215 1.0719
0.971191 0.768205
0.972168 1.36527
0.973145 0.682947
0.974121 2.26793
0.975098 0.739582
0.976074 4.16269
0.977051 1.01774
0.978027 6.62947
0.979004 1.41713
0.97998 9.28852
0.980957 1.85941
0.981934 12.0181
0.98291 2.31869
0.983887 14.7788
0.984863 2.78604
0.98584 17.5553
0.986816 3.25777
0.987793 20.3406
0.98877 3.73209
0.989746 23.1312
0.990723 4.20806
0.991699 25.9251
0.992676 4.68513
0.993652 28.7211
0.994629 -0.290169
0.995605 -0.560198
0.996582 0.293345
0.997559 13.1928
0.998535 -0.289731
0.999512 -0.273106
1 0
