0 0
0.000488281 0.000531232
0.00146484 0.00159369
0.00244141 0.00265614
0.00341797 0.00371858
0.00439453 0.004781
0.00537109 0.00584339
0.00634766 0.00690575
0.00732422 0.00796808
0.00830078 0.00903036
0.00927734 0.0100926
0.0102539 0.0111548
0.0112305 0.0122169
0.012207 0.013279
0.0131836 0.014341
0.0141602 0.0154029
0.0151367 0.0164647
0.0161133 0.0175265
0.0170898 0.0185882
0.0180664 0.0196497
0.019043 0.0207112
0.0200195 0.0217726
0.0209961 0.0228339
0.0219727 0.0238951
0.0229492 0.0249561
0.0239258 0.0260171
0.0249023 0.0270779
0.0258789 0.0281386
0.0268555 0.0291992
0.027832 0.0302597
0.0288086 0.03132
0.0297852 0.0323802
0.0307617 0.0334403
0.0317383 0.0345002
0.0327148 0.03556
0.0336914 0.0366197
0.034668 0.0376792
0.0356445 0.0387385
0.0366211 0.0397978
0.0375977 0.0408568
0.0385742 0.0419158
0.0395508 0.0429745
0.0405273 0.0440331
0.0415039 0.0450916
0.0424805 0.0461499
0.043457 0.0472081
0.0444336 0.0482661
0.0454102 0.0493239
0.0463867 0.0503816
0.0473633 0.0514391
0.0483398 0.0524964
0.0493164 0.0535536
0.050293 0.0546107
0.0512695 0.0556675
0.0522461 0.0567243
0.0532227 0.0577808
0.0541992 0.0588372
0.0551758 0.0598934
0.0561523 0.0609495
0.0571289 0.0620053
0.0581055 0.0630611
0.059082 0.0641166
0.0600586 0.065172
0.0610352 0.0662272
0.0620117 0.0672823
0.0629883 0.0683372
0.0639648 0.0693919
0.0649414 0.0704464
0.065918 0.0715008
0.0668945 0.072555
0.0678711 0.0736091
0.0688477 0.0746629
0.0698242 0.0757167
0.0708008 0.0767702
0.0717773 0.0778236
0.0727539 0.0788767
0.0737305 0.0799298
0.074707 0.0809826
0.0756836 0.0820353
0.0766602 0.0830878
0.0776367 0.0841402
0.0786133 0.0851923
0.0795898 0.0862443
0.0805664 0.0872961
0.081543 0.0883478
0.0825195 0.0893993
0.0834961 0.0904506
0.0844727 0.0915017
0.0854492 0.0925527
0.0864258 0.0936035
0.0874023 0.0946541
0.0883789 0.0957045
0.0893555 0.0967548
0.090332 0.0978049
0.0913086 0.0988548
0.0922852 0.0999045
0.0932617 0.100954
0.0942383 0.102003
0.0952148 0.103053
0.0961914 0.104102
0.097168 0.105151
0.0981445 0.106199
0.0991211 0.107248
0.100098 0.108296
0.101074 0.109344
0.102051 0.110392
0.103027 0.11144
0.104004 0.112488
0.10498 0.113535
0.105957 0.114582
0.106934 0.11563
0.10791 0.116676
0.108887 0.117723
0.109863 0.11877
0.11084 0.119816
0.111816 0.120862
0.112793 0.121908
0.11377 0.122954
0.114746 0.124
0.115723 0.125045
0.116699 0.126091
0.117676 0.127136
0.118652 0.128181
0.119629 0.129225
0.120605 0.13027
0.121582 0.131314
0.122559 0.132359
0.123535 0.133403
0.124512 0.134446
0.125488 0.13549
0.126465 0.136534
0.127441 0.137577
0.128418 0.13862
0.129395 0.139663
0.130371 0.140706
0.131348 0.141748
0.132324 0.142791
0.133301 0.143833
0.134277 0.144875
0.135254 0.145917
0.13623 0.146958
0.137207 0.148
0.138184 0.149041
0.13916 0.150082
0.140137 0.151123
0.141113 0.152164
0.14209 0.153204
0.143066 0.154245
0.144043 0.155285
0.14502 0.156325
0.145996 0.157365
0.146973 0.158404
0.147949 0.159444
0.148926 0.160483
0.149902 0.161522
0.150879 0.162561
0.151855 0.163599
0.152832 0.164638
0.153809 0.165676
0.154785 0.166714
0.155762 0.167752
0.156738 0.16879
0.157715 0.169827
0.158691 0.170864
0.159668 0.171902
0.160645 0.172939
0.161621 0.173975
0.162598 0.175012
0.163574 0.176048
0.164551 0.177084
0.165527 0.17812
0.166504 0.179156
0.16748 0.180192
0.168457 0.181227
0.169434 0.182262
0.17041 0.183297
0.171387 0.184332
0.172363 0.185367
0.17334 0.186401
0.174316 0.187435
0.175293 0.188469
0.17627 0.189503
0.177246 0.190537
0.178223 0.19157
0.179199 0.192604
0.180176 0.193637
0.181152 0.19467
0.182129 0.195702
0.183105 0.196735
0.184082 0.197767
0.185059 0.198799
0.186035 0.199831
0.187012 0.200863
0.187988 0.201894
0.188965 0.202925
0.189941 0.203956
0.190918 0.204987
0.191895 0.206018
0.192871 0.207048
0.193848 0.208079
0.194824 0.209109
0.195801 0.210139
0.196777 0.211168
0.197754 0.212198
0.19873 0.213227
0.199707 0.214256
0.200684 0.215285
0.20166 0.216314
0.202637 0.217342
0.203613 0.21837
0.20459 0.219398
0.205566 0.220426
0.206543 0.221454
0.20752 0.222481
0.208496 0.223509
0.209473 0.224536
0.210449 0.225562
0.211426 0.226589
0.212402 0.227616
0.213379 0.228642
0.214355 0.229668
0.215332 0.230694
0.216309 0.231719
0.217285 0.232745
0.218262 0.23377
0.219238 0.234795
0.220215 0.235819
0.221191 0.236844
0.222168 0.237868
0.223145 0.238892
0.224121 0.239916
0.225098 0.24094
0.226074 0.241964
0.227051 0.242987
0.228027 0.24401
0.229004 0.245033
0.22998 0.246056
0.230957 0.247078
0.231934 0.2481
0.23291 0.249122
0.233887 0.250144
0.234863 0.251166
0.23584 0.252187
0.236816 0.253208
0.237793 0.254229
0.23877 0.25525
0.239746 0.256271
0.240723 0.257291
0.241699 0.258311
0.242676 0.259331
0.243652 0.260351
0.244629 0.26137
0.245605 0.262389
0.246582 0.263408
0.247559 0.264427
0.248535 0.265446
0.249512 0.266464
0.250488 0.267482
0.251465 0.2685
0.252441 0.269518
0.253418 0.270536
0.254395 0.271553
0.255371 0.27257
0.256348 0.273587
0.257324 0.274603
0.258301 0.27562
0.259277 0.276636
0.260254 0.277652
0.26123 0.278668
0.262207 0.279683
0.263184 0.280699
0.26416 0.281714
0.265137 0.282729
0.266113 0.283743
0.26709 0.284758
0.268066 0.285772
0.269043 0.286786
0.27002 0.2878
0.270996 0.288813
0.271973 0.289826
0.272949 0.290839
0.273926 0.291852
0.274902 0.292865
0.275879 0.293877
0.276855 0.29489
0.277832 0.295901
0.278809 0.296913
0.279785 0.297925
0.280762 0.298936
0.281738 0.299947
0.282715 0.300958
0.283691 0.301968
0.284668 0.302979
0.285645 0.303989
0.286621 0.304999
0.287598 0.306008
0.288574 0.307018
0.289551 0.308027
0.290527 0.309036
0.291504 0.310045
0.29248 0.311053
0.293457 0.312062
0.294434 0.31307
0.29541 0.314078
0.296387 0.315085
0.297363 0.316092
0.29834 0.3171
0.299316 0.318106
0.300293 0.319113
0.30127 0.32012
0.302246 0.321126
0.303223 0.322132
0.304199 0.323137
0.305176 0.324143
0.306152 0.325148
0.307129 0.326153
0.308105 0.327158
0.309082 0.328162
0.310059 0.329167
0.311035 0.330171
0.312012 0.331174
0.312988 0.332178
0.313965 0.333181
0.314941 0.334184
0.315918 0.335187
0.316895 0.33619
0.317871 0.337192
0.318848 0.338194
0.319824 0.339196
0.320801 0.340198
0.321777 0.341199
0.322754 0.3422
0.32373 0.343201
0.324707 0.344202
0.325684 0.345202
0.32666 0.346203
0.327637 0.347203
0.328613 0.348202
0.32959 0.349202
0.330566 0.350201
0.331543 0.3512
0.33252 0.352199
0.333496 0.353197
0.334473 0.354195
0.335449 0.355193
0.336426 0.356191
0.337402 0.357188
0.338379 0.358186
0.339355 0.359183
0.340332 0.360179
0.341309 0.361176
0.342285 0.362172
0.343262 0.363168
0.344238 0.364164
0.345215 0.365159
0.346191 0.366154
0.347168 0.367149
0.348145 0.368144
0.349121 0.369138
0.350098 0.370133
0.351074 0.371127
0.352051 0.37212
0.353027 0.373114
0.354004 0.374107
0.35498 0.3751
0.355957 0.376093
0.356934 0.377085
0.35791 0.378077
0.358887 0.379069
0.359863 0.380061
0.36084 0.381052
0.361816 0.382043
0.362793 0.383034
0.36377 0.384025
0.364746 0.385015
0.365723 0.386005
0.366699 0.386995
0.367676 0.387984
0.368652 0.388974
0.369629 0.389963
0.370605 0.390951
0.371582 0.39194
0.372559 0.392928
0.373535 0.393916
0.374512 0.394904
0.375488 0.395891
0.376465 0.396879
0.377441 0.397865
0.378418 0.398852
0.379395 0.399838
0.380371 0.400825
0.381348 0.40181
0.382324 0.402796
0.383301 0.403781
0.384277 0.404766
0.385254 0.405751
0.38623 0.406736
0.387207 0.40772
0.388184 0.408704
0.38916 0.409688
0.390137 0.410671
0.391113 0.411654
0.39209 0.412637
0.393066 0.41362
0.394043 0.414602
0.39502 0.415584
0.395996 0.416566
0.396973 0.417547
0.397949 0.418529
0.398926 0.41951
0.399902 0.42049
0.400879 0.421471
0.401855 0.422451
0.402832 0.423431
0.403809 0.42441
0.404785 0.425389
0.405762 0.426368
0.406738 0.427347
0.407715 0.428326
0.408691 0.429304
0.409668 0.430282
0.410645 0.431259
0.411621 0.432237
0.412598 0.433214
0.413574 0.43419
0.414551 0.435167
0.415527 0.436143
0.416504 0.437119
0.41748 0.438095
0.418457 0.43907
0.419434 0.440045
0.42041 0.44102
0.421387 0.441994
0.422363 0.442969
0.42334 0.443942
0.424316 0.444916
0.425293 0.445889
0.42627 0.446862
0.427246 0.447835
0.428223 0.448808
0.429199 0.44978
0.430176 0.450752
0.431152 0.451723
0.432129 0.452695
0.433105 0.453666
0.434082 0.454636
0.435059 0.455607
0.436035 0.456577
0.437012 0.457547
0.437988 0.458516
0.438965 0.459485
0.439941 0.460454
0.440918 0.461423
0.441895 0.462391
0.442871 0.463359
0.443848 0.464327
0.444824 0.465295
0.445801 0.466262
0.446777 0.467229
0.447754 0.468195
0.44873 0.469161
0.449707 0.470127
0.450684 0.471093
0.45166 0.472058
0.452637 0.473023
0.453613 0.473988
0.45459 0.474952
0.455566 0.475917
0.456543 0.47688
0.45752 0.477844
0.458496 0.478807
0.459473 0.47977
0.460449 0.480733
0.461426 0.481695
0.462402 0.482657
0.463379 0.483618
0.464355 0.48458
0.465332 0.485541
0.466309 0.486501
0.467285 0.487462
0.468262 0.488422
0.469238 0.489382
0.470215 0.490341
0.471191 0.4913
0.472168 0.492259
0.473145 0.493218
0.474121 0.494176
0.475098 0.495134
0.476074 0.496091
0.477051 0.497049
0.478027 0.498006
0.479004 0.498962
0.47998 0.499919
0.480957 0.500875
0.481934 0.50183
0.48291 0.502785
0.483887 0.503741
0.484863 0.504695
0.48584 0.50565
0.486816 0.506604
0.487793 0.507557
0.48877 0.508511
0.489746 0.509464
0.490723 0.510417
0.491699 0.511369
0.492676 0.512321
0.493652 0.513273
0.494629 0.514224
0.495605 0.515175
0.496582 0.516126
0.497559 0.517076
0.498535 0.518027
0.499512 0.518976
0.500488 0.519926
0.501465 0.520875
0.502441 0.521824
0.503418 0.522772
0.504395 0.52372
0.505371 0.524668
0.506348 0.525615
0.507324 0.526563
0.508301 0.527509
0.509277 0.528456
0.510254 0.529402
0.51123 0.530348
0.512207 0.531293
0.513184 0.532238
0.51416 0.533183
0.515137 0.534127
0.516113 0.535071
0.51709 0.536015
0.518066 0.536958
0.519043 0.537901
0.52002 0.538844
0.520996 0.539786
0.521973 0.540728
0.522949 0.54167
0.523926 0.542611
0.524902 0.543552
0.525879 0.544492
0.526855 0.545433
0.527832 0.546372
0.528809 0.547312
0.529785 0.548251
0.530762 0.54919
0.531738 0.550128
0.532715 0.551066
0.533691 0.552004
0.534668 0.552941
0.535645 0.553878
0.536621 0.554815
0.537598 0.555751
0.538574 0.556687
0.539551 0.557623
0.540527 0.558558
0.541504 0.559493
0.54248 0.560428
0.543457 0.561362
0.544434 0.562295
0.54541 0.563229
0.546387 0.564162
0.547363 0.565095
0.54834 0.566027
0.549316 0.566959
0.550293 0.56789
0.55127 0.568822
0.552246 0.569752
0.553223 0.570683
0.554199 0.571613
0.555176 0.572543
0.556152 0.573472
0.557129 0.574401
0.558105 0.57533
0.559082 0.576258
0.560059 0.577186
0.561035 0.578113
0.562012 0.57904
0.562988 0.579967
0.563965 0.580893
0.564941 0.581819
0.565918 0.582745
0.566895 0.58367
0.567871 0.584595
0.568848 0.585519
0.569824 0.586443
0.570801 0.587367
0.571777 0.58829
0.572754 0.589213
0.57373 0.590135
0.574707 0.591058
0.575684 0.591979
0.57666 0.592901
0.577637 0.593822
0.578613 0.594742
0.57959 0.595662
0.580566 0.596582
0.581543 0.597501
0.58252 0.59842
0.583496 0.599339
0.584473 0.600257
0.585449 0.601175
0.586426 0.602092
0.587402 0.603009
0.588379 0.603926
0.589355 0.604842
0.590332 0.605758
0.591309 0.606673
0.592285 0.607588
0.593262 0.608503
0.594238 0.609417
0.595215 0.610331
0.596191 0.611244
0.597168 0.612157
0.598145 0.613069
0.599121 0.613982
0.600098 0.614893
0.601074 0.615805
0.602051 0.616715
0.603027 0.617626
0.604004 0.618536
0.60498 0.619446
0.605957 0.620355
0.606934 0.621264
0.60791 0.622172
0.608887 0.62308
0.609863 0.623988
0.61084 0.624895
0.611816 0.625801
0.612793 0.626708
0.61377 0.627614
0.614746 0.628519
0.615723 0.629424
0.616699 0.630329
0.617676 0.631233
0.618652 0.632137
0.619629 0.63304
0.620605 0.633943
0.621582 0.634845
0.622559 0.635747
0.623535 0.636649
0.624512 0.63755
0.625488 0.638451
0.626465 0.639351
0.627441 0.640251
0.628418 0.64115
0.629395 0.642049
0.630371 0.642947
0.631348 0.643846
0.632324 0.644743
0.633301 0.64564
0.634277 0.646537
0.635254 0.647433
0.63623 0.648329
0.637207 0.649225
0.638184 0.65012
0.63916 0.651014
0.640137 0.651908
0.641113 0.652802
0.64209 0.653695
0.643066 0.654588
0.644043 0.65548
0.64502 0.656372
0.645996 0.657263
0.646973 0.658154
0.647949 0.659044
0.648926 0.659934
0.649902 0.660823
0.650879 0.661712
0.651855 0.662601
0.652832 0.663489
0.653809 0.664377
0.654785 0.665264
0.655762 0.666151
0.656738 0.667037
0.657715 0.667922
0.658691 0.668808
0.659668 0.669693
0.660645 0.670577
0.661621 0.671461
0.662598 0.672344
0.663574 0.673227
0.664551 0.674109
0.665527 0.674991
0.666504 0.675873
0.66748 0.676754
0.668457 0.677634
0.669434 0.678514
0.67041 0.679394
0.671387 0.680273
0.672363 0.681151
0.67334 0.682029
0.674316 0.682907
0.675293 0.683784
0.67627 0.68466
0.677246 0.685536
0.678223 0.686412
0.679199 0.687287
0.680176 0.688162
0.681152 0.689036
0.682129 0.689909
0.683105 0.690782
0.684082 0.691655
0.685059 0.692527
0.686035 0.693399
0.687012 0.69427
0.687988 0.69514
0.688965 0.69601
0.689941 0.69688
0.690918 0.697749
0.691895 0.698617
0.692871 0.699485
0.693848 0.700353
0.694824 0.70122
0.695801 0.702086
0.696777 0.702952
0.697754 0.703817
0.69873 0.704682
0.699707 0.705547
0.700684 0.70641
0.70166 0.707274
0.702637 0.708136
0.703613 0.708999
0.70459 0.70986
0.705566 0.710721
0.706543 0.711582
0.70752 0.712442
0.708496 0.713302
0.709473 0.714161
0.710449 0.715019
0.711426 0.715877
0.712402 0.716734
0.713379 0.717591
0.714355 0.718448
0.715332 0.719303
0.716309 0.720158
0.717285 0.721013
0.718262 0.721867
0.719238 0.722721
0.720215 0.723574
0.721191 0.724426
0.722168 0.725278
0.723145 0.726129
0.724121 0.72698
0.725098 0.72783
0.726074 0.72868
0.727051 0.729529
0.728027 0.730377
0.729004 0.731225
0.72998 0.732073
0.730957 0.732919
0.731934 0.733766
0.73291 0.734611
0.733887 0.735456
0.734863 0.736301
0.73584 0.737145
0.736816 0.737988
0.737793 0.738831
0.73877 0.739673
0.739746 0.740514
0.740723 0.741355
0.741699 0.742196
0.742676 0.743035
0.743652 0.743875
0.744629 0.744713
0.745605 0.745551
0.746582 0.746389
0.747559 0.747225
0.748535 0.748062
0.749512 0.748897
0.750488 0.749732
0.751465 0.750567
0.752441 0.7514
0.753418 0.752234
0.754395 0.753066
0.755371 0.753898
0.756348 0.754729
0.757324 0.75556
0.758301 0.75639
0.759277 0.75722
0.760254 0.758048
0.76123 0.758877
0.762207 0.759704
0.763184 0.760531
0.76416 0.761357
0.765137 0.762183
0.766113 0.763008
0.76709 0.763833
0.768066 0.764656
0.769043 0.76548
0.77002 0.766302
0.770996 0.767124
0.771973 0.767945
0.772949 0.768766
0.773926 0.769586
0.774902 0.770405
0.775879 0.771224
0.776855 0.772041
0.777832 0.772859
0.778809 0.773675
0.779785 0.774491
0.780762 0.775307
0.781738 0.776121
0.782715 0.776935
0.783691 0.777749
0.784668 0.778561
0.785645 0.779373
0.786621 0.780185
0.787598 0.780995
0.788574 0.781805
0.789551 0.782614
0.790527 0.783423
0.791504 0.784231
0.79248 0.785038
0.793457 0.785844
0.794434 0.78665
0.79541 0.787455
0.796387 0.78826
0.797363 0.789064
0.79834 0.789867
0.799316 0.790669
0.800293 0.79147
0.80127 0.792271
0.802246 0.793072
0.803223 0.793871
0.804199 0.79467
0.805176 0.795468
0.806152 0.796265
0.807129 0.797062
0.808105 0.797858
0.809082 0.798653
0.810059 0.799447
0.811035 0.800241
0.812012 0.801034
0.812988 0.801826
0.813965 0.802617
0.814941 0.803408
0.815918 0.804198
0.816895 0.804987
0.817871 0.805776
0.818848 0.806564
0.819824 0.807351
0.820801 0.808137
0.821777 0.808922
0.822754 0.809707
0.82373 0.810491
0.824707 0.811274
0.825684 0.812057
0.82666 0.812838
0.827637 0.813619
0.828613 0.814399
0.82959 0.815178
0.830566 0.815957
0.831543 0.816735
0.83252 0.817512
0.833496 0.818288
0.834473 0.819063
0.835449 0.819838
0.836426 0.820612
0.837402 0.821385
0.838379 0.822157
0.839355 0.822928
0.840332 0.823699
0.841309 0.824468
0.842285 0.825237
0.843262 0.826005
0.844238 0.826773
0.845215 0.827539
0.846191 0.828305
0.847168 0.82907
0.848145 0.829834
0.849121 0.830597
0.850098 0.831359
0.851074 0.832121
0.852051 0.832881
0.853027 0.833641
0.854004 0.8344
0.85498 0.835158
0.855957 0.835915
0.856934 0.836671
0.85791 0.837427
0.858887 0.838181
0.859863 0.838935
0.86084 0.839688
0.861816 0.84044
0.862793 0.841191
0.86377 0.841941
0.864746 0.842691
0.865723 0.843439
0.866699 0.844187
0.867676 0.844933
0.868652 0.845679
0.869629 0.846424
0.870605 0.847168
0.871582 0.847911
0.872559 0.848653
0.873535 0.849394
0.874512 0.850135
0.875488 0.850874
0.876465 0.851613
0.877441 0.85235
0.878418 0.853087
0.879395 0.853822
0.880371 0.854557
0.881348 0.855291
0.882324 0.856024
0.883301 0.856756
0.884277 0.857486
0.885254 0.858216
0.88623 0.858945
0.887207 0.859673
0.888184 0.8604
0.88916 0.861126
0.890137 0.861852
0.891113 0.862576
0.89209 0.863299
0.893066 0.864021
0.894043 0.864742
0.89502 0.865462
0.895996 0.866181
0.896973 0.866899
0.897949 0.867617
0.898926 0.868333
0.899902 0.869048
0.900879 0.869762
0.901855 0.870475
0.902832 0.871187
0.903809 0.871898
0.904785 0.872608
0.905762 0.873317
0.906738 0.874025
0.907715 0.874731
0.908691 0.875437
0.909668 0.876142
0.910645 0.876845
0.911621 0.877548
0.912598 0.878249
0.913574 0.87895
0.914551 0.879649
0.915527 0.880347
0.916504 0.881044
0.91748 0.88174
0.918457 0.882435
0.919434 0.883129
0.92041 0.883822
0.921387 0.884513
0.922363 0.885204
0.92334 0.885893
0.924316 0.886581
0.925293 0.887268
0.92627 0.887954
0.927246 0.888639
0.928223 0.889322
0.929199 0.890005
0.930176 0.890686
0.931152 0.891366
0.932129 0.892045
0.933105 0.892723
0.934082 0.8934
0.935059 0.894075
0.936035 0.894749
0.937012 0.895422
0.937988 0.896094
0.938965 0.896765
0.939941 0.897434
0.940918 0.898102
0.941895 0.898769
0.942871 0.899435
0.943848 0.900099
0.944824 0.900763
0.945801 0.901423
0.946777 0.902087
0.947754 0.902741
0.94873 0.903408
0.949707 0.904051
0.950684 0.904729
0.95166 0.905347
0.952637 0.906057
0.953613 0.906619
0.95459 0.907412
0.955566 0.907834
0.956543 0.908843
0.95752 0.908915
0.958496 0.910474
0.959473 0.909667
0.960449 0.912616
0.961426 0.909601
0.962402 0.91606
0.963379 0.907501
0.964355 0.922834
0.965332 0.900402
0.966309 0.938258
0.967285 0.881424
0.968262 0.97713
0.969238 0.836863
0.970215 1.08528
0.971191 0.752952
0.972168 1.42185
0.973145 0.675729
0.974121 2.43984
0.975098 0.760037
0.976074 4.44174
0.977051 1.06069
0.978027 6.94933
0.979004 1.46868
0.97998 9.62399
0.980957 1.91433
0.981934 12.3611
0.98291 2.37525
0.983887 15.1263
0.984863 2.84354
0.98584 17.9058
0.986816 3.31588
0.987793 20.6934
0.98877 3.79064
0.989746 23.4857
0.990723 4.26695
0.991699 26.2811
0.992676 4.74429
0.993652 29.0785
0.994629 -0.290391
0.995605 -0.518568
0.996582 0.2961
0.997559 12.1806
0.998535 -0.289824
0.999512 -0.267286
1 0
