0.00195312 0.000847677
0.00585938 0.00254303
0.00976562 0.00423838
0.0136719 0.00593373
0.0175781 0.00762907
0.0214844 0.00932441
0.0253906 0.0110197
0.0292969 0.0127151
0.0332031 0.0144104
0.0371094 0.0161057
0.0410156 0.0178009
0.0449219 0.0194962
0.0488281 0.0211915
0.0527344 0.0228867
0.0566406 0.0245819
0.0605469 0.0262771
0.0644531 0.0279723
0.0683594 0.0296674
0.0722656 0.0313625
0.0761719 0.0330576
0.0800781 0.0347527
0.0839844 0.0364477
0.0878906 0.0381427
0.0917969 0.0398377
0.0957031 0.0415326
0.0996094 0.0432275
0.103516 0.0449224
0.107422 0.0466172
0.111328 0.048312
0.115234 0.0500068
0.119141 0.0517015
0.123047 0.0533961
0.126953 0.0550907
0.130859 0.0567853
0.134766 0.0584798
0.138672 0.0601743
0.142578 0.0618687
0.146484 0.0635631
0.150391 0.0652574
0.154297 0.0669516
0.158203 0.0686458
0.162109 0.0703399
0.166016 0.072034
0.169922 0.073728
0.173828 0.075422
0.177734 0.0771159
0.181641 0.0788097
0.185547 0.0805034
0.189453 0.0821971
0.193359 0.0838907
0.197266 0.0855843
0.201172 0.0872778
0.205078 0.0889712
0.208984 0.0906645
0.212891 0.0923577
0.216797 0.0940509
0.220703 0.095744
0.224609 0.097437
0.228516 0.0991299
0.232422 0.100823
0.236328 0.102515
0.240234 0.104208
0.244141 0.105901
0.248047 0.107593
0.251953 0.109286
0.255859 0.110978
0.259766 0.11267
0.263672 0.114362
0.267578 0.116054
0.271484 0.117746
0.275391 0.119438
0.279297 0.12113
0.283203 0.122821
0.287109 0.124513
0.291016 0.126204
0.294922 0.127895
0.298828 0.129587
0.302734 0.131278
0.306641 0.132969
0.310547 0.134659
0.314453 0.13635
0.318359 0.138041
0.322266 0.139731
0.326172 0.141422
0.330078 0.143112
0.333984 0.144802
0.337891 0.146492
0.341797 0.148182
0.345703 0.149872
0.349609 0.151561
0.353516 0.153251
0.357422 0.15494
0.361328 0.156629
0.365234 0.158318
0.369141 0.160007
0.373047 0.161696
0.376953 0.163385
0.380859 0.165073
0.384766 0.166762
0.388672 0.16845
0.392578 0.170138
0.396484 0.171826
0.400391 0.173514
0.404297 0.175202
0.408203 0.176889
0.412109 0.178577
0.416016 0.180264
0.419922 0.181951
0.423828 0.183638
0.427734 0.185325
0.431641 0.187011
0.435547 0.188698
0.439453 0.190384
0.443359 0.19207
0.447266 0.193756
0.451172 0.195442
0.455078 0.197128
0.458984 0.198813
0.462891 0.200498
0.466797 0.202183
0.470703 0.203868
0.474609 0.205553
0.478516 0.207238
0.482422 0.208922
0.486328 0.210607
0.490234 0.212291
0.494141 0.213974
0.498047 0.215658
0.501953 0.217342
0.505859 0.219025
0.509766 0.220708
0.513672 0.222391
0.517578 0.224074
0.521484 0.225757
0.525391 0.227439
0.529297 0.229121
0.533203 0.230803
0.537109 0.232485
0.541016 0.234167
0.544922 0.235848
0.548828 0.237529
0.552734 0.23921
0.556641 0.240891
0.560547 0.242572
0.564453 0.244252
0.568359 0.245932
0.572266 0.247612
0.576172 0.249292
0.580078 0.250972
0.583984 0.252651
0.587891 0.25433
0.591797 0.256009
0.595703 0.257688
0.599609 0.259366
0.603516 0.261044
0.607422 0.262722
0.611328 0.2644
0.615234 0.266078
0.619141 0.267755
0.623047 0.269432
0.626953 0.271109
0.630859 0.272786
0.634766 0.274462
0.638672 0.276138
0.642578 0.277814
0.646484 0.27949
0.650391 0.281165
0.654297 0.28284
0.658203 0.284515
0.662109 0.28619
0.666016 0.287865
0.669922 0.289539
0.673828 0.291213
0.677734 0.292886
0.681641 0.29456
0.685547 0.296233
0.689453 0.297905
0.693359 0.299578
0.697266 0.30125
0.701172 0.302922
0.705078 0.304594
0.708984 0.306265
0.712891 0.307936
0.716797 0.309606
0.720703 0.311276
0.724609 0.312946
0.728516 0.314615
0.732422 0.316284
0.736328 0.317952
0.740234 0.31962
0.744141 0.321287
0.748047 0.322954
0.751953 0.324619
0.755859 0.326284
0.759766 0.327948
0.763672 0.329611
0.767578 0.331272
0.771484 0.332933
0.775391 0.334591
0.779297 0.336248
0.783203 0.337903
0.787109 0.339555
0.791016 0.341204
0.794922 0.342851
0.798828 0.344493
0.802734 0.346131
0.806641 0.347763
0.810547 0.349389
0.814453 0.351008
0.818359 0.352618
0.822266 0.354219
0.826172 0.355807
0.830078 0.357382
0.833984 0.35894
0.837891 0.360478
0.841797 0.361994
0.845703 0.363482
0.849609 0.364939
0.853516 0.366358
0.857422 0.367732
0.861328 0.369054
0.865234 0.370314
0.869141 0.371501
0.873047 0.372601
0.876953 0.3736
0.880859 0.374478
0.884766 0.375215
0.888672 0.375785
0.892578 0.376159
0.896484 0.376303
0.900391 0.376176
0.904297 0.375731
0.908203 0.374914
0.912109 0.373662
0.916016 0.371902
0.919922 0.369552
0.923828 0.366517
0.927734 0.36269
0.931641 0.357951
0.935547 0.352169
0.939453 0.345197
0.943359 0.33688
0.947266 0.327053
0.951172 0.315547
0.955078 0.302196
0.958984 0.286842
0.962891 0.269344
0.966797 0.249596
0.970703 0.227532
0.974609 0.203144
0.978516 0.176496
0.982422 0.147728
0.986328 0.117067
0.990234 0.0848252
0.994141 0.0513909
0.998047 0.0172143
