0.00195312 0.000833568
0.00585938 0.0025007
0.00976562 0.00416784
0.0136719 0.00583497
0.0175781 0.00750209
0.0214844 0.00916921
0.0253906 0.0108363
0.0292969 0.0125034
0.0332031 0.0141705
0.0371094 0.0158376
0.0410156 0.0175047
0.0449219 0.0191717
0.0488281 0.0208388
0.0527344 0.0225058
0.0566406 0.0241728
0.0605469 0.0258398
0.0644531 0.0275067
0.0683594 0.0291737
0.0722656 0.0308406
0.0761719 0.0325075
0.0800781 0.0341744
0.0839844 0.0358412
0.0878906 0.037508
0.0917969 0.0391748
0.0957031 0.0408415
0.0996094 0.0425082
0.103516 0.0441749
0.107422 0.0458416
0.111328 0.0475082
0.115234 0.0491747
0.119141 0.0508413
0.123047 0.0525077
0.126953 0.0541742
0.130859 0.0558406
0.134766 0.0575069
0.138672 0.0591732
0.142578 0.0608395
0.146484 0.0625057
0.150391 0.0641719
0.154297 0.065838
0.158203 0.067504
0.162109 0.06917
0.166016 0.070836
0.169922 0.0725018
0.173828 0.0741677
0.177734 0.0758334
0.181641 0.0774991
0.185547 0.0791648
0.189453 0.0808303
0.193359 0.0824959
0.197266 0.0841613
0.201172 0.0858267
0.205078 0.087492
0.208984 0.0891572
0.212891 0.0908224
0.216797 0.0924875
0.220703 0.0941525
0.224609 0.0958174
0.228516 0.0974823
0.232422 0.099147
0.236328 0.100812
0.240234 0.102476
0.244141 0.104141
0.248047 0.105805
0.251953 0.10747
0.255859 0.109134
0.259766 0.110798
0.263672 0.112462
0.267578 0.114126
0.271484 0.11579
0.275391 0.117454
0.279297 0.119118
0.283203 0.120781
0.287109 0.122445
0.291016 0.124108
0.294922 0.125772
0.298828 0.127435
0.302734 0.129098
0.306641 0.130761
0.310547 0.132424
0.314453 0.134087
0.318359 0.135749
0.322266 0.137412
0.326172 0.139074
0.330078 0.140737
0.333984 0.142399
0.337891 0.144061
0.341797 0.145723
0.345703 0.147385
0.349609 0.149047
0.353516 0.150709
0.357422 0.15237
0.361328 0.154032
0.365234 0.155693
0.369141 0.157354
0.373047 0.159015
0.376953 0.160676
0.380859 0.162337
0.384766 0.163997
0.388672 0.165658
0.392578 0.167318
0.396484 0.168978
0.400391 0.170639
0.404297 0.172298
0.408203 0.173958
0.412109 0.175618
0.416016 0.177278
0.419922 0.178937
0.423828 0.180596
0.427734 0.182255
0.431641 0.183914
0.435547 0.185573
0.439453 0.187232
0.443359 0.18889
0.447266 0.190549
0.451172 0.192207
0.455078 0.193865
0.458984 0.195523
0.462891 0.19718
0.466797 0.198838
0.470703 0.200495
0.474609 0.202153
0.478516 0.20381
0.482422 0.205467
0.486328 0.207123
0.490234 0.20878
0.494141 0.210436
0.498047 0.212093
0.501953 0.213749
0.505859 0.215405
0.509766 0.21706
0.513672 0.218716
0.517578 0.220371
0.521484 0.222027
0.525391 0.223682
0.529297 0.225336
0.533203 0.226991
0.537109 0.228645
0.541016 0.2303
0.544922 0.231954
0.548828 0.233608
0.552734 0.235261
0.556641 0.236915
0.560547 0.238568
0.564453 0.240221
0.568359 0.241874
0.572266 0.243527
0.576172 0.24518
0.580078 0.246832
0.583984 0.248484
0.587891 0.250136
0.591797 0.251788
0.595703 0.253439
0.599609 0.255091
0.603516 0.256742
0.607422 0.258393
0.611328 0.260044
0.615234 0.261694
0.619141 0.263344
0.623047 0.264994
0.626953 0.266644
0.630859 0.268294
0.634766 0.269943
0.638672 0.271592
0.642578 0.273241
0.646484 0.27489
0.650391 0.276539
0.654297 0.278187
0.658203 0.279835
0.662109 0.281483
0.666016 0.28313
0.669922 0.284777
0.673828 0.286425
0.677734 0.288071
0.681641 0.289718
0.685547 0.291364
0.689453 0.29301
0.693359 0.294656
0.697266 0.296301
0.701172 0.297946
0.705078 0.299591
0.708984 0.301235
0.712891 0.30288
0.716797 0.304523
0.720703 0.306167
0.724609 0.30781
0.728516 0.309452
0.732422 0.311094
0.736328 0.312735
0.740234 0.314376
0.744141 0.316017
0.748047 0.317656
0.751953 0.319295
0.755859 0.320933
0.759766 0.322569
0.763672 0.324205
0.767578 0.325839
0.771484 0.327472
0.775391 0.329103
0.779297 0.330732
0.783203 0.332359
0.787109 0.333983
0.791016 0.335604
0.794922 0.337222
0.798828 0.338835
0.802734 0.340444
0.806641 0.342046
0.810547 0.343642
0.814453 0.34523
0.818359 0.346809
0.822266 0.348377
0.826172 0.349932
0.830078 0.351473
0.833984 0.352995
0.837891 0.354497
0.841797 0.355975
0.845703 0.357424
0.849609 0.358839
0.853516 0.360214
0.857422 0.361542
0.861328 0.362815
0.865234 0.364023
0.869141 0.365155
0.873047 0.366197
0.876953 0.367133
0.880859 0.367945
0.884766 0.368611
0.888672 0.369105
0.892578 0.369398
0.896484 0.369455
0.900391 0.369236
0.904297 0.368694
0.908203 0.367774
0.912109 0.366416
0.916016 0.364547
0.919922 0.362085
0.923828 0.358939
0.927734 0.355004
0.931641 0.350165
0.935547 0.344294
0.939453 0.337251
0.943359 0.328889
0.947266 0.319052
0.951172 0.307582
0.955078 0.294323
0.958984 0.279129
0.962891 0.261876
0.966797 0.242466
0.970703 0.220847
0.974609 0.197018
0.978516 0.171047
0.982422 0.143073
0.986328 0.113315
0.990234 0.0820712
0.994141 0.0497076
0.998047 0.0166479
