0.00195312 0.000827214
0.00585938 0.00248164
0.00976562 0.00413607
0.0136719 0.00579049
0.0175781 0.0074449
0.0214844 0.00909932
0.0253906 0.0107537
0.0292969 0.0124081
0.0332031 0.0140625
0.0371094 0.0157169
0.0410156 0.0173712
0.0449219 0.0190256
0.0488281 0.0206799
0.0527344 0.0223342
0.0566406 0.0239885
0.0605469 0.0256428
0.0644531 0.0272971
0.0683594 0.0289513
0.0722656 0.0306055
0.0761719 0.0322597
0.0800781 0.0339139
0.0839844 0.035568
0.0878906 0.0372221
0.0917969 0.0388762
0.0957031 0.0405303
0.0996094 0.0421843
0.103516 0.0438383
0.107422 0.0454922
0.111328 0.0471461
0.115234 0.0488
0.119141 0.0504538
0.123047 0.0521076
0.126953 0.0537614
0.130859 0.0554151
0.134766 0.0570688
0.138672 0.0587224
0.142578 0.0603759
0.146484 0.0620295
0.150391 0.063683
0.154297 0.0653364
0.158203 0.0669898
0.162109 0.0686431
0.166016 0.0702963
0.169922 0.0719496
0.173828 0.0736027
0.177734 0.0752558
0.181641 0.0769088
0.185547 0.0785618
0.189453 0.0802147
0.193359 0.0818676
0.197266 0.0835204
0.201172 0.0851731
0.205078 0.0868257
0.208984 0.0884783
0.212891 0.0901308
0.216797 0.0917833
0.220703 0.0934356
0.224609 0.0950879
0.228516 0.0967401
0.232422 0.0983923
0.236328 0.100044
0.240234 0.101696
0.244141 0.103348
0.248047 0.105
0.251953 0.106652
0.255859 0.108303
0.259766 0.109955
0.263672 0.111606
0.267578 0.113258
0.271484 0.114909
0.275391 0.11656
0.279297 0.118211
0.283203 0.119863
0.287109 0.121513
0.291016 0.123164
0.294922 0.124815
0.298828 0.126466
0.302734 0.128116
0.306641 0.129767
0.310547 0.131417
0.314453 0.133067
0.318359 0.134717
0.322266 0.136367
0.326172 0.138017
0.330078 0.139667
0.333984 0.141317
0.337891 0.142966
0.341797 0.144616
0.345703 0.146265
0.349609 0.147914
0.353516 0.149563
0.357422 0.151212
0.361328 0.152861
0.365234 0.15451
0.369141 0.156159
0.373047 0.157807
0.376953 0.159456
0.380859 0.161104
0.384766 0.162752
0.388672 0.1644
0.392578 0.166048
0.396484 0.167696
0.400391 0.169343
0.404297 0.170991
0.408203 0.172638
0.412109 0.174285
0.416016 0.175932
0.419922 0.177579
0.423828 0.179226
0.427734 0.180873
0.431641 0.182519
0.435547 0.184165
0.439453 0.185812
0.443359 0.187458
0.447266 0.189104
0.451172 0.190749
0.455078 0.192395
0.458984 0.19404
0.462891 0.195686
0.466797 0.197331
0.470703 0.198976
0.474609 0.200621
0.478516 0.202265
0.482422 0.20391
0.486328 0.205554
0.490234 0.207198
0.494141 0.208842
0.498047 0.210486
0.501953 0.21213
0.505859 0.213774
0.509766 0.215417
0.513672 0.21706
0.517578 0.218703
0.521484 0.220346
0.525391 0.221989
0.529297 0.223631
0.533203 0.225273
0.537109 0.226916
0.541016 0.228558
0.544922 0.230199
0.548828 0.231841
0.552734 0.233482
0.556641 0.235124
0.560547 0.236765
0.564453 0.238405
0.568359 0.240046
0.572266 0.241687
0.576172 0.243327
0.580078 0.244967
0.583984 0.246607
0.587891 0.248246
0.591797 0.249886
0.595703 0.251525
0.599609 0.253164
0.603516 0.254803
0.607422 0.256442
0.611328 0.25808
0.615234 0.259719
0.619141 0.261357
0.623047 0.262995
0.626953 0.264632
0.630859 0.26627
0.634766 0.267907
0.638672 0.269544
0.642578 0.271181
0.646484 0.272817
0.650391 0.274454
0.654297 0.27609
0.658203 0.277726
0.662109 0.279361
0.666016 0.280997
0.669922 0.282632
0.673828 0.284267
0.677734 0.285901
0.681641 0.287536
0.685547 0.28917
0.689453 0.290804
0.693359 0.292437
0.697266 0.294071
0.701172 0.295704
0.705078 0.297336
0.708984 0.298969
0.712891 0.300601
0.716797 0.302232
0.720703 0.303864
0.724609 0.305494
0.728516 0.307125
0.732422 0.308755
0.736328 0.310384
0.740234 0.312013
0.744141 0.313641
0.748047 0.315268
0.751953 0.316895
0.755859 0.31852
0.759766 0.320145
0.763672 0.321768
0.767578 0.32339
0.771484 0.32501
0.775391 0.326629
0.779297 0.328246
0.783203 0.32986
0.787109 0.331471
0.791016 0.33308
0.794922 0.334684
0.798828 0.336284
0.802734 0.337879
0.806641 0.339468
0.810547 0.341051
0.814453 0.342625
0.818359 0.344189
0.822266 0.345742
0.826172 0.347282
0.830078 0.348807
0.833984 0.350313
0.837891 0.351799
0.841797 0.353259
0.845703 0.354689
0.849609 0.356085
0.853516 0.35744
0.857422 0.358747
0.861328 0.359998
0.865234 0.361182
0.869141 0.362289
0.873047 0.363304
0.876953 0.364211
0.880859 0.364992
0.884766 0.365626
0.888672 0.366085
0.892578 0.366341
0.896484 0.366358
0.900391 0.366097
0.904297 0.365511
0.908203 0.364545
0.912109 0.363139
0.916016 0.36122
0.919922 0.358709
0.923828 0.355513
0.927734 0.351531
0.931641 0.346647
0.935547 0.340738
0.939453 0.333666
0.943359 0.325286
0.947266 0.315447
0.951172 0.303996
0.955078 0.290782
0.958984 0.275665
0.962891 0.258524
0.966797 0.23927
0.970703 0.217853
0.974609 0.194278
0.978516 0.168612
0.982422 0.140995
0.986328 0.111642
0.990234 0.0808435
0.994141 0.0489575
0.998047 0.0163956
