0.00195312 0.000820955
0.00585938 0.00246287
0.00976562 0.00410477
0.0136719 0.00574668
0.0175781 0.00738858
0.0214844 0.00903048
0.0253906 0.0106724
0.0292969 0.0123142
0.0332031 0.0139561
0.0371094 0.015598
0.0410156 0.0172398
0.0449219 0.0188817
0.0488281 0.0205235
0.0527344 0.0221653
0.0566406 0.0238071
0.0605469 0.0254488
0.0644531 0.0270906
0.0683594 0.0287323
0.0722656 0.030374
0.0761719 0.0320157
0.0800781 0.0336573
0.0839844 0.035299
0.0878906 0.0369406
0.0917969 0.0385821
0.0957031 0.0402237
0.0996094 0.0418652
0.103516 0.0435067
0.107422 0.0451481
0.111328 0.0467895
0.115234 0.0484309
0.119141 0.0500722
0.123047 0.0517135
0.126953 0.0533548
0.130859 0.054996
0.134766 0.0566372
0.138672 0.0582783
0.142578 0.0599194
0.146484 0.0615604
0.150391 0.0632014
0.154297 0.0648424
0.158203 0.0664833
0.162109 0.0681241
0.166016 0.0697649
0.169922 0.0714056
0.173828 0.0730463
0.177734 0.0746869
0.181641 0.0763275
0.185547 0.077968
0.189453 0.0796084
0.193359 0.0812488
0.197266 0.0828891
0.201172 0.0845294
0.205078 0.0861696
0.208984 0.0878097
0.212891 0.0894497
0.216797 0.0910897
0.220703 0.0927296
0.224609 0.0943695
0.228516 0.0960092
0.232422 0.0976489
0.236328 0.0992885
0.240234 0.100928
0.244141 0.102568
0.248047 0.104207
0.251953 0.105846
0.255859 0.107485
0.259766 0.109125
0.263672 0.110764
0.267578 0.112403
0.271484 0.114041
0.275391 0.11568
0.279297 0.117319
0.283203 0.118958
0.287109 0.120596
0.291016 0.122234
0.294922 0.123873
0.298828 0.125511
0.302734 0.127149
0.306641 0.128787
0.310547 0.130425
0.314453 0.132063
0.318359 0.133701
0.322266 0.135338
0.326172 0.136976
0.330078 0.138613
0.333984 0.140251
0.337891 0.141888
0.341797 0.143525
0.345703 0.145162
0.349609 0.146799
0.353516 0.148435
0.357422 0.150072
0.361328 0.151709
0.365234 0.153345
0.369141 0.154981
0.373047 0.156618
0.376953 0.158254
0.380859 0.159889
0.384766 0.161525
0.388672 0.163161
0.392578 0.164797
0.396484 0.166432
0.400391 0.168067
0.404297 0.169702
0.408203 0.171337
0.412109 0.172972
0.416016 0.174607
0.419922 0.176242
0.423828 0.177876
0.427734 0.179511
0.431641 0.181145
0.435547 0.182779
0.439453 0.184413
0.443359 0.186047
0.447266 0.18768
0.451172 0.189314
0.455078 0.190947
0.458984 0.19258
0.462891 0.194213
0.466797 0.195846
0.470703 0.197479
0.474609 0.199112
0.478516 0.200744
0.482422 0.202376
0.486328 0.204008
0.490234 0.20564
0.494141 0.207272
0.498047 0.208904
0.501953 0.210535
0.505859 0.212167
0.509766 0.213798
0.513672 0.215429
0.517578 0.21706
0.521484 0.21869
0.525391 0.220321
0.529297 0.221951
0.533203 0.223581
0.537109 0.225211
0.541016 0.226841
0.544922 0.228471
0.548828 0.2301
0.552734 0.23173
0.556641 0.233359
0.560547 0.234988
0.564453 0.236616
0.568359 0.238245
0.572266 0.239873
0.576172 0.241501
0.580078 0.243129
0.583984 0.244757
0.587891 0.246385
0.591797 0.248012
0.595703 0.24964
0.599609 0.251267
0.603516 0.252893
0.607422 0.25452
0.611328 0.256146
0.615234 0.257773
0.619141 0.259399
0.623047 0.261025
0.626953 0.26265
0.630859 0.264276
0.634766 0.265901
0.638672 0.267526
0.642578 0.269151
0.646484 0.270775
0.650391 0.2724
0.654297 0.274024
0.658203 0.275648
0.662109 0.277271
0.666016 0.278895
0.669922 0.280518
0.673828 0.282141
0.677734 0.283764
0.681641 0.285386
0.685547 0.287008
0.689453 0.28863
0.693359 0.290252
0.697266 0.291873
0.701172 0.293494
0.705078 0.295115
0.708984 0.296735
0.712891 0.298356
0.716797 0.299975
0.720703 0.301595
0.724609 0.303213
0.728516 0.304832
0.732422 0.30645
0.736328 0.308067
0.740234 0.309684
0.744141 0.3113
0.748047 0.312915
0.751953 0.31453
0.755859 0.316143
0.759766 0.317756
0.763672 0.319367
0.767578 0.320977
0.771484 0.322585
0.775391 0.324191
0.779297 0.325795
0.783203 0.327397
0.787109 0.328996
0.791016 0.330591
0.794922 0.332183
0.798828 0.33377
0.802734 0.335352
0.806641 0.336927
0.810547 0.338496
0.814453 0.340056
0.818359 0.341606
0.822266 0.343145
0.826172 0.34467
0.830078 0.346179
0.833984 0.347669
0.837891 0.349137
0.841797 0.35058
0.845703 0.351992
0.849609 0.353369
0.853516 0.354704
0.857422 0.35599
0.861328 0.357218
0.865234 0.358379
0.869141 0.35946
0.873047 0.360449
0.876953 0.361328
0.880859 0.362078
0.884766 0.362679
0.888672 0.363103
0.892578 0.363322
0.896484 0.363301
0.900391 0.362998
0.904297 0.362368
0.908203 0.361357
0.912109 0.359903
0.916016 0.357936
0.919922 0.355376
0.923828 0.352132
0.927734 0.348103
0.931641 0.343177
0.935547 0.337231
0.939453 0.33013
0.943359 0.321735
0.947266 0.311896
0.951172 0.300466
0.955078 0.287298
0.958984 0.272258
0.962891 0.255231
0.966797 0.236132
0.970703 0.214916
0.974609 0.191591
0.978516 0.166226
0.982422 0.13896
0.986328 0.110004
0.990234 0.0796421
0.994141 0.0482236
0.998047 0.0161488
