0.00195312 0.000801748
0.00585938 0.00240524
0.00976562 0.00400874
0.0136719 0.00561223
0.0175781 0.00721571
0.0214844 0.00881919
0.0253906 0.0104227
0.0292969 0.0120261
0.0332031 0.0136296
0.0371094 0.015233
0.0410156 0.0168365
0.0449219 0.0184399
0.0488281 0.0200433
0.0527344 0.0216467
0.0566406 0.0232501
0.0605469 0.0248535
0.0644531 0.0264568
0.0683594 0.0280601
0.0722656 0.0296634
0.0761719 0.0312667
0.0800781 0.03287
0.0839844 0.0344732
0.0878906 0.0360764
0.0917969 0.0376796
0.0957031 0.0392828
0.0996094 0.0408859
0.103516 0.042489
0.107422 0.0440921
0.111328 0.0456951
0.115234 0.0472982
0.119141 0.0489011
0.123047 0.0505041
0.126953 0.052107
0.130859 0.0537098
0.134766 0.0553127
0.138672 0.0569154
0.142578 0.0585182
0.146484 0.0601209
0.150391 0.0617235
0.154297 0.0633262
0.158203 0.0649287
0.162109 0.0665312
0.166016 0.0681337
0.169922 0.0697361
0.173828 0.0713385
0.177734 0.0729408
0.181641 0.0745431
0.185547 0.0761453
0.189453 0.0777475
0.193359 0.0793496
0.197266 0.0809516
0.201172 0.0825536
0.205078 0.0841555
0.208984 0.0857574
0.212891 0.0873592
0.216797 0.0889609
0.220703 0.0905626
0.224609 0.0921642
0.228516 0.0937658
0.232422 0.0953672
0.236328 0.0969687
0.240234 0.09857
0.244141 0.100171
0.248047 0.101772
0.251953 0.103374
0.255859 0.104975
0.259766 0.106576
0.263672 0.108176
0.267578 0.109777
0.271484 0.111378
0.275391 0.112979
0.279297 0.114579
0.283203 0.11618
0.287109 0.11778
0.291016 0.11938
0.294922 0.120981
0.298828 0.122581
0.302734 0.124181
0.306641 0.125781
0.310547 0.127381
0.314453 0.128981
0.318359 0.13058
0.322266 0.13218
0.326172 0.133779
0.330078 0.135379
0.333984 0.136978
0.337891 0.138577
0.341797 0.140176
0.345703 0.141775
0.349609 0.143374
0.353516 0.144973
0.357422 0.146572
0.361328 0.14817
0.365234 0.149769
0.369141 0.151367
0.373047 0.152966
0.376953 0.154564
0.380859 0.156162
0.384766 0.15776
0.388672 0.159357
0.392578 0.160955
0.396484 0.162553
0.400391 0.16415
0.404297 0.165748
0.408203 0.167345
0.412109 0.168942
0.416016 0.170539
0.419922 0.172136
0.423828 0.173733
0.427734 0.175329
0.431641 0.176926
0.435547 0.178522
0.439453 0.180118
0.443359 0.181714
0.447266 0.18331
0.451172 0.184906
0.455078 0.186502
0.458984 0.188097
0.462891 0.189693
0.466797 0.191288
0.470703 0.192883
0.474609 0.194478
0.478516 0.196073
0.482422 0.197668
0.486328 0.199263
0.490234 0.200857
0.494141 0.202451
0.498047 0.204046
0.501953 0.20564
0.505859 0.207233
0.509766 0.208827
0.513672 0.210421
0.517578 0.212014
0.521484 0.213607
0.525391 0.215201
0.529297 0.216793
0.533203 0.218386
0.537109 0.219979
0.541016 0.221571
0.544922 0.223164
0.548828 0.224756
0.552734 0.226348
0.556641 0.22794
0.560547 0.229531
0.564453 0.231123
0.568359 0.232714
0.572266 0.234305
0.576172 0.235896
0.580078 0.237487
0.583984 0.239078
0.587891 0.240668
0.591797 0.242259
0.595703 0.243849
0.599609 0.245439
0.603516 0.247028
0.607422 0.248618
0.611328 0.250207
0.615234 0.251797
0.619141 0.253386
0.623047 0.254975
0.626953 0.256563
0.630859 0.258152
0.634766 0.25974
0.638672 0.261328
0.642578 0.262916
0.646484 0.264504
0.650391 0.266091
0.654297 0.267678
0.658203 0.269266
0.662109 0.270852
0.666016 0.272439
0.669922 0.274025
0.673828 0.275612
0.677734 0.277198
0.681641 0.278783
0.685547 0.280369
0.689453 0.281954
0.693359 0.283539
0.697266 0.285123
0.701172 0.286708
0.705078 0.288292
0.708984 0.289876
0.712891 0.291459
0.716797 0.293042
0.720703 0.294624
0.724609 0.296207
0.728516 0.297788
0.732422 0.299369
0.736328 0.30095
0.740234 0.302529
0.744141 0.304109
0.748047 0.305687
0.751953 0.307264
0.755859 0.30884
0.759766 0.310415
0.763672 0.311989
0.767578 0.313561
0.771484 0.315131
0.775391 0.316699
0.779297 0.318265
0.783203 0.319828
0.787109 0.321388
0.791016 0.322944
0.794922 0.324496
0.798828 0.326042
0.802734 0.327583
0.806641 0.329117
0.810547 0.330642
0.814453 0.332159
0.818359 0.333664
0.822266 0.335157
0.826172 0.336634
0.830078 0.338095
0.833984 0.339534
0.837891 0.34095
0.841797 0.342338
0.845703 0.343693
0.849609 0.34501
0.853516 0.346281
0.857422 0.347501
0.861328 0.348658
0.865234 0.349744
0.869141 0.350746
0.873047 0.35165
0.876953 0.352439
0.880859 0.353094
0.884766 0.353593
0.888672 0.353909
0.892578 0.354012
0.896484 0.353868
0.900391 0.353437
0.904297 0.352672
0.908203 0.35152
0.912109 0.349921
0.916016 0.347805
0.919922 0.345097
0.923828 0.341707
0.927734 0.33754
0.931641 0.332488
0.935547 0.326436
0.939453 0.319259
0.943359 0.310824
0.947266 0.300997
0.951172 0.289643
0.955078 0.27663
0.958984 0.261839
0.962891 0.245173
0.966797 0.226561
0.970703 0.205971
0.974609 0.18342
0.978516 0.158979
0.982422 0.132785
0.986328 0.105038
0.990234 0.0760031
0.994141 0.046002
0.998047 0.0154017
