0.00195312 0.000799778
0.00585938 0.00239933
0.00976562 0.00399889
0.0136719 0.00559844
0.0175781 0.00719799
0.0214844 0.00879753
0.0253906 0.0103971
0.0292969 0.0119966
0.0332031 0.0135961
0.0371094 0.0151956
0.0410156 0.0167951
0.0449219 0.0183946
0.0488281 0.0199941
0.0527344 0.0215935
0.0566406 0.023193
0.0605469 0.0247924
0.0644531 0.0263918
0.0683594 0.0279912
0.0722656 0.0295906
0.0761719 0.0311899
0.0800781 0.0327893
0.0839844 0.0343886
0.0878906 0.0359878
0.0917969 0.0375871
0.0957031 0.0391863
0.0996094 0.0407855
0.103516 0.0423847
0.107422 0.0439838
0.111328 0.0455829
0.115234 0.047182
0.119141 0.048781
0.123047 0.05038
0.126953 0.051979
0.130859 0.0535779
0.134766 0.0551768
0.138672 0.0567757
0.142578 0.0583745
0.146484 0.0599733
0.150391 0.061572
0.154297 0.0631707
0.158203 0.0647693
0.162109 0.0663679
0.166016 0.0679664
0.169922 0.0695649
0.173828 0.0711634
0.177734 0.0727618
0.181641 0.0743601
0.185547 0.0759584
0.189453 0.0775566
0.193359 0.0791548
0.197266 0.0807529
0.201172 0.082351
0.205078 0.083949
0.208984 0.0855469
0.212891 0.0871448
0.216797 0.0887426
0.220703 0.0903404
0.224609 0.0919381
0.228516 0.0935357
0.232422 0.0951333
0.236328 0.0967307
0.240234 0.0983282
0.244141 0.0999255
0.248047 0.101523
0.251953 0.10312
0.255859 0.104717
0.259766 0.106314
0.263672 0.107911
0.267578 0.109508
0.271484 0.111105
0.275391 0.112702
0.279297 0.114298
0.283203 0.115895
0.287109 0.117491
0.291016 0.119088
0.294922 0.120684
0.298828 0.12228
0.302734 0.123876
0.306641 0.125473
0.310547 0.127069
0.314453 0.128664
0.318359 0.13026
0.322266 0.131856
0.326172 0.133452
0.330078 0.135047
0.333984 0.136642
0.337891 0.138238
0.341797 0.139833
0.345703 0.141428
0.349609 0.143023
0.353516 0.144618
0.357422 0.146213
0.361328 0.147807
0.365234 0.149402
0.369141 0.150997
0.373047 0.152591
0.376953 0.154185
0.380859 0.155779
0.384766 0.157373
0.388672 0.158967
0.392578 0.160561
0.396484 0.162155
0.400391 0.163748
0.404297 0.165342
0.408203 0.166935
0.412109 0.168529
0.416016 0.170122
0.419922 0.171715
0.423828 0.173308
0.427734 0.1749
0.431641 0.176493
0.435547 0.178085
0.439453 0.179678
0.443359 0.18127
0.447266 0.182862
0.451172 0.184454
0.455078 0.186046
0.458984 0.187638
0.462891 0.189229
0.466797 0.190821
0.470703 0.192412
0.474609 0.194003
0.478516 0.195594
0.482422 0.197185
0.486328 0.198776
0.490234 0.200366
0.494141 0.201957
0.498047 0.203547
0.501953 0.205137
0.505859 0.206727
0.509766 0.208317
0.513672 0.209907
0.517578 0.211497
0.521484 0.213086
0.525391 0.214675
0.529297 0.216264
0.533203 0.217853
0.537109 0.219442
0.541016 0.221031
0.544922 0.222619
0.548828 0.224208
0.552734 0.225796
0.556641 0.227384
0.560547 0.228972
0.564453 0.230559
0.568359 0.232147
0.572266 0.233734
0.576172 0.235321
0.580078 0.236908
0.583984 0.238495
0.587891 0.240082
0.591797 0.241668
0.595703 0.243255
0.599609 0.244841
0.603516 0.246427
0.607422 0.248013
0.611328 0.249598
0.615234 0.251184
0.619141 0.252769
0.623047 0.254354
0.626953 0.255939
0.630859 0.257523
0.634766 0.259108
0.638672 0.260692
0.642578 0.262276
0.646484 0.26386
0.650391 0.265444
0.654297 0.267027
0.658203 0.268611
0.662109 0.270194
0.666016 0.271777
0.669922 0.273359
0.673828 0.274942
0.677734 0.276524
0.681641 0.278106
0.685547 0.279687
0.689453 0.281269
0.693359 0.28285
0.697266 0.284431
0.701172 0.286011
0.705078 0.287592
0.708984 0.289172
0.712891 0.290751
0.716797 0.29233
0.720703 0.293909
0.724609 0.295487
0.728516 0.297065
0.732422 0.298643
0.736328 0.300219
0.740234 0.301795
0.744141 0.303371
0.748047 0.304945
0.751953 0.306518
0.755859 0.308091
0.759766 0.309662
0.763672 0.311232
0.767578 0.3128
0.771484 0.314366
0.775391 0.315931
0.779297 0.317492
0.783203 0.319051
0.787109 0.320607
0.791016 0.322159
0.794922 0.323706
0.798828 0.325249
0.802734 0.326785
0.806641 0.328314
0.810547 0.329836
0.814453 0.331348
0.818359 0.332848
0.822266 0.334336
0.826172 0.335809
0.830078 0.337264
0.833984 0.338699
0.837891 0.340109
0.841797 0.341491
0.845703 0.34284
0.849609 0.34415
0.853516 0.345415
0.857422 0.346628
0.861328 0.347778
0.865234 0.348856
0.869141 0.34985
0.873047 0.350745
0.876953 0.351524
0.880859 0.352169
0.884766 0.352657
0.888672 0.352962
0.892578 0.353053
0.896484 0.352897
0.900391 0.352452
0.904297 0.351673
0.908203 0.350507
0.912109 0.348893
0.916016 0.346762
0.919922 0.344038
0.923828 0.340634
0.927734 0.336453
0.931641 0.331389
0.935547 0.325327
0.939453 0.318142
0.943359 0.309704
0.947266 0.29988
0.951172 0.288534
0.955078 0.275538
0.958984 0.260775
0.962891 0.244147
0.966797 0.225585
0.970703 0.20506
0.974609 0.182588
0.978516 0.158242
0.982422 0.132158
0.986328 0.104534
0.990234 0.0756341
0.994141 0.0457768
0.998047 0.015326
