0.00195312 0.000791995
0.00585938 0.00237599
0.00976562 0.00395997
0.0136719 0.00554396
0.0175781 0.00712794
0.0214844 0.00871192
0.0253906 0.0102959
0.0292969 0.0118799
0.0332031 0.0134638
0.0371094 0.0150478
0.0410156 0.0166317
0.0449219 0.0182156
0.0488281 0.0197995
0.0527344 0.0213834
0.0566406 0.0229673
0.0605469 0.0245512
0.0644531 0.026135
0.0683594 0.0277189
0.0722656 0.0293027
0.0761719 0.0308865
0.0800781 0.0324702
0.0839844 0.034054
0.0878906 0.0356377
0.0917969 0.0372214
0.0957031 0.0388051
0.0996094 0.0403887
0.103516 0.0419723
0.107422 0.0435559
0.111328 0.0451395
0.115234 0.046723
0.119141 0.0483065
0.123047 0.0498899
0.126953 0.0514734
0.130859 0.0530568
0.134766 0.0546401
0.138672 0.0562234
0.142578 0.0578067
0.146484 0.0593899
0.150391 0.0609731
0.154297 0.0625563
0.158203 0.0641394
0.162109 0.0657224
0.166016 0.0673055
0.169922 0.0688884
0.173828 0.0704714
0.177734 0.0720542
0.181641 0.073637
0.185547 0.0752198
0.189453 0.0768025
0.193359 0.0783852
0.197266 0.0799678
0.201172 0.0815504
0.205078 0.0831329
0.208984 0.0847153
0.212891 0.0862977
0.216797 0.08788
0.220703 0.0894623
0.224609 0.0910444
0.228516 0.0926266
0.232422 0.0942086
0.236328 0.0957906
0.240234 0.0973726
0.244141 0.0989545
0.248047 0.100536
0.251953 0.102118
0.255859 0.1037
0.259766 0.105281
0.263672 0.106863
0.267578 0.108444
0.271484 0.110026
0.275391 0.111607
0.279297 0.113188
0.283203 0.114769
0.287109 0.11635
0.291016 0.117931
0.294922 0.119512
0.298828 0.121093
0.302734 0.122674
0.306641 0.124254
0.310547 0.125835
0.314453 0.127415
0.318359 0.128996
0.322266 0.130576
0.326172 0.132156
0.330078 0.133736
0.333984 0.135316
0.337891 0.136896
0.341797 0.138476
0.345703 0.140056
0.349609 0.141635
0.353516 0.143215
0.357422 0.144794
0.361328 0.146373
0.365234 0.147953
0.369141 0.149532
0.373047 0.151111
0.376953 0.15269
0.380859 0.154269
0.384766 0.155847
0.388672 0.157426
0.392578 0.159004
0.396484 0.160583
0.400391 0.162161
0.404297 0.163739
0.408203 0.165317
0.412109 0.166895
0.416016 0.168473
0.419922 0.17005
0.423828 0.171628
0.427734 0.173205
0.431641 0.174783
0.435547 0.17636
0.439453 0.177937
0.443359 0.179514
0.447266 0.181091
0.451172 0.182668
0.455078 0.184244
0.458984 0.185821
0.462891 0.187397
0.466797 0.188973
0.470703 0.190549
0.474609 0.192125
0.478516 0.193701
0.482422 0.195276
0.486328 0.196852
0.490234 0.198427
0.494141 0.200003
0.498047 0.201578
0.501953 0.203153
0.505859 0.204727
0.509766 0.206302
0.513672 0.207877
0.517578 0.209451
0.521484 0.211025
0.525391 0.212599
0.529297 0.214173
0.533203 0.215747
0.537109 0.217321
0.541016 0.218894
0.544922 0.220468
0.548828 0.222041
0.552734 0.223614
0.556641 0.225187
0.560547 0.22676
0.564453 0.228332
0.568359 0.229904
0.572266 0.231477
0.576172 0.233049
0.580078 0.234621
0.583984 0.236192
0.587891 0.237764
0.591797 0.239336
0.595703 0.240907
0.599609 0.242478
0.603516 0.244049
0.607422 0.24562
0.611328 0.24719
0.615234 0.24876
0.619141 0.250331
0.623047 0.251901
0.626953 0.253471
0.630859 0.25504
0.634766 0.25661
0.638672 0.258179
0.642578 0.259748
0.646484 0.261317
0.650391 0.262886
0.654297 0.264454
0.658203 0.266023
0.662109 0.267591
0.666016 0.269159
0.669922 0.270726
0.673828 0.272294
0.677734 0.273861
0.681641 0.275428
0.685547 0.276995
0.689453 0.278561
0.693359 0.280127
0.697266 0.281693
0.701172 0.283259
0.705078 0.284824
0.708984 0.286389
0.712891 0.287954
0.716797 0.289518
0.720703 0.291082
0.724609 0.292645
0.728516 0.294208
0.732422 0.295771
0.736328 0.297332
0.740234 0.298893
0.744141 0.300453
0.748047 0.302013
0.751953 0.303571
0.755859 0.305128
0.759766 0.306684
0.763672 0.308238
0.767578 0.309791
0.771484 0.311342
0.775391 0.312891
0.779297 0.314437
0.783203 0.31598
0.787109 0.317519
0.791016 0.319055
0.794922 0.320586
0.798828 0.322112
0.802734 0.323631
0.806641 0.325143
0.810547 0.326647
0.814453 0.328141
0.818359 0.329623
0.822266 0.331092
0.826172 0.332545
0.830078 0.333979
0.833984 0.335393
0.837891 0.336781
0.841797 0.33814
0.845703 0.339465
0.849609 0.340751
0.853516 0.341989
0.857422 0.343174
0.861328 0.344295
0.865234 0.345341
0.869141 0.346302
0.873047 0.347161
0.876953 0.347904
0.880859 0.348509
0.884766 0.348954
0.888672 0.349214
0.892578 0.349258
0.896484 0.349051
0.900391 0.348553
0.904297 0.347719
0.908203 0.346495
0.912109 0.344822
0.916016 0.342632
0.919922 0.339849
0.923828 0.336388
0.927734 0.332153
0.931641 0.327041
0.935547 0.320939
0.939453 0.313727
0.943359 0.305279
0.947266 0.295465
0.951172 0.284156
0.955078 0.271229
0.958984 0.256573
0.962891 0.240098
0.966797 0.221739
0.970703 0.201472
0.974609 0.179315
0.978516 0.155344
0.982422 0.129691
0.986328 0.102553
0.990234 0.0741836
0.994141 0.0448919
0.998047 0.0150285
