0.00195312 0.000767716
0.00585938 0.00230315
0.00976562 0.00383858
0.0136719 0.005374
0.0175781 0.00690943
0.0214844 0.00844485
0.0253906 0.00998026
0.0292969 0.0115157
0.0332031 0.0130511
0.0371094 0.0145865
0.0410156 0.0161218
0.0449219 0.0176572
0.0488281 0.0191926
0.0527344 0.0207279
0.0566406 0.0222633
0.0605469 0.0237986
0.0644531 0.0253339
0.0683594 0.0268692
0.0722656 0.0284045
0.0761719 0.0299397
0.0800781 0.0314749
0.0839844 0.0330102
0.0878906 0.0345454
0.0917969 0.0360805
0.0957031 0.0376157
0.0996094 0.0391508
0.103516 0.0406859
0.107422 0.042221
0.111328 0.043756
0.115234 0.0452911
0.119141 0.046826
0.123047 0.048361
0.126953 0.0498959
0.130859 0.0514308
0.134766 0.0529657
0.138672 0.0545005
0.142578 0.0560353
0.146484 0.0575701
0.150391 0.0591048
0.154297 0.0606395
0.158203 0.0621742
0.162109 0.0637088
0.166016 0.0652434
0.169922 0.0667779
0.173828 0.0683124
0.177734 0.0698468
0.181641 0.0713812
0.185547 0.0729156
0.189453 0.0744499
0.193359 0.0759841
0.197266 0.0775183
0.201172 0.0790525
0.205078 0.0805866
0.208984 0.0821207
0.212891 0.0836547
0.216797 0.0851886
0.220703 0.0867225
0.224609 0.0882564
0.228516 0.0897902
0.232422 0.0913239
0.236328 0.0928576
0.240234 0.0943912
0.244141 0.0959248
0.248047 0.0974583
0.251953 0.0989917
0.255859 0.100525
0.259766 0.102058
0.263672 0.103592
0.267578 0.105125
0.271484 0.106658
0.275391 0.108191
0.279297 0.109724
0.283203 0.111257
0.287109 0.11279
0.291016 0.114322
0.294922 0.115855
0.298828 0.117388
0.302734 0.11892
0.306641 0.120453
0.310547 0.121985
0.314453 0.123517
0.318359 0.12505
0.322266 0.126582
0.326172 0.128114
0.330078 0.129646
0.333984 0.131178
0.337891 0.13271
0.341797 0.134241
0.345703 0.135773
0.349609 0.137305
0.353516 0.138836
0.357422 0.140367
0.361328 0.141899
0.365234 0.14343
0.369141 0.144961
0.373047 0.146492
0.376953 0.148023
0.380859 0.149554
0.384766 0.151085
0.388672 0.152615
0.392578 0.154146
0.396484 0.155676
0.400391 0.157207
0.404297 0.158737
0.408203 0.160267
0.412109 0.161797
0.416016 0.163327
0.419922 0.164857
0.423828 0.166387
0.427734 0.167916
0.431641 0.169446
0.435547 0.170975
0.439453 0.172505
0.443359 0.174034
0.447266 0.175563
0.451172 0.177092
0.455078 0.178621
0.458984 0.18015
0.462891 0.181678
0.466797 0.183207
0.470703 0.184735
0.474609 0.186264
0.478516 0.187792
0.482422 0.18932
0.486328 0.190848
0.490234 0.192376
0.494141 0.193903
0.498047 0.195431
0.501953 0.196958
0.505859 0.198486
0.509766 0.200013
0.513672 0.20154
0.517578 0.203067
0.521484 0.204594
0.525391 0.20612
0.529297 0.207647
0.533203 0.209173
0.537109 0.2107
0.541016 0.212226
0.544922 0.213752
0.548828 0.215278
0.552734 0.216803
0.556641 0.218329
0.560547 0.219855
0.564453 0.22138
0.568359 0.222905
0.572266 0.22443
0.576172 0.225955
0.580078 0.22748
0.583984 0.229004
0.587891 0.230529
0.591797 0.232053
0.595703 0.233577
0.599609 0.235101
0.603516 0.236625
0.607422 0.238149
0.611328 0.239673
0.615234 0.241196
0.619141 0.242719
0.623047 0.244242
0.626953 0.245765
0.630859 0.247288
0.634766 0.248811
0.638672 0.250333
0.642578 0.251855
0.646484 0.253377
0.650391 0.254899
0.654297 0.256421
0.658203 0.257942
0.662109 0.259464
0.666016 0.260985
0.669922 0.262506
0.673828 0.264026
0.677734 0.265547
0.681641 0.267067
0.685547 0.268587
0.689453 0.270107
0.693359 0.271626
0.697266 0.273146
0.701172 0.274665
0.705078 0.276183
0.708984 0.277701
0.712891 0.279219
0.716797 0.280737
0.720703 0.282254
0.724609 0.28377
0.728516 0.285286
0.732422 0.286801
0.736328 0.288316
0.740234 0.289829
0.744141 0.291342
0.748047 0.292854
0.751953 0.294365
0.755859 0.295874
0.759766 0.297382
0.763672 0.298888
0.767578 0.300392
0.771484 0.301894
0.775391 0.303393
0.779297 0.304889
0.783203 0.306382
0.787109 0.307871
0.791016 0.309355
0.794922 0.310834
0.798828 0.312307
0.802734 0.313772
0.806641 0.315229
0.810547 0.316676
0.814453 0.318112
0.818359 0.319535
0.822266 0.320943
0.826172 0.322333
0.830078 0.323702
0.833984 0.325048
0.837891 0.326365
0.841797 0.327651
0.845703 0.328899
0.849609 0.330103
0.853516 0.331256
0.857422 0.33235
0.861328 0.333376
0.865234 0.334322
0.869141 0.335175
0.873047 0.335922
0.876953 0.336543
0.880859 0.33702
0.884766 0.33733
0.888672 0.337447
0.892578 0.337339
0.896484 0.336973
0.900391 0.336308
0.904297 0.3353
0.908203 0.333897
0.912109 0.332042
0.916016 0.329669
0.919922 0.326705
0.923828 0.32307
0.927734 0.318674
0.931641 0.313423
0.935547 0.307211
0.939453 0.299929
0.943359 0.291465
0.947266 0.281702
0.951172 0.270529
0.955078 0.25784
0.958984 0.243541
0.962891 0.227561
0.966797 0.20985
0.970703 0.190398
0.974609 0.169232
0.978516 0.146429
0.982422 0.122116
0.986328 0.0964751
0.990234 0.0697378
0.994141 0.042181
0.998047 0.0141175
