0.00195312 0.00075263
0.00585938 0.00225789
0.00976562 0.00376315
0.0136719 0.0052684
0.0175781 0.00677366
0.0214844 0.00827891
0.0253906 0.00978415
0.0292969 0.0112894
0.0332031 0.0127946
0.0371094 0.0142998
0.0410156 0.0158051
0.0449219 0.0173103
0.0488281 0.0188155
0.0527344 0.0203206
0.0566406 0.0218258
0.0605469 0.023331
0.0644531 0.0248361
0.0683594 0.0263412
0.0722656 0.0278464
0.0761719 0.0293515
0.0800781 0.0308565
0.0839844 0.0323616
0.0878906 0.0338666
0.0917969 0.0353717
0.0957031 0.0368767
0.0996094 0.0383816
0.103516 0.0398866
0.107422 0.0413915
0.111328 0.0428964
0.115234 0.0444013
0.119141 0.0459062
0.123047 0.047411
0.126953 0.0489158
0.130859 0.0504206
0.134766 0.0519253
0.138672 0.05343
0.142578 0.0549347
0.146484 0.0564393
0.150391 0.0579439
0.154297 0.0594485
0.158203 0.0609531
0.162109 0.0624576
0.166016 0.063962
0.169922 0.0654664
0.173828 0.0669708
0.177734 0.0684752
0.181641 0.0699795
0.185547 0.0714837
0.189453 0.072988
0.193359 0.0744921
0.197266 0.0759963
0.201172 0.0775004
0.205078 0.0790044
0.208984 0.0805084
0.212891 0.0820123
0.216797 0.0835162
0.220703 0.0850201
0.224609 0.0865239
0.228516 0.0880276
0.232422 0.0895313
0.236328 0.091035
0.240234 0.0925385
0.244141 0.0940421
0.248047 0.0955455
0.251953 0.097049
0.255859 0.0985523
0.259766 0.100056
0.263672 0.101559
0.267578 0.103062
0.271484 0.104565
0.275391 0.106068
0.279297 0.107571
0.283203 0.109074
0.287109 0.110577
0.291016 0.11208
0.294922 0.113582
0.298828 0.115085
0.302734 0.116588
0.306641 0.11809
0.310547 0.119593
0.314453 0.121095
0.318359 0.122597
0.322266 0.1241
0.326172 0.125602
0.330078 0.127104
0.333984 0.128606
0.337891 0.130108
0.341797 0.13161
0.345703 0.133111
0.349609 0.134613
0.353516 0.136115
0.357422 0.137616
0.361328 0.139118
0.365234 0.140619
0.369141 0.14212
0.373047 0.143622
0.376953 0.145123
0.380859 0.146624
0.384766 0.148125
0.388672 0.149625
0.392578 0.151126
0.396484 0.152627
0.400391 0.154127
0.404297 0.155628
0.408203 0.157128
0.412109 0.158629
0.416016 0.160129
0.419922 0.161629
0.423828 0.163129
0.427734 0.164629
0.431641 0.166129
0.435547 0.167628
0.439453 0.169128
0.443359 0.170628
0.447266 0.172127
0.451172 0.173626
0.455078 0.175125
0.458984 0.176625
0.462891 0.178124
0.466797 0.179622
0.470703 0.181121
0.474609 0.18262
0.478516 0.184118
0.482422 0.185617
0.486328 0.187115
0.490234 0.188613
0.494141 0.190112
0.498047 0.19161
0.501953 0.193107
0.505859 0.194605
0.509766 0.196103
0.513672 0.1976
0.517578 0.199098
0.521484 0.200595
0.525391 0.202092
0.529297 0.203589
0.533203 0.205086
0.537109 0.206583
0.541016 0.20808
0.544922 0.209576
0.548828 0.211073
0.552734 0.212569
0.556641 0.214065
0.560547 0.215561
0.564453 0.217057
0.568359 0.218553
0.572266 0.220049
0.576172 0.221544
0.580078 0.22304
0.583984 0.224535
0.587891 0.22603
0.591797 0.227525
0.595703 0.22902
0.599609 0.230515
0.603516 0.232009
0.607422 0.233504
0.611328 0.234998
0.615234 0.236492
0.619141 0.237986
0.623047 0.23948
0.626953 0.240974
0.630859 0.242467
0.634766 0.24396
0.638672 0.245454
0.642578 0.246947
0.646484 0.24844
0.650391 0.249932
0.654297 0.251425
0.658203 0.252917
0.662109 0.254409
0.666016 0.255901
0.669922 0.257393
0.673828 0.258885
0.677734 0.260376
0.681641 0.261867
0.685547 0.263358
0.689453 0.264849
0.693359 0.266339
0.697266 0.267829
0.701172 0.269319
0.705078 0.270808
0.708984 0.272297
0.712891 0.273786
0.716797 0.275274
0.720703 0.276761
0.724609 0.278248
0.728516 0.279735
0.732422 0.281221
0.736328 0.282706
0.740234 0.28419
0.744141 0.285673
0.748047 0.287155
0.751953 0.288636
0.755859 0.290115
0.759766 0.291593
0.763672 0.293068
0.767578 0.294542
0.771484 0.296013
0.775391 0.297481
0.779297 0.298946
0.783203 0.300407
0.787109 0.301864
0.791016 0.303315
0.794922 0.304761
0.798828 0.306199
0.802734 0.30763
0.806641 0.309052
0.810547 0.310463
0.814453 0.311862
0.818359 0.313247
0.822266 0.314616
0.826172 0.315965
0.830078 0.317292
0.833984 0.318594
0.837891 0.319866
0.841797 0.321104
0.845703 0.322301
0.849609 0.323453
0.853516 0.324551
0.857422 0.325587
0.861328 0.326551
0.865234 0.327432
0.869141 0.328216
0.873047 0.328889
0.876953 0.329433
0.880859 0.329828
0.884766 0.330052
0.888672 0.330076
0.892578 0.329872
0.896484 0.329406
0.900391 0.328636
0.904297 0.32752
0.908203 0.326006
0.912109 0.324039
0.916016 0.321554
0.919922 0.318481
0.923828 0.314743
0.927734 0.310255
0.931641 0.304925
0.935547 0.298655
0.939453 0.291342
0.943359 0.282881
0.947266 0.273165
0.951172 0.262092
0.955078 0.249567
0.958984 0.235506
0.962891 0.219847
0.966797 0.202552
0.970703 0.183614
0.974609 0.163068
0.978516 0.140989
0.982422 0.117502
0.986328 0.0927781
0.990234 0.0670364
0.994141 0.0405352
0.998047 0.0135646
