0.00195312 0.000719371
0.00585938 0.00215811
0.00976562 0.00359685
0.0136719 0.00503559
0.0175781 0.00647432
0.0214844 0.00791305
0.0253906 0.00935178
0.0292969 0.0107905
0.0332031 0.0122292
0.0371094 0.0136679
0.0410156 0.0151066
0.0449219 0.0165453
0.0488281 0.017984
0.0527344 0.0194227
0.0566406 0.0208614
0.0605469 0.0223
0.0644531 0.0237387
0.0683594 0.0251773
0.0722656 0.0266159
0.0761719 0.0280545
0.0800781 0.0294931
0.0839844 0.0309317
0.0878906 0.0323702
0.0917969 0.0338088
0.0957031 0.0352473
0.0996094 0.0366858
0.103516 0.0381243
0.107422 0.0395628
0.111328 0.0410012
0.115234 0.0424396
0.119141 0.043878
0.123047 0.0453164
0.126953 0.0467548
0.130859 0.0481931
0.134766 0.0496314
0.138672 0.0510697
0.142578 0.0525079
0.146484 0.0539462
0.150391 0.0553844
0.154297 0.0568225
0.158203 0.0582607
0.162109 0.0596988
0.166016 0.0611369
0.169922 0.0625749
0.173828 0.0640129
0.177734 0.0654509
0.181641 0.0668888
0.185547 0.0683267
0.189453 0.0697646
0.193359 0.0712025
0.197266 0.0726403
0.201172 0.074078
0.205078 0.0755157
0.208984 0.0769534
0.212891 0.0783911
0.216797 0.0798287
0.220703 0.0812662
0.224609 0.0827038
0.228516 0.0841412
0.232422 0.0855787
0.236328 0.087016
0.240234 0.0884534
0.244141 0.0898907
0.248047 0.0913279
0.251953 0.0927651
0.255859 0.0942023
0.259766 0.0956394
0.263672 0.0970764
0.267578 0.0985134
0.271484 0.0999504
0.275391 0.101387
0.279297 0.102824
0.283203 0.104261
0.287109 0.105698
0.291016 0.107134
0.294922 0.108571
0.298828 0.110008
0.302734 0.111444
0.306641 0.11288
0.310547 0.114317
0.314453 0.115753
0.318359 0.117189
0.322266 0.118626
0.326172 0.120062
0.330078 0.121498
0.333984 0.122934
0.337891 0.12437
0.341797 0.125806
0.345703 0.127242
0.349609 0.128677
0.353516 0.130113
0.357422 0.131549
0.361328 0.132984
0.365234 0.13442
0.369141 0.135855
0.373047 0.137291
0.376953 0.138726
0.380859 0.140161
0.384766 0.141596
0.388672 0.143031
0.392578 0.144466
0.396484 0.145901
0.400391 0.147336
0.404297 0.148771
0.408203 0.150205
0.412109 0.15164
0.416016 0.153074
0.419922 0.154509
0.423828 0.155943
0.427734 0.157378
0.431641 0.158812
0.435547 0.160246
0.439453 0.16168
0.443359 0.163114
0.447266 0.164548
0.451172 0.165981
0.455078 0.167415
0.458984 0.168849
0.462891 0.170282
0.466797 0.171716
0.470703 0.173149
0.474609 0.174582
0.478516 0.176015
0.482422 0.177448
0.486328 0.178881
0.490234 0.180314
0.494141 0.181747
0.498047 0.18318
0.501953 0.184612
0.505859 0.186045
0.509766 0.187477
0.513672 0.188909
0.517578 0.190342
0.521484 0.191774
0.525391 0.193206
0.529297 0.194638
0.533203 0.196069
0.537109 0.197501
0.541016 0.198933
0.544922 0.200364
0.548828 0.201795
0.552734 0.203227
0.556641 0.204658
0.560547 0.206089
0.564453 0.20752
0.568359 0.208951
0.572266 0.210381
0.576172 0.211812
0.580078 0.213243
0.583984 0.214673
0.587891 0.216103
0.591797 0.217533
0.595703 0.218963
0.599609 0.220393
0.603516 0.221823
0.607422 0.223253
0.611328 0.224682
0.615234 0.226112
0.619141 0.227541
0.623047 0.22897
0.626953 0.230399
0.630859 0.231828
0.634766 0.233257
0.638672 0.234685
0.642578 0.236114
0.646484 0.237542
0.650391 0.23897
0.654297 0.240398
0.658203 0.241826
0.662109 0.243253
0.666016 0.244681
0.669922 0.246108
0.673828 0.247535
0.677734 0.248962
0.681641 0.250388
0.685547 0.251815
0.689453 0.253241
0.693359 0.254666
0.697266 0.256092
0.701172 0.257517
0.705078 0.258941
0.708984 0.260365
0.712891 0.261789
0.716797 0.263212
0.720703 0.264635
0.724609 0.266056
0.728516 0.267477
0.732422 0.268898
0.736328 0.270317
0.740234 0.271735
0.744141 0.273152
0.748047 0.274567
0.751953 0.275981
0.755859 0.277393
0.759766 0.278803
0.763672 0.280211
0.767578 0.281616
0.771484 0.283017
0.775391 0.284415
0.779297 0.285809
0.783203 0.287198
0.787109 0.288582
0.791016 0.28996
0.794922 0.29133
0.798828 0.292692
0.802734 0.294044
0.806641 0.295385
0.810547 0.296714
0.814453 0.298028
0.818359 0.299325
0.822266 0.300603
0.826172 0.301858
0.830078 0.303088
0.833984 0.304288
0.837891 0.305454
0.841797 0.306581
0.845703 0.307663
0.849609 0.308692
0.853516 0.309662
0.857422 0.310562
0.861328 0.311384
0.865234 0.312114
0.869141 0.312739
0.873047 0.313243
0.876953 0.31361
0.880859 0.313817
0.884766 0.313843
0.888672 0.313661
0.892578 0.31324
0.896484 0.312548
0.900391 0.311546
0.904297 0.310191
0.908203 0.308436
0.912109 0.306226
0.916016 0.303504
0.919922 0.300204
0.923828 0.296256
0.927734 0.291584
0.931641 0.286106
0.935547 0.279738
0.939453 0.272391
0.943359 0.263977
0.947266 0.254407
0.951172 0.243598
0.955078 0.231478
0.958984 0.217983
0.962891 0.203071
0.966797 0.18672
0.970703 0.168938
0.974609 0.149765
0.978516 0.129276
0.982422 0.107586
0.986328 0.0848471
0.990234 0.0612491
0.994141 0.0370123
0.998047 0.0123818
