0.00195312 0.000716994
0.00585938 0.00215098
0.00976562 0.00358497
0.0136719 0.00501895
0.0175781 0.00645294
0.0214844 0.00788692
0.0253906 0.00932089
0.0292969 0.0107549
0.0332031 0.0121888
0.0371094 0.0136228
0.0410156 0.0150567
0.0449219 0.0164907
0.0488281 0.0179246
0.0527344 0.0193585
0.0566406 0.0207925
0.0605469 0.0222264
0.0644531 0.0236603
0.0683594 0.0250941
0.0722656 0.026528
0.0761719 0.0279619
0.0800781 0.0293957
0.0839844 0.0308295
0.0878906 0.0322633
0.0917969 0.0336971
0.0957031 0.0351309
0.0996094 0.0365647
0.103516 0.0379984
0.107422 0.0394321
0.111328 0.0408658
0.115234 0.0422995
0.119141 0.0437331
0.123047 0.0451668
0.126953 0.0466004
0.130859 0.048034
0.134766 0.0494675
0.138672 0.050901
0.142578 0.0523346
0.146484 0.053768
0.150391 0.0552015
0.154297 0.0566349
0.158203 0.0580683
0.162109 0.0595017
0.166016 0.060935
0.169922 0.0623683
0.173828 0.0638016
0.177734 0.0652348
0.181641 0.066668
0.185547 0.0681012
0.189453 0.0695343
0.193359 0.0709674
0.197266 0.0724005
0.201172 0.0738335
0.205078 0.0752665
0.208984 0.0766994
0.212891 0.0781323
0.216797 0.0795652
0.220703 0.080998
0.224609 0.0824308
0.228516 0.0838635
0.232422 0.0852962
0.236328 0.0867289
0.240234 0.0881615
0.244141 0.089594
0.248047 0.0910266
0.251953 0.092459
0.255859 0.0938914
0.259766 0.0953238
0.263672 0.0967561
0.267578 0.0981884
0.271484 0.0996206
0.275391 0.101053
0.279297 0.102485
0.283203 0.103917
0.287109 0.105349
0.291016 0.106781
0.294922 0.108213
0.298828 0.109645
0.302734 0.111076
0.306641 0.112508
0.310547 0.11394
0.314453 0.115371
0.318359 0.116803
0.322266 0.118235
0.326172 0.119666
0.330078 0.121097
0.333984 0.122529
0.337891 0.12396
0.341797 0.125391
0.345703 0.126822
0.349609 0.128253
0.353516 0.129684
0.357422 0.131115
0.361328 0.132546
0.365234 0.133977
0.369141 0.135407
0.373047 0.136838
0.376953 0.138269
0.380859 0.139699
0.384766 0.14113
0.388672 0.14256
0.392578 0.14399
0.396484 0.14542
0.400391 0.146851
0.404297 0.148281
0.408203 0.149711
0.412109 0.15114
0.416016 0.15257
0.419922 0.154
0.423828 0.15543
0.427734 0.156859
0.431641 0.158289
0.435547 0.159718
0.439453 0.161148
0.443359 0.162577
0.447266 0.164006
0.451172 0.165435
0.455078 0.166864
0.458984 0.168293
0.462891 0.169722
0.466797 0.17115
0.470703 0.172579
0.474609 0.174008
0.478516 0.175436
0.482422 0.176865
0.486328 0.178293
0.490234 0.179721
0.494141 0.181149
0.498047 0.182577
0.501953 0.184005
0.505859 0.185433
0.509766 0.186861
0.513672 0.188288
0.517578 0.189716
0.521484 0.191143
0.525391 0.19257
0.529297 0.193998
0.533203 0.195425
0.537109 0.196852
0.541016 0.198279
0.544922 0.199706
0.548828 0.201132
0.552734 0.202559
0.556641 0.203985
0.560547 0.205412
0.564453 0.206838
0.568359 0.208264
0.572266 0.20969
0.576172 0.211116
0.580078 0.212542
0.583984 0.213968
0.587891 0.215393
0.591797 0.216819
0.595703 0.218244
0.599609 0.21967
0.603516 0.221095
0.607422 0.22252
0.611328 0.223945
0.615234 0.225369
0.619141 0.226794
0.623047 0.228219
0.626953 0.229643
0.630859 0.231067
0.634766 0.232491
0.638672 0.233915
0.642578 0.235339
0.646484 0.236763
0.650391 0.238186
0.654297 0.23961
0.658203 0.241033
0.662109 0.242456
0.666016 0.243878
0.669922 0.245301
0.673828 0.246723
0.677734 0.248146
0.681641 0.249567
0.685547 0.250989
0.689453 0.25241
0.693359 0.253831
0.697266 0.255252
0.701172 0.256672
0.705078 0.258092
0.708984 0.259512
0.712891 0.260931
0.716797 0.262349
0.720703 0.263767
0.724609 0.265184
0.728516 0.266601
0.732422 0.268016
0.736328 0.269431
0.740234 0.270844
0.744141 0.272256
0.748047 0.273667
0.751953 0.275076
0.755859 0.276483
0.759766 0.277888
0.763672 0.279291
0.767578 0.280691
0.771484 0.282087
0.775391 0.28348
0.779297 0.284869
0.783203 0.286253
0.787109 0.287631
0.791016 0.289003
0.794922 0.290368
0.798828 0.291724
0.802734 0.293071
0.806641 0.294406
0.810547 0.295729
0.814453 0.297036
0.818359 0.298327
0.822266 0.299598
0.826172 0.300847
0.830078 0.302069
0.833984 0.303262
0.837891 0.30442
0.841797 0.305539
0.845703 0.306612
0.849609 0.307632
0.853516 0.308592
0.857422 0.309483
0.861328 0.310293
0.865234 0.311012
0.869141 0.311626
0.873047 0.312118
0.876953 0.312471
0.880859 0.312665
0.884766 0.312676
0.888672 0.312479
0.892578 0.312043
0.896484 0.311335
0.900391 0.310316
0.904297 0.308944
0.908203 0.307171
0.912109 0.304945
0.916016 0.302206
0.919922 0.298891
0.923828 0.294929
0.927734 0.290245
0.931641 0.284758
0.935547 0.278385
0.939453 0.271037
0.943359 0.262628
0.947266 0.253071
0.951172 0.242284
0.955078 0.230194
0.958984 0.216742
0.962891 0.201885
0.966797 0.185604
0.970703 0.167905
0.974609 0.14883
0.978516 0.128454
0.982422 0.106891
0.986328 0.0842922
0.990234 0.0608446
0.994141 0.0367663
0.998047 0.0122992
