0.00195312 0.000676755
0.00585938 0.00203027
0.00976562 0.00338378
0.0136719 0.00473728
0.0175781 0.00609079
0.0214844 0.00744429
0.0253906 0.00879779
0.0292969 0.0101513
0.0332031 0.0115048
0.0371094 0.0128583
0.0410156 0.0142117
0.0449219 0.0155652
0.0488281 0.0169187
0.0527344 0.0182722
0.0566406 0.0196256
0.0605469 0.020979
0.0644531 0.0223325
0.0683594 0.0236859
0.0722656 0.0250393
0.0761719 0.0263927
0.0800781 0.0277461
0.0839844 0.0290995
0.0878906 0.0304529
0.0917969 0.0318062
0.0957031 0.0331596
0.0996094 0.0345129
0.103516 0.0358662
0.107422 0.0372195
0.111328 0.0385728
0.115234 0.039926
0.119141 0.0412793
0.123047 0.0426325
0.126953 0.0439857
0.130859 0.0453389
0.134766 0.0466921
0.138672 0.0480452
0.142578 0.0493984
0.146484 0.0507515
0.150391 0.0521045
0.154297 0.0534576
0.158203 0.0548106
0.162109 0.0561637
0.166016 0.0575167
0.169922 0.0588696
0.173828 0.0602226
0.177734 0.0615755
0.181641 0.0629284
0.185547 0.0642812
0.189453 0.065634
0.193359 0.0669868
0.197266 0.0683396
0.201172 0.0696924
0.205078 0.0710451
0.208984 0.0723978
0.212891 0.0737504
0.216797 0.075103
0.220703 0.0764556
0.224609 0.0778082
0.228516 0.0791607
0.232422 0.0805132
0.236328 0.0818656
0.240234 0.083218
0.244141 0.0845704
0.248047 0.0859227
0.251953 0.087275
0.255859 0.0886273
0.259766 0.0899795
0.263672 0.0913317
0.267578 0.0926839
0.271484 0.094036
0.275391 0.095388
0.279297 0.0967401
0.283203 0.098092
0.287109 0.099444
0.291016 0.100796
0.294922 0.102148
0.298828 0.1035
0.302734 0.104851
0.306641 0.106203
0.310547 0.107555
0.314453 0.108906
0.318359 0.110258
0.322266 0.111609
0.326172 0.112961
0.330078 0.114312
0.333984 0.115664
0.337891 0.117015
0.341797 0.118366
0.345703 0.119718
0.349609 0.121069
0.353516 0.12242
0.357422 0.123771
0.361328 0.125122
0.365234 0.126473
0.369141 0.127824
0.373047 0.129175
0.376953 0.130525
0.380859 0.131876
0.384766 0.133227
0.388672 0.134577
0.392578 0.135928
0.396484 0.137279
0.400391 0.138629
0.404297 0.139979
0.408203 0.14133
0.412109 0.14268
0.416016 0.14403
0.419922 0.14538
0.423828 0.14673
0.427734 0.14808
0.431641 0.14943
0.435547 0.15078
0.439453 0.15213
0.443359 0.15348
0.447266 0.154829
0.451172 0.156179
0.455078 0.157529
0.458984 0.158878
0.462891 0.160227
0.466797 0.161577
0.470703 0.162926
0.474609 0.164275
0.478516 0.165624
0.482422 0.166973
0.486328 0.168322
0.490234 0.169671
0.494141 0.17102
0.498047 0.172369
0.501953 0.173718
0.505859 0.175066
0.509766 0.176415
0.513672 0.177763
0.517578 0.179112
0.521484 0.18046
0.525391 0.181808
0.529297 0.183156
0.533203 0.184504
0.537109 0.185852
0.541016 0.1872
0.544922 0.188548
0.548828 0.189896
0.552734 0.191243
0.556641 0.192591
0.560547 0.193938
0.564453 0.195286
0.568359 0.196633
0.572266 0.19798
0.576172 0.199327
0.580078 0.200674
0.583984 0.202021
0.587891 0.203368
0.591797 0.204715
0.595703 0.206061
0.599609 0.207408
0.603516 0.208754
0.607422 0.210101
0.611328 0.211447
0.615234 0.212793
0.619141 0.214139
0.623047 0.215485
0.626953 0.21683
0.630859 0.218176
0.634766 0.219522
0.638672 0.220867
0.642578 0.222212
0.646484 0.223557
0.650391 0.224902
0.654297 0.226247
0.658203 0.227591
0.662109 0.228936
0.666016 0.23028
0.669922 0.231624
0.673828 0.232967
0.677734 0.234311
0.681641 0.235654
0.685547 0.236997
0.689453 0.238339
0.693359 0.239681
0.697266 0.241023
0.701172 0.242364
0.705078 0.243705
0.708984 0.245045
0.712891 0.246384
0.716797 0.247723
0.720703 0.249061
0.724609 0.250398
0.728516 0.251734
0.732422 0.253068
0.736328 0.254402
0.740234 0.255733
0.744141 0.257064
0.748047 0.258392
0.751953 0.259718
0.755859 0.261041
0.759766 0.262362
0.763672 0.263679
0.767578 0.264993
0.771484 0.266302
0.775391 0.267607
0.779297 0.268906
0.783203 0.270199
0.787109 0.271484
0.791016 0.272762
0.794922 0.27403
0.798828 0.275287
0.802734 0.276533
0.806641 0.277764
0.810547 0.278979
0.814453 0.280176
0.818359 0.281353
0.822266 0.282506
0.826172 0.283631
0.830078 0.284726
0.833984 0.285785
0.837891 0.286804
0.841797 0.287776
0.845703 0.288697
0.849609 0.289556
0.853516 0.290348
0.857422 0.291061
0.861328 0.291685
0.865234 0.292207
0.869141 0.292614
0.873047 0.292889
0.876953 0.293015
0.880859 0.29297
0.884766 0.292733
0.888672 0.292277
0.892578 0.291573
0.896484 0.290589
0.900391 0.28929
0.904297 0.287635
0.908203 0.28558
0.912109 0.283078
0.916016 0.280076
0.919922 0.276517
0.923828 0.272341
0.927734 0.267482
0.931641 0.261875
0.935547 0.255448
0.939453 0.248133
0.943359 0.23986
0.947266 0.230564
0.951172 0.220184
0.955078 0.20867
0.958984 0.195981
0.962891 0.182096
0.966797 0.167009
0.970703 0.15074
0.974609 0.133332
0.978516 0.114858
0.982422 0.0954174
0.986328 0.0751399
0.990234 0.05418
0.994141 0.0327152
0.998047 0.0109399
