0.00195312 0.000665686
0.00585938 0.00199706
0.00976562 0.00332843
0.0136719 0.0046598
0.0175781 0.00599117
0.0214844 0.00732253
0.0253906 0.00865389
0.0292969 0.00998525
0.0332031 0.0113166
0.0371094 0.012648
0.0410156 0.0139793
0.0449219 0.0153106
0.0488281 0.016642
0.0527344 0.0179733
0.0566406 0.0193046
0.0605469 0.0206359
0.0644531 0.0219672
0.0683594 0.0232985
0.0722656 0.0246298
0.0761719 0.0259611
0.0800781 0.0272923
0.0839844 0.0286236
0.0878906 0.0299548
0.0917969 0.0312861
0.0957031 0.0326173
0.0996094 0.0339485
0.103516 0.0352797
0.107422 0.0366108
0.111328 0.037942
0.115234 0.0392731
0.119141 0.0406042
0.123047 0.0419353
0.126953 0.0432664
0.130859 0.0445975
0.134766 0.0459286
0.138672 0.0472596
0.142578 0.0485906
0.146484 0.0499216
0.150391 0.0512526
0.154297 0.0525835
0.158203 0.0539145
0.162109 0.0552454
0.166016 0.0565763
0.169922 0.0579071
0.173828 0.0592379
0.177734 0.0605688
0.181641 0.0618996
0.185547 0.0632303
0.189453 0.064561
0.193359 0.0658918
0.197266 0.0672224
0.201172 0.0685531
0.205078 0.0698837
0.208984 0.0712143
0.212891 0.0725449
0.216797 0.0738754
0.220703 0.0752059
0.224609 0.0765364
0.228516 0.0778668
0.232422 0.0791973
0.236328 0.0805276
0.240234 0.081858
0.244141 0.0831883
0.248047 0.0845186
0.251953 0.0858488
0.255859 0.087179
0.259766 0.0885092
0.263672 0.0898393
0.267578 0.0911694
0.271484 0.0924995
0.275391 0.0938295
0.279297 0.0951595
0.283203 0.0964894
0.287109 0.0978193
0.291016 0.0991492
0.294922 0.100479
0.298828 0.101809
0.302734 0.103138
0.306641 0.104468
0.310547 0.105798
0.314453 0.107127
0.318359 0.108457
0.322266 0.109787
0.326172 0.111116
0.330078 0.112445
0.333984 0.113775
0.337891 0.115104
0.341797 0.116433
0.345703 0.117763
0.349609 0.119092
0.353516 0.120421
0.357422 0.12175
0.361328 0.123079
0.365234 0.124408
0.369141 0.125737
0.373047 0.127066
0.376953 0.128395
0.380859 0.129723
0.384766 0.131052
0.388672 0.132381
0.392578 0.133709
0.396484 0.135038
0.400391 0.136367
0.404297 0.137695
0.408203 0.139023
0.412109 0.140352
0.416016 0.14168
0.419922 0.143008
0.423828 0.144336
0.427734 0.145664
0.431641 0.146992
0.435547 0.14832
0.439453 0.149648
0.443359 0.150976
0.447266 0.152304
0.451172 0.153632
0.455078 0.154959
0.458984 0.156287
0.462891 0.157614
0.466797 0.158942
0.470703 0.160269
0.474609 0.161597
0.478516 0.162924
0.482422 0.164251
0.486328 0.165578
0.490234 0.166905
0.494141 0.168232
0.498047 0.169559
0.501953 0.170886
0.505859 0.172213
0.509766 0.17354
0.513672 0.174866
0.517578 0.176193
0.521484 0.177519
0.525391 0.178846
0.529297 0.180172
0.533203 0.181498
0.537109 0.182824
0.541016 0.184151
0.544922 0.185477
0.548828 0.186802
0.552734 0.188128
0.556641 0.189454
0.560547 0.19078
0.564453 0.192105
0.568359 0.193431
0.572266 0.194756
0.576172 0.196082
0.580078 0.197407
0.583984 0.198732
0.587891 0.200057
0.591797 0.201382
0.595703 0.202707
0.599609 0.204032
0.603516 0.205357
0.607422 0.206681
0.611328 0.208006
0.615234 0.20933
0.619141 0.210655
0.623047 0.211979
0.626953 0.213303
0.630859 0.214627
0.634766 0.21595
0.638672 0.217274
0.642578 0.218598
0.646484 0.219921
0.650391 0.221244
0.654297 0.222567
0.658203 0.22389
0.662109 0.225213
0.666016 0.226535
0.669922 0.227857
0.673828 0.229179
0.677734 0.230501
0.681641 0.231822
0.685547 0.233143
0.689453 0.234463
0.693359 0.235784
0.697266 0.237103
0.701172 0.238423
0.705078 0.239741
0.708984 0.241059
0.712891 0.242377
0.716797 0.243693
0.720703 0.245009
0.724609 0.246323
0.728516 0.247637
0.732422 0.248949
0.736328 0.25026
0.740234 0.251569
0.744141 0.252876
0.748047 0.254181
0.751953 0.255484
0.755859 0.256784
0.759766 0.25808
0.763672 0.259374
0.767578 0.260663
0.771484 0.261948
0.775391 0.263227
0.779297 0.264501
0.783203 0.265768
0.787109 0.267027
0.791016 0.268277
0.794922 0.269518
0.798828 0.270747
0.802734 0.271963
0.806641 0.273164
0.810547 0.274348
0.814453 0.275514
0.818359 0.276657
0.822266 0.277775
0.826172 0.278865
0.830078 0.279922
0.833984 0.280943
0.837891 0.281921
0.841797 0.282851
0.845703 0.283727
0.849609 0.28454
0.853516 0.285283
0.857422 0.285945
0.861328 0.286515
0.865234 0.286981
0.869141 0.287328
0.873047 0.287541
0.876953 0.287602
0.880859 0.28749
0.884766 0.287183
0.888672 0.286655
0.892578 0.285877
0.896484 0.284818
0.900391 0.283442
0.904297 0.281711
0.908203 0.279582
0.912109 0.277009
0.916016 0.27394
0.919922 0.270321
0.923828 0.266094
0.927734 0.261198
0.931641 0.255568
0.935547 0.24914
0.939453 0.241848
0.943359 0.233628
0.947266 0.224419
0.951172 0.214167
0.955078 0.202826
0.958984 0.190361
0.962891 0.176754
0.966797 0.162004
0.970703 0.146132
0.974609 0.129182
0.978516 0.111225
0.982422 0.0923586
0.986328 0.0727041
0.990234 0.0524087
0.994141 0.0316394
0.998047 0.0105792
