0.00195312 0.000647806
0.00585938 0.00194342
0.00976562 0.00323903
0.0136719 0.00453464
0.0175781 0.00583025
0.0214844 0.00712585
0.0253906 0.00842146
0.0292969 0.00971706
0.0332031 0.0110127
0.0371094 0.0123082
0.0410156 0.0136038
0.0449219 0.0148994
0.0488281 0.016195
0.0527344 0.0174906
0.0566406 0.0187861
0.0605469 0.0200817
0.0644531 0.0213772
0.0683594 0.0226728
0.0722656 0.0239683
0.0761719 0.0252638
0.0800781 0.0265593
0.0839844 0.0278548
0.0878906 0.0291503
0.0917969 0.0304458
0.0957031 0.0317413
0.0996094 0.0330367
0.103516 0.0343322
0.107422 0.0356276
0.111328 0.036923
0.115234 0.0382184
0.119141 0.0395138
0.123047 0.0408092
0.126953 0.0421046
0.130859 0.0433999
0.134766 0.0446952
0.138672 0.0459905
0.142578 0.0472858
0.146484 0.0485811
0.150391 0.0498764
0.154297 0.0511716
0.158203 0.0524668
0.162109 0.053762
0.166016 0.0550572
0.169922 0.0563523
0.173828 0.0576475
0.177734 0.0589426
0.181641 0.0602377
0.185547 0.0615327
0.189453 0.0628278
0.193359 0.0641228
0.197266 0.0654178
0.201172 0.0667127
0.205078 0.0680077
0.208984 0.0693026
0.212891 0.0705975
0.216797 0.0718924
0.220703 0.0731872
0.224609 0.074482
0.228516 0.0757768
0.232422 0.0770715
0.236328 0.0783662
0.240234 0.0796609
0.244141 0.0809556
0.248047 0.0822502
0.251953 0.0835448
0.255859 0.0848394
0.259766 0.0861339
0.263672 0.0874284
0.267578 0.0887229
0.271484 0.0900173
0.275391 0.0913117
0.279297 0.0926061
0.283203 0.0939004
0.287109 0.0951947
0.291016 0.096489
0.294922 0.0977832
0.298828 0.0990774
0.302734 0.100372
0.306641 0.101666
0.310547 0.10296
0.314453 0.104254
0.318359 0.105548
0.322266 0.106842
0.326172 0.108136
0.330078 0.109429
0.333984 0.110723
0.337891 0.112017
0.341797 0.113311
0.345703 0.114604
0.349609 0.115898
0.353516 0.117192
0.357422 0.118485
0.361328 0.119779
0.365234 0.121072
0.369141 0.122366
0.373047 0.123659
0.376953 0.124952
0.380859 0.126246
0.384766 0.127539
0.388672 0.128832
0.392578 0.130125
0.396484 0.131418
0.400391 0.132711
0.404297 0.134004
0.408203 0.135297
0.412109 0.13659
0.416016 0.137883
0.419922 0.139176
0.423828 0.140468
0.427734 0.141761
0.431641 0.143054
0.435547 0.144346
0.439453 0.145639
0.443359 0.146931
0.447266 0.148224
0.451172 0.149516
0.455078 0.150808
0.458984 0.152101
0.462891 0.153393
0.466797 0.154685
0.470703 0.155977
0.474609 0.157269
0.478516 0.158561
0.482422 0.159853
0.486328 0.161144
0.490234 0.162436
0.494141 0.163728
0.498047 0.165019
0.501953 0.166311
0.505859 0.167602
0.509766 0.168894
0.513672 0.170185
0.517578 0.171477
0.521484 0.172768
0.525391 0.174059
0.529297 0.17535
0.533203 0.176641
0.537109 0.177932
0.541016 0.179223
0.544922 0.180514
0.548828 0.181804
0.552734 0.183095
0.556641 0.184386
0.560547 0.185676
0.564453 0.186967
0.568359 0.188257
0.572266 0.189547
0.576172 0.190837
0.580078 0.192127
0.583984 0.193418
0.587891 0.194707
0.591797 0.195997
0.595703 0.197287
0.599609 0.198577
0.603516 0.199866
0.607422 0.201156
0.611328 0.202445
0.615234 0.203734
0.619141 0.205024
0.623047 0.206313
0.626953 0.207602
0.630859 0.20889
0.634766 0.210179
0.638672 0.211468
0.642578 0.212756
0.646484 0.214044
0.650391 0.215332
0.654297 0.21662
0.658203 0.217908
0.662109 0.219195
0.666016 0.220482
0.669922 0.221769
0.673828 0.223056
0.677734 0.224342
0.681641 0.225628
0.685547 0.226914
0.689453 0.228199
0.693359 0.229483
0.697266 0.230767
0.701172 0.232051
0.705078 0.233334
0.708984 0.234616
0.712891 0.235897
0.716797 0.237178
0.720703 0.238457
0.724609 0.239736
0.728516 0.241012
0.732422 0.242288
0.736328 0.243562
0.740234 0.244833
0.744141 0.246103
0.748047 0.24737
0.751953 0.248635
0.755859 0.249896
0.759766 0.251154
0.763672 0.252408
0.767578 0.253657
0.771484 0.254901
0.775391 0.256139
0.779297 0.257371
0.783203 0.258595
0.787109 0.25981
0.791016 0.261016
0.794922 0.26221
0.798828 0.263392
0.802734 0.26456
0.806641 0.265711
0.810547 0.266844
0.814453 0.267956
0.818359 0.269044
0.822266 0.270105
0.826172 0.271136
0.830078 0.272131
0.833984 0.273087
0.837891 0.273997
0.841797 0.274857
0.845703 0.275658
0.849609 0.276394
0.853516 0.277056
0.857422 0.277632
0.861328 0.278113
0.865234 0.278486
0.869141 0.278736
0.873047 0.278847
0.876953 0.278802
0.880859 0.27858
0.884766 0.278159
0.888672 0.277514
0.892578 0.276616
0.896484 0.275436
0.900391 0.273939
0.904297 0.272089
0.908203 0.269843
0.912109 0.267159
0.916016 0.263988
0.919922 0.260279
0.923828 0.255979
0.927734 0.251032
0.931641 0.245379
0.935547 0.238961
0.939453 0.231719
0.943359 0.223599
0.947266 0.214545
0.951172 0.204513
0.955078 0.193464
0.958984 0.181372
0.962891 0.168224
0.966797 0.154025
0.970703 0.138797
0.974609 0.122586
0.978516 0.10546
0.982422 0.0875087
0.986328 0.0688457
0.990234 0.0496048
0.994141 0.0299374
0.998047 0.0100085
