0.00195312 0.000610173
0.00585938 0.00183052
0.00976562 0.00305086
0.0136719 0.00427121
0.0175781 0.00549155
0.0214844 0.00671189
0.0253906 0.00793223
0.0292969 0.00915257
0.0332031 0.0103729
0.0371094 0.0115932
0.0410156 0.0128136
0.0449219 0.0140339
0.0488281 0.0152542
0.0527344 0.0164745
0.0566406 0.0176948
0.0605469 0.0189151
0.0644531 0.0201354
0.0683594 0.0213557
0.0722656 0.022576
0.0761719 0.0237963
0.0800781 0.0250165
0.0839844 0.0262368
0.0878906 0.027457
0.0917969 0.0286773
0.0957031 0.0298975
0.0996094 0.0311177
0.103516 0.032338
0.107422 0.0335582
0.111328 0.0347784
0.115234 0.0359985
0.119141 0.0372187
0.123047 0.0384389
0.126953 0.039659
0.130859 0.0408791
0.134766 0.0420993
0.138672 0.0433194
0.142578 0.0445395
0.146484 0.0457595
0.150391 0.0469796
0.154297 0.0481997
0.158203 0.0494197
0.162109 0.0506397
0.166016 0.0518597
0.169922 0.0530797
0.173828 0.0542997
0.177734 0.0555196
0.181641 0.0567395
0.185547 0.0579595
0.189453 0.0591794
0.193359 0.0603992
0.197266 0.0616191
0.201172 0.0628389
0.205078 0.0640588
0.208984 0.0652785
0.212891 0.0664983
0.216797 0.0677181
0.220703 0.0689378
0.224609 0.0701575
0.228516 0.0713772
0.232422 0.0725969
0.236328 0.0738165
0.240234 0.0750361
0.244141 0.0762557
0.248047 0.0774753
0.251953 0.0786949
0.255859 0.0799144
0.259766 0.0811339
0.263672 0.0823534
0.267578 0.0835728
0.271484 0.0847922
0.275391 0.0860116
0.279297 0.087231
0.283203 0.0884503
0.287109 0.0896696
0.291016 0.0908889
0.294922 0.0921081
0.298828 0.0933274
0.302734 0.0945465
0.306641 0.0957657
0.310547 0.0969848
0.314453 0.0982039
0.318359 0.099423
0.322266 0.100642
0.326172 0.101861
0.330078 0.10308
0.333984 0.104299
0.337891 0.105518
0.341797 0.106737
0.345703 0.107956
0.349609 0.109174
0.353516 0.110393
0.357422 0.111612
0.361328 0.112831
0.365234 0.114049
0.369141 0.115268
0.373047 0.116486
0.376953 0.117705
0.380859 0.118923
0.384766 0.120142
0.388672 0.12136
0.392578 0.122579
0.396484 0.123797
0.400391 0.125015
0.404297 0.126234
0.408203 0.127452
0.412109 0.12867
0.416016 0.129888
0.419922 0.131106
0.423828 0.132324
0.427734 0.133543
0.431641 0.13476
0.435547 0.135978
0.439453 0.137196
0.443359 0.138414
0.447266 0.139632
0.451172 0.14085
0.455078 0.142067
0.458984 0.143285
0.462891 0.144503
0.466797 0.14572
0.470703 0.146938
0.474609 0.148155
0.478516 0.149373
0.482422 0.15059
0.486328 0.151808
0.490234 0.153025
0.494141 0.154242
0.498047 0.155459
0.501953 0.156676
0.505859 0.157893
0.509766 0.159111
0.513672 0.160327
0.517578 0.161544
0.521484 0.162761
0.525391 0.163978
0.529297 0.165195
0.533203 0.166412
0.537109 0.167628
0.541016 0.168845
0.544922 0.170061
0.548828 0.171278
0.552734 0.172494
0.556641 0.173711
0.560547 0.174927
0.564453 0.176143
0.568359 0.177359
0.572266 0.178575
0.576172 0.179791
0.580078 0.181007
0.583984 0.182223
0.587891 0.183439
0.591797 0.184654
0.595703 0.18587
0.599609 0.187086
0.603516 0.188301
0.607422 0.189516
0.611328 0.190731
0.615234 0.191947
0.619141 0.193162
0.623047 0.194376
0.626953 0.195591
0.630859 0.196806
0.634766 0.19802
0.638672 0.199234
0.642578 0.200448
0.646484 0.201662
0.650391 0.202876
0.654297 0.204089
0.658203 0.205302
0.662109 0.206515
0.666016 0.207728
0.669922 0.20894
0.673828 0.210152
0.677734 0.211363
0.681641 0.212574
0.685547 0.213785
0.689453 0.214994
0.693359 0.216203
0.697266 0.217412
0.701172 0.21862
0.705078 0.219826
0.708984 0.221032
0.712891 0.222237
0.716797 0.22344
0.720703 0.224642
0.724609 0.225842
0.728516 0.22704
0.732422 0.228237
0.736328 0.229431
0.740234 0.230623
0.744141 0.231811
0.748047 0.232997
0.751953 0.234178
0.755859 0.235356
0.759766 0.236529
0.763672 0.237697
0.767578 0.238858
0.771484 0.240013
0.775391 0.241161
0.779297 0.2423
0.783203 0.24343
0.787109 0.244548
0.791016 0.245655
0.794922 0.246748
0.798828 0.247825
0.802734 0.248885
0.806641 0.249925
0.810547 0.250943
0.814453 0.251935
0.818359 0.2529
0.822266 0.253833
0.826172 0.25473
0.830078 0.255586
0.833984 0.256397
0.837891 0.257156
0.841797 0.257858
0.845703 0.258495
0.849609 0.259058
0.853516 0.259539
0.857422 0.259928
0.861328 0.260213
0.865234 0.260381
0.869141 0.260418
0.873047 0.260309
0.876953 0.260035
0.880859 0.259579
0.884766 0.258917
0.888672 0.258026
0.892578 0.256881
0.896484 0.255453
0.900391 0.253712
0.904297 0.251622
0.908203 0.24915
0.912109 0.246256
0.916016 0.242898
0.919922 0.239035
0.923828 0.234621
0.927734 0.22961
0.931641 0.223955
0.935547 0.217611
0.939453 0.210533
0.943359 0.202679
0.947266 0.194011
0.951172 0.184498
0.955078 0.174116
0.958984 0.162852
0.962891 0.150705
0.966797 0.137685
0.970703 0.12382
0.974609 0.109153
0.978516 0.0937461
0.982422 0.0776757
0.986328 0.0610365
0.990234 0.0439376
0.994141 0.0265005
0.998047 0.00885672
