0.00195312 0.000598399
0.00585938 0.0017952
0.00976562 0.00299199
0.0136719 0.00418879
0.0175781 0.00538558
0.0214844 0.00658238
0.0253906 0.00777917
0.0292969 0.00897595
0.0332031 0.0101727
0.0371094 0.0113695
0.0410156 0.0125663
0.0449219 0.0137631
0.0488281 0.0149598
0.0527344 0.0161566
0.0566406 0.0173534
0.0605469 0.0185501
0.0644531 0.0197469
0.0683594 0.0209436
0.0722656 0.0221404
0.0761719 0.0233371
0.0800781 0.0245338
0.0839844 0.0257305
0.0878906 0.0269273
0.0917969 0.028124
0.0957031 0.0293206
0.0996094 0.0305173
0.103516 0.031714
0.107422 0.0329107
0.111328 0.0341073
0.115234 0.035304
0.119141 0.0365006
0.123047 0.0376972
0.126953 0.0388938
0.130859 0.0400904
0.134766 0.041287
0.138672 0.0424836
0.142578 0.0436802
0.146484 0.0448767
0.150391 0.0460733
0.154297 0.0472698
0.158203 0.0484663
0.162109 0.0496628
0.166016 0.0508593
0.169922 0.0520557
0.173828 0.0532522
0.177734 0.0544486
0.181641 0.055645
0.185547 0.0568414
0.189453 0.0580378
0.193359 0.0592342
0.197266 0.0604305
0.201172 0.0616268
0.205078 0.0628232
0.208984 0.0640194
0.212891 0.0652157
0.216797 0.066412
0.220703 0.0676082
0.224609 0.0688044
0.228516 0.0700006
0.232422 0.0711968
0.236328 0.0723929
0.240234 0.073589
0.244141 0.0747851
0.248047 0.0759812
0.251953 0.0771773
0.255859 0.0783733
0.259766 0.0795693
0.263672 0.0807653
0.267578 0.0819613
0.271484 0.0831572
0.275391 0.0843531
0.279297 0.085549
0.283203 0.0867449
0.287109 0.0879407
0.291016 0.0891365
0.294922 0.0903323
0.298828 0.0915281
0.302734 0.0927238
0.306641 0.0939195
0.310547 0.0951152
0.314453 0.0963108
0.318359 0.0975064
0.322266 0.098702
0.326172 0.0998975
0.330078 0.101093
0.333984 0.102289
0.337891 0.103484
0.341797 0.104679
0.345703 0.105875
0.349609 0.10707
0.353516 0.108266
0.357422 0.109461
0.361328 0.110656
0.365234 0.111851
0.369141 0.113047
0.373047 0.114242
0.376953 0.115437
0.380859 0.116632
0.384766 0.117827
0.388672 0.119022
0.392578 0.120217
0.396484 0.121412
0.400391 0.122607
0.404297 0.123802
0.408203 0.124997
0.412109 0.126191
0.416016 0.127386
0.419922 0.128581
0.423828 0.129776
0.427734 0.13097
0.431641 0.132165
0.435547 0.133359
0.439453 0.134554
0.443359 0.135749
0.447266 0.136943
0.451172 0.138137
0.455078 0.139332
0.458984 0.140526
0.462891 0.14172
0.466797 0.142915
0.470703 0.144109
0.474609 0.145303
0.478516 0.146497
0.482422 0.147691
0.486328 0.148885
0.490234 0.150079
0.494141 0.151273
0.498047 0.152467
0.501953 0.153661
0.505859 0.154854
0.509766 0.156048
0.513672 0.157242
0.517578 0.158435
0.521484 0.159629
0.525391 0.160823
0.529297 0.162016
0.533203 0.163209
0.537109 0.164403
0.541016 0.165596
0.544922 0.166789
0.548828 0.167983
0.552734 0.169176
0.556641 0.170369
0.560547 0.171562
0.564453 0.172755
0.568359 0.173948
0.572266 0.17514
0.576172 0.176333
0.580078 0.177526
0.583984 0.178718
0.587891 0.179911
0.591797 0.181103
0.595703 0.182296
0.599609 0.183488
0.603516 0.18468
0.607422 0.185872
0.611328 0.187064
0.615234 0.188256
0.619141 0.189447
0.623047 0.190639
0.626953 0.19183
0.630859 0.193022
0.634766 0.194213
0.638672 0.195404
0.642578 0.196594
0.646484 0.197785
0.650391 0.198975
0.654297 0.200165
0.658203 0.201355
0.662109 0.202544
0.666016 0.203733
0.669922 0.204922
0.673828 0.20611
0.677734 0.207298
0.681641 0.208485
0.685547 0.209672
0.689453 0.210858
0.693359 0.212043
0.697266 0.213227
0.701172 0.214411
0.705078 0.215594
0.708984 0.216775
0.712891 0.217955
0.716797 0.219134
0.720703 0.220311
0.724609 0.221486
0.728516 0.22266
0.732422 0.223831
0.736328 0.225
0.740234 0.226166
0.744141 0.227328
0.748047 0.228487
0.751953 0.229642
0.755859 0.230793
0.759766 0.231938
0.763672 0.233078
0.767578 0.234211
0.771484 0.235338
0.775391 0.236456
0.779297 0.237564
0.783203 0.238663
0.787109 0.23975
0.791016 0.240824
0.794922 0.241883
0.798828 0.242926
0.802734 0.24395
0.806641 0.244954
0.810547 0.245934
0.814453 0.246887
0.818359 0.247811
0.822266 0.248701
0.826172 0.249554
0.830078 0.250364
0.833984 0.251127
0.837891 0.251837
0.841797 0.252487
0.845703 0.253069
0.849609 0.253576
0.853516 0.253999
0.857422 0.254326
0.861328 0.254547
0.865234 0.25465
0.869141 0.254619
0.873047 0.254439
0.876953 0.254094
0.880859 0.253563
0.884766 0.252826
0.888672 0.25186
0.892578 0.250639
0.896484 0.249136
0.900391 0.247322
0.904297 0.245163
0.908203 0.242626
0.912109 0.239674
0.916016 0.236267
0.919922 0.232366
0.923828 0.227928
0.927734 0.22291
0.931641 0.217269
0.935547 0.210964
0.939453 0.203953
0.943359 0.196198
0.947266 0.187666
0.951172 0.178331
0.955078 0.168172
0.958984 0.157179
0.962891 0.145352
0.966797 0.132706
0.970703 0.119268
0.974609 0.10508
0.978516 0.0902016
0.982422 0.0747059
0.986328 0.0586815
0.990234 0.0422305
0.994141 0.0254661
0.998047 0.0085102
