-1.0000000000000000 7567542670703075935649792.0000000000000000
-0.9687500000000000 125908507657426442836030527652233216.0000000000000000
-0.9375000000000000 225645324509524404861250671371878400.0000000000000000
-0.9062500000000000 300600390882249124808333775555526656.0000000000000000
-0.8750000000000000 353391620025826033427633189509136384.0000000000000000
-0.8437500000000000 385735903181755578192466622367662080.0000000000000000
-0.8125000000000000 399953359588786721710668973999128576.0000000000000000
-0.7812500000000000 398029524899210127016378680937021440.0000000000000000
-0.7500000000000000 382045041490598746343180203219484672.0000000000000000
-0.7187500000000000 354195795812620868487039135403474944.0000000000000000
-0.6875000000000000 316381298444091437190330937029689344.0000000000000000
-0.6562500000000000 271247843385546186971997874350456832.0000000000000000
-0.6250000000000000 219677357055268497560830149098733568.0000000000000000
-0.5937500000000000 162325188354619604380148060047540224.0000000000000000
-0.5625000000000000 103875037702459176232645231468609536.0000000000000000
-0.5312500000000000 47711579012514177877820595488423936.0000000000000000
-0.5000000000000000 24738428457452346664737851834368.0000000000000000
-0.4687500000000000 -28419430186127136473463941373100032.0000000000000000
-0.4375000000000000 -46481876986089465814374505655566336.0000000000000000
-0.4062500000000000 -58777548789396586306283997923115008.0000000000000000
-0.3750000000000000 -66637382690735944433245622672293888.0000000000000000
-0.3437500000000000 -73386657070548842799462819989291008.0000000000000000
-0.3125000000000000 -77380631394695564538657829675859968.0000000000000000
-0.2812500000000000 -77932431323507557997638633459286016.0000000000000000
-0.2500000000000000 -75357094001847910638742396630728704.0000000000000000
-0.2187500000000000 -69453274916345221149193376297385984.0000000000000000
-0.1875000000000000 -61160201022299585670712347070562304.0000000000000000
-0.1562500000000000 -51360513627599985015433083651883008.0000000000000000
-0.1250000000000000 -40293928927399288443932833906425856.0000000000000000
-0.0937500000000000 -28263164421973753760428784477011968.0000000000000000
-0.0625000000000000 -16303604878245648396751413297807360.0000000000000000
-0.0312500000000000 -5147908882948876956743420822421504.0000000000000000
0.0000000000000000 3671508318603584140230547510132736.0000000000000000
0.0312500000000000 7551383423415596021367636358070272.0000000000000000
0.0625000000000000 8768097835561080321303715059335168.0000000000000000
0.0937500000000000 8622051781469973277137532335685632.0000000000000000
0.1250000000000000 7461695289375486836596816484499456.0000000000000000
0.1562500000000000 6118066972354915977208664120360960.0000000000000000
0.1875000000000000 4503782275765500620406129302700032.0000000000000000
0.2187500000000000 2645019167625642186117155892756480.0000000000000000
0.2500000000000000 1051904744992017521666518633414656.0000000000000000
0.2812500000000000 420078332866702143548885473165312.0000000000000000
0.3125000000000000 222257957563196909676203471798272.0000000000000000
0.3437500000000000 177882749016726423089977407569920.0000000000000000
0.3750000000000000 220491212748582375142929203200000.0000000000000000
0.4062500000000000 154225175825891467581795870965760.0000000000000000
0.4375000000000000 79856625265758376507018032709632.0000000000000000
0.4687500000000000 45419536075466563157327379169280.0000000000000000
0.5000000000000000 24738428457452346664737851834368.0000000000000000
0.5312500000000000 13016493332091542951159677321216.0000000000000000
0.5625000000000000 6555030975051689941594059833344.0000000000000000
0.5937500000000000 3190681300516101048337635999744.0000000000000000
0.6250000000000000 1485658105267019862001116512256.0000000000000000
0.6562500000000000 668973704019534818313014083584.0000000000000000
0.6875000000000000 288007960850092071415636295680.0000000000000000
0.7187500000000000 119968774653369704902045990912.0000000000000000
0.7500000000000000 47756401539531943582908809216.0000000000000000
0.7812500000000000 18401677343273530470390824960.0000000000000000
0.8125000000000000 6773298035995152745991503872.0000000000000000
0.8437500000000000 2414192567591994571437899776.0000000000000000
0.8750000000000000 821694277452052235787698176.0000000000000000
0.9062500000000000 270897836487332211613237248.0000000000000000
0.9375000000000000 85263239011748387208822784.0000000000000000
0.9687500000000000 25699666600087723578490880.0000000000000000
1.0000000000000000 7567542670703075935649792.0000000000000000
0.0000000000000000 0.0000000000000000
