-1.0000000000000000 1937290923699987439526346752.0000000000000000
-0.9687500000000000 34530956727558279968333224052627865600.0000000000000000
-0.9375000000000000 61891289006767639016293717402114326528.0000000000000000
-0.9062500000000000 82448162985134938555489115458230026240.0000000000000000
-0.8750000000000000 96930272906344162234732583142972981248.0000000000000000
-0.8437500000000000 105801042673140759156843336982681616384.0000000000000000
-0.8125000000000000 109701492791926953446725654886983139328.0000000000000000
-0.7812500000000000 109174138753725757372972001073555308544.0000000000000000
-0.7500000000000000 104789496221304189221961451319951622144.0000000000000000
-0.7187500000000000 97152009401120708788823710946801221632.0000000000000000
-0.6875000000000000 86778865163948029007239758019630727168.0000000000000000
-0.6562500000000000 74401102342878171948073133538354921472.0000000000000000
-0.6250000000000000 60254333625982563495935428052224311296.0000000000000000
-0.5937500000000000 44525477361240528002575579047849361408.0000000000000000
-0.5625000000000000 28491319049250942425586344376280285184.0000000000000000
-0.5312500000000000 13088223330728272567647679732762279936.0000000000000000
-0.5000000000000000 6333037685107800746172890069598208.0000000000000000
-0.4687500000000000 -7795077930669033396131717522607046656.0000000000000000
-0.4375000000000000 -12750775065903689785701782752541540352.0000000000000000
-0.4062500000000000 -16123972384258930550849854466120744960.0000000000000000
-0.3750000000000000 -18281713948777827108625702037659582464.0000000000000000
-0.3437500000000000 -20135033578575254799169286294837657600.0000000000000000
-0.3125000000000000 -21233923685108147283350141194419044352.0000000000000000
-0.2812500000000000 -21389579381402540308482869618846728192.0000000000000000
-0.2500000000000000 -20688609184415290128674511510390702080.0000000000000000
-0.2187500000000000 -19076062947564558813254367005990977536.0000000000000000
-0.1875000000000000 -16808604228536066903921789052649472000.0000000000000000
-0.1562500000000000 -14129008433396358034096775272509472768.0000000000000000
-0.1250000000000000 -11101166935381711290479920657612144640.0000000000000000
-0.0937500000000000 -7808909570943225244289427907171844096.0000000000000000
-0.0625000000000000 -4533936700065990892157005199092744192.0000000000000000
-0.0312500000000000 -1478189016133098577085553429679439872.0000000000000000
0.0000000000000000 939906129562517539899020162593980416.0000000000000000
0.0312500000000000 2005310707894205804777468290742091776.0000000000000000
0.0625000000000000 2342873187149571472470459376268738560.0000000000000000
0.0937500000000000 2308605270338510099274804893566631936.0000000000000000
0.1250000000000000 1997518564076513840565016233016033280.0000000000000000
0.1562500000000000 1636935307241978860517046814588796928.0000000000000000
0.1875000000000000 1202088333218936794523943979441979392.0000000000000000
0.2187500000000000 699757694148467853060238887144652800.0000000000000000
0.2500000000000000 269287614717956485546628770154151936.0000000000000000
0.2812500000000000 101424944098680241272503842025504768.0000000000000000
0.3125000000000000 51440251511403815749554569180348416.0000000000000000
0.3437500000000000 42466471693574341682943680403472384.0000000000000000
0.3750000000000000 56445750463636792888684696666374144.0000000000000000
0.4062500000000000 39827680382721659570662610256789504.0000000000000000
0.4375000000000000 20443296068033999117687035910946816.0000000000000000
0.4687500000000000 11629141018326285433695518819614720.0000000000000000
0.5000000000000000 6333037685107800746172890069598208.0000000000000000
0.5312500000000000 3332785603286433521374861224574976.0000000000000000
0.5625000000000000 1678087929613269806766602888151040.0000000000000000
0.5937500000000000 816967907319556335757428869038080.0000000000000000
0.6250000000000000 380328474948396284003442459934720.0000000000000000
0.6562500000000000 171292533805008129759397910937600.0000000000000000
0.6875000000000000 73730037977623912555974571851776.0000000000000000
0.7187500000000000 30718843774115950868948701937664.0000000000000000
0.7500000000000000 12225638794120177557224655159296.0000000000000000
0.7812500000000000 4711948096136765336586482089984.0000000000000000
0.8125000000000000 1733964297361825274705515380736.0000000000000000
0.8437500000000000 618187610288418728982637182976.0000000000000000
0.8750000000000000 210353735027725372361650733056.0000000000000000
0.9062500000000000 69367756527755565426743967744.0000000000000000
0.9375000000000000 21827389186967054728812298240.0000000000000000
0.9687500000000000 6575439615568127476558200832.0000000000000000
1.0000000000000000 1937290923699987439526346752.0000000000000000
0.0000000000000000 0.0000000000000000
