-1.0000000000000000 21601515632429725340339906774115410270069231027738449048394622268604416.0000000000000000
-0.9687500000000000 842139223066753621809455188461741661909716316390896424804809857359122755068362752.0000000000000000
-0.9375000000000000 1512493128031075262025851910579336416836471158143261978192921981720239495461208064.0000000000000000
-0.9062500000000000 2013885775670873496579018020347631844681694083810078805372356990812096050285772800.0000000000000000
-0.8750000000000000 2368772308298738567643731507216887002837519207323519346696064816956124925230317568.0000000000000000
-0.8437500000000000 2585203605208626263010161428779833609201490906696186409805087115789277278272225280.0000000000000000
-0.8125000000000000 2680874081815168307295706276869343019378514484646281897885289291127945656960811008.0000000000000000
-0.7812500000000000 2668129273389600225529420384645809181661494052228604647807753061169660491387109376.0000000000000000
-0.7500000000000000 2560835061675250333086174162137870381348416066342207776230837100843019608608735232.0000000000000000
-0.7187500000000000 2374699510903327696283033636780840434886327606431786565908462287899756538508607488.0000000000000000
-0.6875000000000000 2120692244676860097396767408054579630448943209349358062119257370181300353698365440.0000000000000000
-0.6562500000000000 1818949747188520559638152673663490266759027239508344483586150813419877766807945216.0000000000000000
-0.6250000000000000 1472484322883225794499277703922664164132495851727553587524603085468927545600638976.0000000000000000
-0.5937500000000000 1088996230981082430021406997088631166651339009066963080719210907729128950641721344.0000000000000000
-0.5625000000000000 696245706636511957628496254992693954072632181258085542480631053077680953042665472.0000000000000000
-0.5312500000000000 320615449585623148327533003100913343491808380506657335942204768251134572463390720.0000000000000000
-0.5000000000000000 70615729874140639977245944631096727251795183136186933648070332537329118347264.0000000000000000
-0.4687500000000000 -190302400024012226645496235211328161769946375596199453990560824720387216599154688.0000000000000000
-0.4375000000000000 -311873806159302028412883443503206640226172214051487167760326947783830033538220032.0000000000000000
-0.4062500000000000 -394346102126783660320577755552094264438730860964068651265207602120048024133566464.0000000000000000
-0.3750000000000000 -447516720787778904532697102758703022834557267630316752343144751972681224208515072.0000000000000000
-0.3437500000000000 -493147546537456682830641840643958781038396950224130836334335359891917371770667008.0000000000000000
-0.3125000000000000 -520683823377932741310547914099727211447746331507322361818827533210073156330455040.0000000000000000
-0.2812500000000000 -525295214554761343965073703809942172237532756190527801302491182856927448599101440.0000000000000000
-0.2500000000000000 -509164327830497046436093119953636097778399293433993330346625810147536253795434496.0000000000000000
-0.2187500000000000 -471079756891087631406725554238477895284432986617036247601697732568252092350726144.0000000000000000
-0.1875000000000000 -416949505757058003883073756307144641957155242471703116284154171358726061442465792.0000000000000000
-0.1562500000000000 -353101901879833896885254912700978262139575741653989128187513896948544691935117312.0000000000000000
-0.1250000000000000 -280426375226969947897948126188955905755748771412853110036219748951524405902573568.0000000000000000
-0.0937500000000000 -201489830832182170788684369975219518930412766483095152096039376450346817364688896.0000000000000000
-0.0625000000000000 -122350354535511225913644560500608960907289566218742789282383069418432034561327104.0000000000000000
-0.0312500000000000 -48525769297301643996404840057933424939854733579715309441479097431537581637500928.0000000000000000
0.0000000000000000 10480303552955407405955494098471268926701881485853702169551888375094012991766528.0000000000000000
0.0312500000000000 36719573645085374927911975531127089549899772585682150259209112925730626808578048.0000000000000000
0.0625000000000000 45704437440898262811397207472383792840035440501219163024980417193450131093979136.0000000000000000
0.0937500000000000 45947617811033398618314800514415584528311785545312896656294243482220278715514880.0000000000000000
0.1250000000000000 39677990442382175070209321690001774134320376813465538276609198327566935959535616.0000000000000000
0.1562500000000000 32355249586039433484168470644700568713624396368913125091115391747357795508289536.0000000000000000
0.1875000000000000 23193997038297107383904380432322213737685649913139737719340978742081515948081152.0000000000000000
0.2187500000000000 12325939878008307819119118832750753649329815192167888172159995628187459182919680.0000000000000000
0.2500000000000000 3002657240472616229762620073184111952861603863104430713803251607771538352242688.0000000000000000
0.2812500000000000 -86908723187436879202226599630731542974544824274125606913750849461602752659456.0000000000000000
0.3125000000000000 -514229165234235882269861752001909293023180291763261070992105238026900142555136.0000000000000000
0.3437500000000000 -140153353913186162591069704973493455524591309866641524733588997801820618227712.0000000000000000
0.3750000000000000 629391149314644125244981756374598004992648854278775996326298942751778583609344.0000000000000000
0.4062500000000000 513117545879720680713920208266535374858769283056371255775286604881970134515712.0000000000000000
0.4375000000000000 227950368315645198870776791846503539030198678779241719027949064582820465213440.0000000000000000
0.4687500000000000 130016016577970143641023855629748489549128284618383544006121006152072264941568.0000000000000000
0.5000000000000000 70615729874140639977245944631096727251795183136186933648070332537329118347264.0000000000000000
0.5312500000000000 37274076279575911174544901584905228759049933364312940395954417875273014837248.0000000000000000
0.5625000000000000 18711305669525007385394986989469118052425530230045282405573935278295342907392.0000000000000000
0.5937500000000000 9140089981315703479035415291900168589404968253208522843072357416925363437568.0000000000000000
0.6250000000000000 4240804205794821581081283372644470287198710549814608088012619368713888464896.0000000000000000
0.6562500000000000 1917004459984712328503252073554051332869872465235731076627555914096836608000.0000000000000000
0.6875000000000000 822117395208485268003839710128664386557464754494514693019561679474084806656.0000000000000000
0.7187500000000000 343889348519792887670104547587749652577691005822096893059965729719902535680.0000000000000000
0.7500000000000000 136320427818472633579201048897288654842646713801157733449321568406568173568.0000000000000000
0.7812500000000000 52762947545952449101841695981224803464430904474801733327833199115828723712.0000000000000000
0.8125000000000000 19334348018754080272300873984873293792385002784720442920126637360910696448.0000000000000000
0.8437500000000000 6923778759052908930198721198644302995407376987896624860022584523121229824.0000000000000000
0.8750000000000000 2345522523206264777135514101646944869005224372654160635734930787189915648.0000000000000000
0.9062500000000000 777046102877769048610417453997396037893445638501834632641533844601700352.0000000000000000
0.9375000000000000 243383522304271682589373160077618487510266172209463276338533870973485056.0000000000000000
0.9687500000000000 72586119968265434642277685524032069302570136489975215762946244776820736.0000000000000000
1.0000000000000000 21601515632429725340339906774115410270069231027738449048394622268604416.0000000000000000
0.0000000000000000 0.0000000000000000
