-1.0000000000000000 28713339330011093291214518585423957851281030493483093902868012808497304612404894417458433388549023115247616.0000000000000000
-0.9687500000000000 1627343694412297141080886453304832108079465079009102147263992882415331375666192047422330225558603335599216198701547520.0000000000000000
-0.9375000000000000 2927762981327268899429018942341676346399645153737309418032076301163246264006309990827597526031446274962813867769462784.0000000000000000
-0.9062500000000000 3896736175518618284876496615882987189835432262379343193408290131789076568793789625399091400676236697336136517090803712.0000000000000000
-0.8750000000000000 4585279592414642170446096937194986090875083842471784609838956838364015650523017383921039985566596706629530938891042816.0000000000000000
-0.8437500000000000 5003658659064605150135630170260253465811983852458958023018174022156848634605905643770416715190670171187202012552888320.0000000000000000
-0.8125000000000000 5189421182505293470904184151392719342904600438952743353095366839162174949253189086148790899140780289163059693774438400.0000000000000000
-0.7812500000000000 5164982521646647780524255697529557955829334666755300173925615188825331356701958841181291079082060888641320536372150272.0000000000000000
-0.7500000000000000 4957059196657051594212244882460287550309973127649720543366094895901554747038159022464057823917391352264292474764132352.0000000000000000
-0.7187500000000000 4597579363759463035808016302526471174536791224261623673401179833550205060608712837308443033557019890112490100809007104.0000000000000000
-0.6875000000000000 4105065589955990515034953502430611071974449813926224114324632552848724458471455181243979532320240220258177834194829312.0000000000000000
-0.6562500000000000 3522186727357603968681456331440941526946033431744444127484213032062418807309662692140305448065153483801224083184549888.0000000000000000
-0.6250000000000000 2850314570882942089423827078517010778199332608256138817383961964204895388290909546028378821468537399262165994552950784.0000000000000000
-0.5937500000000000 2109444705134455200103771649903594631245940654837223592378236515429821666339788591334778152634276142088719009801306112.0000000000000000
-0.5625000000000000 1347725291418463799425317922012353125171799396765078316994783534923922462281237790016022283534520739414414538672439296.0000000000000000
-0.5312500000000000 621916524258646247984015348295026979863933378044332550079104787216041177616376012530318829372127302726047034450640896.0000000000000000
-0.5000000000000000 93864405091492972479872018509349736899396192610704531123353598125829370782753296028308102673397270739357546840064.0000000000000000
-0.4687500000000000 -367886744214572613618105087488350593919065007241228161083584105592034352483446998160972466998739419794266826349740032.0000000000000000
-0.4375000000000000 -603838569497491191951295546371429420352102734091609190247964482708395430872079128837101203573219762952518123216961536.0000000000000000
-0.4062500000000000 -763333855594720650323687377609073980997784349798715168633194220928287781662203794033612272886699433840722111235096576.0000000000000000
-0.3750000000000000 -866648723368835717124486093237145220529187198704039533712209470663491105242684341192562276748016220493811774014881792.0000000000000000
-0.3437500000000000 -955054419972704415063052422754457921873178342251105385302199968967013149264806016142018467833865602800147161130467328.0000000000000000
-0.3125000000000000 -1008799519645388925845820511502095951694051576011007317448336109509166790632778432963154745318093454493032617261137920.0000000000000000
-0.2812500000000000 -1018149827426375743431291009079173472968352849089864796373760046408586703965794641363608417352910311945514961210441728.0000000000000000
-0.2500000000000000 -987420587025445525109816205242418751693867972358202390412041723571472653126711977047865957035049841086381872356786176.0000000000000000
-0.2187500000000000 -914489490883109501620433286210557245959686976261369200423915359355582546652269575404641135435731482964184917608497152.0000000000000000
-0.1875000000000000 -810243994130287296377032144979995969555623078755273833493340498244742890766926076771743916639166873691762392353996800.0000000000000000
-0.1562500000000000 -687657815822997370465322008567692842165110316500686584917031751838962805181036073337881611579441667980267793256808448.0000000000000000
-0.1250000000000000 -547477211968375598404199734497651972452519073071710958211268155401232925318625313722310063604017043793716676407590912.0000000000000000
-0.0937500000000000 -395652997122283335209326042458676931676459989498685694399683682153998062189331804007731196863253732782644618296557568.0000000000000000
-0.0625000000000000 -242714552203738942290027171815510289579674176373336876999388179005203223823942695472206519370180575909304972190154752.0000000000000000
-0.0312500000000000 -100416511961705123369850604372874657153792142031103811216701903919964540783457224263390137438891090142223324539781120.0000000000000000
0.0000000000000000 13930712886912449122191236605948389338621612654834169719688334073768215330265573693458314507737785910402958783152128.0000000000000000
0.0312500000000000 64782940030649512873727087892078288285257738661287116847252357137867552149955591374234869555608766614447136691978240.0000000000000000
0.0625000000000000 82592445685566953785362028956270712810004199645688042480299818904607701438298446019681667241778724075568801708507136.0000000000000000
0.0937500000000000 83619849666142929850223527616658886695933997940594710118065441890593819689546817211988446154699884865270498367373312.0000000000000000
0.1250000000000000 72155164963632360921743315313429903930204056952534459257400150426206777056919426081105584514048451220239848157741056.0000000000000000
0.1562500000000000 58756477542220582857425064563907682634720094858647203795398231339758853598814219022981166997806540363353315331801088.0000000000000000
0.1875000000000000 41750524151219295067197230316512109191189260961546562718910944775238212715941184651484192765085967161205553046224896.0000000000000000
0.2187500000000000 21453566855860236517077141022164546529235432548275044584928467016445456475276137737814236489291188512458064917430272.0000000000000000
0.2500000000000000 3991216065782481852428326879471796640789439048249582972744891429625726332264742852425389756363674472004495016460288.0000000000000000
0.2812500000000000 -1472023493583711617714111979195263551407715303925302426182100166666280517976614145916685800734822142423079646658560.0000000000000000
0.3125000000000000 -1896907130874344941367293951108850077949470152720403125168649950612645667251604087995919996166837789930966482944000.0000000000000000
0.3437500000000000 -873677865131230154933317431989491338717412792022777029247734900210772515032197692012296960549006031995344485613568.0000000000000000
0.3750000000000000 836604335968203520578406753844532185646129588274586310806876562798778367247398546918624318008192324041171401703424.0000000000000000
0.4062500000000000 759148517955850740084737990475906823341896042241388390121410040788653512826702827445661343279689562989329085628416.0000000000000000
0.4375000000000000 302998011214605648390726128731248928850674765012758583940994506095874551162264209843015536913290546393129240494080.0000000000000000
0.4687500000000000 173207719105504520867332366791432582651286905186601212858190650209600277478020993105191969656577125592830169841664.0000000000000000
0.5000000000000000 93864405091492972479872018509349736899396192610704531123353598125829370782753296028308102673397270739357546840064.0000000000000000
0.5312500000000000 49670981304316840401770842246884875836932033576451639196562975105265614442241345067742865101901787504677056675840.0000000000000000
0.5625000000000000 24871591333629861182231882302673606639664905574351341419957902511381736781607661127778885192603053872081253957632.0000000000000000
0.5937500000000000 12183388483907804719717106954194111536834372006797175533768699161962692243289015669572671085311808781847405527040.0000000000000000
0.6250000000000000 5636995674995828860232897905931682953538331984197416430347882425324779642590948949027006083125167258647675273216.0000000000000000
0.6562500000000000 2555976267729195426401275630260430106942635383205641487228681102616458985905814975726183963855369102796620038144.0000000000000000
0.6875000000000000 1092781457532890472665253852298808609705361338253431720632949450183493637772024692092819758064437999470018297856.0000000000000000
0.7187500000000000 458627459793801263166726407136247670862767658082387931595126294924090798964118509756262591308017539823989424128.0000000000000000
0.7500000000000000 181200929053690670290607953944367689153851587411913972439309243953993700220327643472674409520658140314015367168.0000000000000000
0.7812500000000000 70382696476572076571869519690931015696146937753703600937594686820896067308388736773008318891672481344553746432.0000000000000000
0.8125000000000000 25699756699585306042331075145006589745127425240369943058851810319499003496323697554425821000822288704925073408.0000000000000000
0.8437500000000000 9237587549076356194430915427172451406114681181612899201151428167869432816150422616731341164727586687400542208.0000000000000000
0.8750000000000000 3117734202589842159868946622554992898436975086667240826669291477431727310184900222590967999390978013814325248.0000000000000000
0.9062500000000000 1036853285613243553350912425439884689554882397089276608671893327613602022124660265711463832073226473827205120.0000000000000000
0.9375000000000000 323512191559580418443409496755831383652055279706737410011533823645827093346734059636870808936995735266656256.0000000000000000
0.9687500000000000 95666466195197437083803960006384226672369198364890266847485577620206452129828123422790850487247432539176960.0000000000000000
1.0000000000000000 28713339330011093291214518585423957851281030493483093902868012808497304612404894417458433388549023115247616.0000000000000000
0.0000000000000000 0.0000000000000000
