-1.0000000000000000 188991722893773915817964384854014906650423470571730954661472868161194820919120884590092792249220043029449476931091331985137210606822295034684293828965381922866075728347136.0000000000000000
-0.9687500000000000 16589507415997464330796665598382426919562392619673432055096766845967916541922945925167644443042939841785910315866442182047180963147138367231999461963535001576981787693293850238910464.0000000000000000
-0.9375000000000000 29937338489428060560330091377359532248744840937899802828664116183943929059217658157665727722681291333242953703274415721137849405068437647218528498816221550986178669778553862728187904.0000000000000000
-0.9062500000000000 39816819829641356824705784382266570391978886615446212730876124861211148284991986037835903223334678540486269456141324605606797320174672252957887120263591384951958999237912643158147072.0000000000000000
-0.8750000000000000 46885990455654580001858760560971920514394722439537352730400656535290150731710703975819634638610753493448763250045468332979262920581845487924370025179710413404747203205028861507010560.0000000000000000
-0.8437500000000000 51153733543087568400892600082150395344705030990018291234699475550780291889837808746223570088158602554757215894880668060252554671995109410820466406567771741532501281075116906626678784.0000000000000000
-0.8125000000000000 53063536641350940672618750537681642632051914233310040444767427235926413478439557931500753570117740895834761342478359808901606129818802824015806045647903024654994959531523234146025472.0000000000000000
-0.7812500000000000 52817829477200074306531689393774672992984903755705160973244535813338025890426016820045471692541766035764166777159892200896771407356445529844456200531161169017523377736210598774964224.0000000000000000
-0.7500000000000000 50687558419838587177167907220658115389811128016549775012415686118265899473008043151236651645953025697700040677508644526746051848972366633877593095085245835227779494969300755584909312.0000000000000000
-0.7187500000000000 47026690018241873298014251350304868485092919006607239763150422879079601088826846345532665554871161414036101389375505997869651743934446658430696827971846533235251376305790064514826240.0000000000000000
-0.6875000000000000 41975640521459644335856967583141980804392046774781216980100612395266325031568305292689270264968320172881186780636236252129274445443701142460018611451878080741990937873278504844394496.0000000000000000
-0.6562500000000000 36037379300774332656517126831186731763621944750934184339533081488862955043822960789007175129086172589553569076827164351237573745089226177138145267559564570815384539141964223381241856.0000000000000000
-0.6250000000000000 29145382508432489481490863283231116067544553689610794389046532534062185840652489846041828575406235174107887159537658116353869674668060754515225360609094605648739499492832317731241984.0000000000000000
-0.5937500000000000 21596070516903402495800554579139827268600999722293746973064688446348213647387779460015586119817287051359153037716028812523729065912480491944360580636367465792996226728683579457404928.0000000000000000
-0.5625000000000000 13780843326404833840790893479423476569113020546921563082834048360954985016504754919777280893520129775891055922514581774046154099966909333349047262105339897368241544256489436628385792.0000000000000000
-0.5312500000000000 6382918484278463793205037600281595284220710506325838548077180797443657752262395183615933369509904036709703440287891353395397139454106257653038052268563270738151619575849124781621248.0000000000000000
-0.5000000000000000 617817225393182008831096771693034518352993697438109484063494379054264827160644880228312374325296370077219884227078237280856499646393191994622186857140752988060099288723980550144.0000000000000000
-0.4687500000000000 -3752203370775070769292543743698638918794220541852442809139976431017324793538870054798635117575426542085111055876641519995525526435024575826936077276025287084729349862593142879944704.0000000000000000
-0.4375000000000000 -6175551698628283763943028790513452591852125303533665260572341536005314782751736379748059462536198571132547802600948153374827459266508239401896647681953886058922647387314638095908864.0000000000000000
-0.4062500000000000 -7802802560094606763079238046104388695004999388449240168608496792645479875403557981294535746256202094000634125313338197592961054666598761450771733499035866702232755046891261169500160.0000000000000000
-0.3750000000000000 -8864815969764823611185211137770910570627852236485008283020974921698090330286232311660375762872286077073605421477431875419384984372818424798897390610321135526754695364822001644470272.0000000000000000
-0.3437500000000000 -9768005970349071504048176165645061436022383341586035332267436940298141530542281670388596372320040169766012886355289812147404620094040047348948185851122056015166139878613651793379328.0000000000000000
-0.3125000000000000 -10322504995665098302522950399602177360843411753793209626221865715039006835502461834226465784341092166865757890700110031387409408815320732979458868386092329945946561906049417408937984.0000000000000000
-0.2812500000000000 -10421690639702280832311206212208323062395723797216796885404036497850978894617009291789576286676453322417687028498669558363775553577270133100684272562019323549523749207261617028333568.0000000000000000
-0.2500000000000000 -10111241188532150745696834840177530113680689024671344408818264072486852431749216019241747880308636511430262782243440241534175050008284101004057390235419614443699296431736713061072896.0000000000000000
-0.2187500000000000 -9373519036374517615646591673066691772846610678462692968686208191855994812904826712883506342586891020550334832527208809646474175245195567463278371746221380678688039898804083031539712.0000000000000000
-0.1875000000000000 -8310136078144715265339424154091617113607141599231714790900143532769676616010358881337115870709103578838767896209665703840355061683194440386052023157838282630920954645647697043783680.0000000000000000
-0.1562500000000000 -7067204126157760912948917069988626431213733631649479288865365954521899718596723337471935819248459373405313173609859655596496997831525990407042909284946249025267272807694387329892352.0000000000000000
-0.1250000000000000 -5635266736971177253344640919890897271249621450488470414792002481857151426280287707188448648156018324988060919239190470793032693343473406096567324627029774432457375911570657851211776.0000000000000000
-0.0937500000000000 -4093557068967193113343252857213551102521427102760766087159223374046521268816437157498012365494644135588144536205388453790698262719705677369421581872326017708566420657158708113965056.0000000000000000
-0.0625000000000000 -2528775741469875688761403695701764642444692455933705742569736304086421438718578070108383983201504460065354345064043105993547603730664414505699782001264894081828353325402029618626560.0000000000000000
-0.0312500000000000 -1081097337208550943964930297844846747301376447269234286806540566595626022680080841163508550641553430256129657924242093408316797291998743308247610119633296044988717120014351941500928.0000000000000000
0.0000000000000000 91692206168590759365594808928578720196668116849139335443644202035921254429092626469273647282622066844961381869707574570742444163186196066180089960227251325765675498021419942412288.0000000000000000
0.0312500000000000 611524011347313661843942996050818390431606656609633338859751732891640087811489488484137375409948767098639180239792382935532833869140512925265618787643060584840631308531009434157056.0000000000000000
0.0625000000000000 797595201563278397344281988426476443152305819190210549967979928619192899898527484478755323713415199410011545376670534725889256875259567878839019657571770079899540455559350794059776.0000000000000000
0.0937500000000000 812644121629561529416982167165122395647318184766106777259717423015932373520864387034351064304483533227574904512486289178461968692550552734089037428642632667300940948105546929537024.0000000000000000
0.1250000000000000 700677916425143702177193599857484029533564648414503956820080971012968335676999442260276426433366336058680964813261661016457499627704748854553917679247810833638895931930113952710656.0000000000000000
0.1562500000000000 570135940080345749193845704925836155256437087140030179312254713948745867737591748921165943232776486129113051417756733729785427566896953371129663039690416844832225003362066259509248.0000000000000000
0.1875000000000000 401787820275347382408571622751573022069076174616215942249872970297566130818402061369696784610567686500190141857316967904685375457308637549391895272358289794012441000288971627954176.0000000000000000
0.2187500000000000 200510937486027518068511060951653262166786087842371994806363207773911498365840628258641016904063322698529921040870131402519594808857632781797739577698951500592267851471428710825984.0000000000000000
0.2500000000000000 26270256901994753499263726063743351133573592005139359957519413917393993295723737020901509988342522224209451153847882414981239097126707265245171650436744001925657389126515737755648.0000000000000000
0.2812500000000000 -25434499506912830955439774873545006661474005319600623224847640464986612480046072283557225681835790735034187232744052304287198624858533145914122824386169030465232812181426953781248.0000000000000000
0.3125000000000000 -26594933895768822545084554843275556324683477584742307706907353101492967726853913671445994280355679988850085525935862290243716026193702218758334542147899638520268880393631302680576.0000000000000000
0.3437500000000000 -13785761403102607943549386541598264470031690649478097732606322659134112198431170445529581352983802892672816611725326679754594132359268091525316851109791830152610532722810552320000.0000000000000000
0.3750000000000000 5506544990040678055505422953954027699863205263826330432556992177739118181009492844381441948781151878887786422720126875058848804833008798095426806003298309119096696130028481544192.0000000000000000
0.4062500000000000 5894807891561732155657792216239756172298359454359912722356063356132252639831097687382454304246216988069939869579178294920213976285489533444924293954663015255796621897507624976384.0000000000000000
0.4375000000000000 1994338433251200007610643316191491018815963924899494864622231103418181855404795440929186389495818115589592613070329600139067433307335479949996280666735981254136198729758725373952.0000000000000000
0.4687500000000000 1144554048186735807846057903360038290668877963484538578913698037108807309478019259227041631651159864690912023836764711277188008784742764736807950485949586859982955531508125794304.0000000000000000
0.5000000000000000 617817225393182008831096771693034518352993697438109484063494379054264827160644880228312374325296370077219884227078237280856499646393191994622186857140752988060099288723980550144.0000000000000000
0.5312500000000000 328391573007713484510785407258079355068277660529520775906870533584211820054221242683701877553399863953499050647941295113232124215549992096069102548615233486123344029165570490368.0000000000000000
0.5625000000000000 163705267549369574336488512327172860686573191356341975534193569475031239728930079693263448854840394231355120860677693453198476242473833371974249460443086615683262962602644340736.0000000000000000
0.5937500000000000 80588098481743099189143042605694192733862664015244054384312314165773409296640993820419754813513330219130013597985980653621523829025277753695925225326967790490879050087846117376.0000000000000000
0.6250000000000000 37102808291350139288271645365439572769911600088101119108381404227420054392677672410519774357794534451289046133371643949323769619039826764021897883842436805390426037373634609152.0000000000000000
0.6562500000000000 16914650885055550439480100515901717013439954242118405700864368864286086234226435480005087805306007631915654322482849127716430577624846837260988942557003602444983595060355399680.0000000000000000
0.6875000000000000 7192707474105935572597355689622569994597282615873602036476167125542196207230174744559740925219897649656820302115074542950461703036159129626733083870012621341120534375613595648.0000000000000000
0.7187500000000000 3036370496231887931042908187736218688460369305683758660332464549537183908475755603966214698005926225030270884495931039936510001846093878625202996096738063935330178873820184576.0000000000000000
0.7500000000000000 1192667818194738115550876992265436936855174006931965485042028769199558037472781109504480864524200283553093174209217092882094476653235656002194371727594623050880354613752496128.0000000000000000
0.7812500000000000 466152242567578555648822771069035434167665960704975055741289265342276799002299130489067802279831662590261982467186626967331905158155245574947116761767963134845461889432944640.0000000000000000
0.8125000000000000 169156267466345369168587468868717053615363295394870203628665742060802224754726450146747810358576585239698267843315677755416665248232049980445622597317618367358983076252221440.0000000000000000
0.8437500000000000 61200899251386217537826978663193948840579464879007718561370733586063832204820591646328598789715005166477936458097229465468749394584377943941043964936760576600832120834752512.0000000000000000
0.8750000000000000 20520983355511126158720545042346704936240950469725707342739608346075821201796583774145070792938133078621958016200551668183599754484843452883471611584133031466205863695351808.0000000000000000
0.9062500000000000 6870889122805792186220478923803933188751516332601213959813250240925429572516273243971988377700616124479400320186974779828545626700536797336235082498115612823469211602911232.0000000000000000
0.9375000000000000 2129363142232035730255229547218078900569290464907642527933694031520892605602312816476692158236263893207436065399861586802082389773041520221783276152399262507059437635633152.0000000000000000
0.9687500000000000 620177733411425211505549017477738144052041277172769028062770168034648813113719669700606682987865245795111014260529805727348429216625263418934573689423951646497303177461760.0000000000000000
1.0000000000000000 188991722893773915817964384854014906650423470571730954661472868161194820919120884590092792249220043029449476931091331985137210606822295034684293828965381922866075728347136.0000000000000000
0.0000000000000000 0.0000000000000000
