-1.0000000000000000 58490105215932546009489464166565334902138841844392437196354228238419627550349538289735555101446237161056648926428517855023649863194405504035026975501893158152235845636415561574836858492654364655616.0000000000000000
-0.9687500000000000 5886084080280772632786916094742936327209279944644175752053994078359925327915626673369368296529621159808739011359206800920668149903236143025513345082989956726190754857750704702025192693859235701445418370990080.0000000000000000
-0.9375000000000000 10635466504202825057014914515811743446902224362857379685974155339891866875554560593700669118750971554605540033505213634830462528381483180043075311807825551391821469894738395086822526572478456616450240305692672.0000000000000000
-0.9062500000000000 14141011412646421063767551806481438047522326143345828441533065231167854506891506783052552294936353206075926125798672298609706698829702824569548776923013154734867873141350655428370909534669233396956939597905920.0000000000000000
-0.8750000000000000 16656603630948301926211141948429438944581345563208458661404890152369006423640170764134204819074293796182303818103095804265243854885707066574810144592596270436859556225307875616800380475658976331117795716628480.0000000000000000
-0.8437500000000000 18171229826095404355999942247302004703318232788339551366192850687795803027806252128083399845969794366885607318718805942571114425373115744831901108411232429374770570622777517921020530138660012080603179213914112.0000000000000000
-0.8125000000000000 18851223749108366184566963450157241570045635714789578992169637079135040081693973859901568011324264414187778142683826717310428603200272970520245752219753588271153437904079609620679584031642696363180274648875008.0000000000000000
-0.7812500000000000 18764551744410243742303817471865081300370893141435041432924514220403434025569860088190912474039032856078634866135569887585618910828199104516483995939392373080571395772730763196763251855839954171276581253677056.0000000000000000
-0.7500000000000000 18007139422731274375816389444591853676786321948114775189893705760105829598101175809449274102758490080659271715213041771295762035356611587837755672338172659561854534464342385286044717103182098076428002819833856.0000000000000000
-0.7187500000000000 16708790043826015441018326995181775139684642655204126160010470894200158383640081718867072020345975319295171137056711241837682601628775184934969150986567794133280843119103027582159853504097290704044041202302976.0000000000000000
-0.6875000000000000 14912164254813757750317959250904263691328649827754173224820787041730763596093719486548938580417306249534255812286512665053269431850556248239059577300552697076898879851067861954059516655986683116657366135734272.0000000000000000
-0.6562500000000000 12805776857699744462583105636991696533410756349310029653417110768911257170010505900348326025240906960016119789912875121446507803128208081482168576970671453098155106202586535438546343189246046136038591352012800.0000000000000000
-0.6250000000000000 10354116438594041213738102862999990908438670377019952552850036898961473028981552061572596815091491946684721358724294850295934164450556391312048101870442961350581070084629219218782344111304032802536211376766976.0000000000000000
-0.5937500000000000 7676049791496855162131348445837630344591536695261895665214792437327360078836394280896543714654708482940596415802336502600904268863931780323008437107183732685487520420983347999791637951590666925667051116691456.0000000000000000
-0.5625000000000000 4895741594528956171891143823254256345470951280599172014490962204505478610655128114255518331660734927971542397612416837525905027576374307638463528214749003339654942611342528613400443616353948058972002405318656.0000000000000000
-0.5312500000000000 2271074621705447119010567131122177721202442070044413872795387014035476220741932553563919102211991274682076816271846052328942544853180707040158093918514383060741902776743859365992878047233345947388823411359744.0000000000000000
-0.5000000000000000 191205170068605093991646688682503983171386475057431913100585527243171755107293172458545636031000476569337491527579187987545940795837219253340910082818387636336549680808856248782244383430916605448829272064.0000000000000000
-0.4687500000000000 -1331548420630439694181999171967882145329055911209414048809209765016057775772694014435748370103750673867819656202777391056954231579580393553597337593136240513311916796116143623532644237365015169380943516401664.0000000000000000
-0.4375000000000000 -2194002854310204517152878157495783410158477771369460161661145079179510387842144873427851883536138614208802919771561469279805174878570634914599885648244767609052413100115657372676670138535630445668573542088704.0000000000000000
-0.4062500000000000 -2771509508640792208530690267874581236261612518139943995500423518280088033669036569701387973210326150556423453399014532010838071059522458922572540382593311524441900303698226357511801542997135325184215427842048.0000000000000000
-0.3750000000000000 -3149545141252978110631806506460562695341151968077757546284049259921520346988619434901677519138430688445903573557844646056208149906931214860572813316387022036961254143123157966712734369502429285853479756103680.0000000000000000
-0.3437500000000000 -3470182183056011283199747401156215065932634227211445024883012478490727606311661577126846888249475172993970577020161761437592251136328987132099333803341404305405141598936831011566613139025545954901730124627968.0000000000000000
-0.3125000000000000 -3667743431696961114723656286298225243653184946563464279494566457507792183767229618760811033424409551004716459001593097336397269095316266722903719328319201140392529645633515092344834524886514991959161543065600.0000000000000000
-0.2812500000000000 -3703297680204864749108788638505624485862231721535650273387838383912338603392181429753871998877715590189016810043347592090637806407804897222543985255560614236421271599818233853672855541289829479611887786131456.0000000000000000
-0.2500000000000000 -3593297560008326767913606013421198549540359080241094863739449426273692771382962573484642867731183109703062240509035905486568333990766510228486253177086369483826563184746876460594454660847692439862705886593024.0000000000000000
-0.2187500000000000 -3332078577362235104352284630964867909284053360970763950495632742685850903284407115812913592707767047763156600348226087432949119883477625503247964025565673334094774500047766292319433267615767050472920581144576.0000000000000000
-0.1875000000000000 -2954316514863155764777955213199895889829562978266920129445157678400913377287095861739287460963058092205226707921272487601503719274174263899384412483767029190894906927654751827706845762882225294075119513108480.0000000000000000
-0.1562500000000000 -2513921546089454342095270713273872575329451177871123560013086075396305895907279480192408761427502731848949800021756665772095535362223914357435017946247904189399722847601697280116602049418800948402055481917440.0000000000000000
-0.1250000000000000 -2005041821014023299921697242681536267912874711979373107201994654527001051751493140779492824953553556903015218501850178402896502618149479252316850874599067658310428498215741352557317559273217352864246400024576.0000000000000000
-0.0937500000000000 -1458569609254151457491281698707489246515730728630686539763632244475496078326090178625433129830567043022564258130012711827400866400204098309854316288151893873814266191397297496665144429457472067535437584924672.0000000000000000
-0.0625000000000000 -902248336657405254256111209824988564560817953208553682306524347645354733244681862118549904435129032385392655686282029315423385929813715502950100227990140118265232589229129445486322307879878273775324895379456.0000000000000000
-0.0312500000000000 -388852344382981443584590667187881822252317221819182119450646925463695622677218899507685896835569394190727709732526952748534416421640383897216521245597882258458414369642741509523450904111228261510320719134720.0000000000000000
0.0000000000000000 28377363326627108056645914460761495382002505679727800082188183482770265273261175766257534136391710573278417214144589249337030075193111278497334426214886516697872536558842742924429757457059427876621284016128.0000000000000000
0.0312500000000000 212966010534268987027442448727793209392410015383524727076779719034453694974594955273977920178807570064689258485932227550344838894338484168529039040216307179740409029133950117499911304014973930378569071984640.0000000000000000
0.0625000000000000 279470163736343830710356118285352313676328935461870452292157536581274939072823659886621388934893104373417719376746270187195334540930547042254122409065479734836466852632491961166473540078619465943790540292096.0000000000000000
0.0937500000000000 285203530957962703553442959676474665287946951575679772457189385555882072934521064800165303924340819688985582698254455947729329260591946731223285145257559153346745420905548483324522225077953755521234549866496.0000000000000000
0.1250000000000000 245850560688276779708778640199361144718797282965197222720714913693378531697332680819533125014733063093207067386560243155487250298123511790849633269301711772050425554130257640772517286707264627703844557553664.0000000000000000
0.1562500000000000 200040056160717479427062398814550337417713703842115576382840633862851833642520515971579792558178049102921379328558589065480467655385256860927557938519210771748285918134685466662139893092771533187345232691200.0000000000000000
0.1875000000000000 140660509977549029467628468480410410559262157709856348698086170641779178660859438210626278600265148944361701652257764097315974962115569098110423119025221682294016544637338946213060786071940734531056521183232.0000000000000000
0.2187500000000000 69714503587619724073005569255503248478299629337319156201244420330910484218523213289716360503121032666023491801655643058942907366904114312103298785176394647855783130214325707689304549041877568963770417414144.0000000000000000
0.2500000000000000 8130250715323104365258950441526194580678896994200391218742844454882728144150152179245009128433813930595320613113936125397272733060467597172494011834831574773565434069763603372112886296133867955221627404288.0000000000000000
0.2812500000000000 -9891101487989712021594493393248425562145524710548992041995162584140047514710330289810149062146547732722218477772325567286618375502054089198434419158571577727265859879079115472211617704441148188467073646592.0000000000000000
0.3125000000000000 -10043311430545527862503632769864851412749912458412922628163394762773736123476120625818198921750011612811467937732257272298398209671097471551857930057496861421599794011800934317360103935447339865981977624576.0000000000000000
0.3437500000000000 -5303625968224283028613382321979708215111700123380210230440018834431651758086380878721218013413539719585834902617233960800267772609675414007156468755490504376418199405075934595760122074765024035067389804544.0000000000000000
0.3750000000000000 1704193130324319710470113628661269868866575974959173485276164474840560578176732459195681638678134840432330713898167026555573254826432030364420688441838908324583969320213863002359426261994992471981764378624.0000000000000000
0.4062500000000000 1939908018787572741084498357668122221195615680667025498825311828510354014662015276451500916993441769779713694688230177897780033600350204279897939292135636174797995517659551682963759717194174417458241208320.0000000000000000
0.4375000000000000 617217849601784699777424937746462122448776265952712636697890724831990930605247417641051698531327764501103829117258942958647753014706140479787329057572239320461588970355227108449959167074995011961151815680.0000000000000000
0.4687500000000000 354800117905309163059510353259091971044202925368573110835611195571346062934791662160872751224211217593533944170717939981353564498602112582928129808611178933458688518062769310622230729577832193477117476864.0000000000000000
0.5000000000000000 191205170068605093991646688682503983171386475057431913100585527243171755107293172458545636031000476569337491527579187987545940795837219253340910082818387636336549680808856248782244383430916605448829272064.0000000000000000
0.5312500000000000 101819349435610437838712153658332204601935848788717325278485649238281797280704144719505756070568628895270264190251800966741679240605171551995893351161545447225896952109066916516808048319879802472206696448.0000000000000000
0.5625000000000000 50664326335334817531942967700000589734743152260355723129311093720618148640626788344035303510871516675414987769471204730928001111541436024119546577322647989976709407734257417717622136058619030812839903232.0000000000000000
0.5937500000000000 24991785270558231174011399952457084909830105788182686680380923375787336462037237643636649327941804639779042919048949182162486779964586745639347585807839837279541879258000125756927502454818467703511056384.0000000000000000
0.6250000000000000 11482762988464097515070582257165541006703949028258957860225920173995983378750633689383332684427071965359530533807898324002196302339125243070318506191666747562178636267809275814690749323452361439252054016.0000000000000000
0.6562500000000000 5246542899659466149435445808684815861908316711969719853838229241979372252752255520696278854928857280612422127912890612193860966833958588242067881709746690946381740755232934091885628762923691816070938624.0000000000000000
0.6875000000000000 2226035143265734288963670923422174618239441669461458200969183929367562200318378001391939843060952888382364993420451112739328863693717446138561120160071051557749241103134103618624476206616648834776825856.0000000000000000
0.7187500000000000 941981933701881831287927989448467946437855887403714663254935880195092502827372321538801861896122379871962294260458154592568534948624782757691070177210606689197332747672707446865266257575263537440227328.0000000000000000
0.7500000000000000 369112811427600720544898061396886906495861382363177216796587637507383508723767116510888143565483051254068940260155533723884407295631460298470799733510396433194972209702650342782207966031902970287751168.0000000000000000
0.7812500000000000 144638660120053253448053599293153081920278309796641654130660625349022978559070652613339964682043809700672636875104499117674914156809621609262229459705645417349450723803044100830667356499470287663792128.0000000000000000
0.8125000000000000 52351329147180069312444447876183110623881285414411778035858564896421730369251971788136331020522740431051519805851058557569788399442366907439376659262595334822587080485633759186658078880434793698295808.0000000000000000
0.8437500000000000 18992009587427054737139029894801871547772817384492257316262956720555303396610980899736090527948084855366370872572680382435341998404871229015705416102942840649175775030262031822804680308653940497448960.0000000000000000
0.8750000000000000 6350936735324019563264137387072257656182892472411983414249755564303807760839186713751245170506292149588429123995708767334307350980412689060040370377155276168724136962235493766461648228192089693749248.0000000000000000
0.9062500000000000 2132385382740374187177997727827858769279963091365226281533882977604002046879120764792140214449902266589385955203233450211386848414791751507835720900421579676445505925284203841639514418425061282152448.0000000000000000
0.9375000000000000 659005972989679186649250807931100255832942966184351840065422122433324332247154889025992803409230720217508382124195838246399071990520807797566510075759785680283807390508004692296329260428153644384256.0000000000000000
0.9687500000000000 190715201127363707918255401624189107522925069235689167557592045454136737434740973525010755466223920275238635322048214210716406147275082861159327935515610099630059307789380127678751494944041862168576.0000000000000000
1.0000000000000000 58490105215932546009489464166565334902138841844392437196354228238419627550349538289735555101446237161056648926428517855023649863194405504035026975501893158152235845636415561574836858492654364655616.0000000000000000
0.0000000000000000 0.0000000000000000
