-1.0000000000000000 479150941928919416909737690452503223518321392389262845512533837729133588892463417669513667391047574823376068005302418268353739679288569889054940983311508751583116047453516280421063544771824555258806272.0000000000000000
-0.9687500000000000 49127376761501574952962558381167721584571979241289539224482814556071489691959592081987727873550931793009075085946399694692040874102067918661598938483609804947818417749717366387403111818177271536793129386147577856.0000000000000000
-0.9375000000000000 88784064648932359515795343288046038702220292215121732620869584853402249796146739977842378259632678907665954692528421453645693642922375243172296747585047944206411524706197570123180766041437285781038893681919131648.0000000000000000
-0.9062500000000000 118042887715845416791312838822087355216043878036166343748912070008421855473647237534419359563184205215935731276942608442717640708964485387406009767370388117687023753866043979080301271709345869279615227743912853504.0000000000000000
-0.8750000000000000 139048058964648099798293746055226031551537614901380966457600650102586954828816367291881875666750726483401774201436727217361171759777113649604660990576762765188900849745399532100036724409342941761916470117479219200.0000000000000000
-0.8437500000000000 151690166296488952398623049753889717360110630160780599462117714853965974125660681062925892136271310155992407518708087057497421633493171776917587126581956762900317303610120351829734318969861019537692104903700250624.0000000000000000
-0.8125000000000000 157368580617131687415413680878233929498111631818560303897048155785201013174909095610280513621087886345927927569616498137789042278506714711456406790593735573086082977290538517423152576356329580372453970337331150848.0000000000000000
-0.7812500000000000 156645810622956598834291430648631337435233625944342887735435155269539298601747338705136018508136761175597203116004066894226459828198378881003485455849681857527737853847524120531127712300067006318893024417134149632.0000000000000000
-0.7500000000000000 150322228875251898168195935841122537455616992533525603265649876167637141624376347362708586640554358529945534065305923004405940995710174175594299045485682296146039791187968411428913369430154212038423866852119674880.0000000000000000
-0.7187500000000000 139486422519974031686003047139204814608628999710402736927173443249472105177284800456445779849083015096859524734432077362758599499429226514155599391516317138753974210269371401909093166335634838457140034383363702784.0000000000000000
-0.6875000000000000 124485611518943842472755144692256369595517655437975359660116575232544649130482740289854561491719685200515973305886097534929881928428798089954008579933308485965198344934903426787738888297838174743204180407414161408.0000000000000000
-0.6562500000000000 106905627012249400860836225149307007512786636928732559355005294322635596260456326996748688759209389944209494219555349164933639253805465383501589401864386056259008134407843153935814246724192230774440846711173677056.0000000000000000
-0.6250000000000000 86435373931398835052973196389612659332910902073183826150620464313796465096393378686444952426926052775255317244273805205643986258384928736931195863508276670194208521762854426022530642866259139192181806272211845120.0000000000000000
-0.5937500000000000 64083867224684645761224311677119470853698330428259602867104772788548744970411731513862001170317975819439089019912390189330778982449896775999309850197496756075944874972989104241233294546980983362464176876021612544.0000000000000000
-0.5625000000000000 40869270195533276693712733260213407298560324842453152245819715140198522580539011013397773286538816912088969898067881863764834901523638341404729710338477663851849452787604944754358920126171426849570641340792832000.0000000000000000
-0.5312500000000000 18963070081450119304273699094615011442789779710263232782555436979856196998284631416768893714404341061243559161640465324027757182797293774875426377405191341542782544231463039840296560120287415475142681374532567040.0000000000000000
-0.5000000000000000 1566352753202012929979569673687072630139998003670482232119996639176063017838945668780405850365955904056012730593928707993976346999498500123368735398448231516869014985186150390024145989066068831836809396748288.0000000000000000
-0.4687500000000000 -11113867058433575087968034879050358413743246632785998871362871194451708063856558310837222957470279688546292423448972325431741186131181875070118701194293529250828358406951124153494534355842581070007644110710636544.0000000000000000
-0.4375000000000000 -18315465027025641735817252962437034027382597233197542874135606354006060261114436560293213801280433183654993972220105737020693628757072256218896346055812676193320823348603302886261995451756338628220016625430036480.0000000000000000
-0.4062500000000000 -23135711917807285059193261840506574444961302039537369625056818381004904892825770359822914784421111382026964203228150113014453165664727738053454256430187978812981908313005594177762180047051486421054675253280636928.0000000000000000
-0.3750000000000000 -26292428773886019224119197645963731550545193907848289168002268308443402982058807467460598467551598716772441900446575998860282452957353577905374435428182169903262801259443645426164802682309733265277424373262712832.0000000000000000
-0.3437500000000000 -28968775568270186216507912509196230625310378252878046207628608664095641354044825829335930538805819579096088829126225966571193193129631271060759777915659223299333966801149456566918531091308238790977413032829779968.0000000000000000
-0.3125000000000000 -30618670482325578443712718706798509154012300172303454985615262247566567258152703225025402624000128293200122412455761524760425881105513026106714398910161690613087384172494780059227845031948961280083520675590963200.0000000000000000
-0.2812500000000000 -30915818690943325411718074873253025584958375755122934655107078681211801534863525880815849494797375131496313962141411804920976619459340864960369809844147338807163566688263119242809963290644156821320574795316723712.0000000000000000
-0.2500000000000000 -29997842156435623990882273734821472503890178146426428522835386621940291598346893808205400305074518259155366503627700017907039437515121565486810500805101406423030704066969310989874297898763976984043422423946625024.0000000000000000
-0.2187500000000000 -27818196262078080236786844315609353395323486770179744795371878541992085058342630722379417947116390800055907979727056592249761907707584613162675532565891623563743647118365143847799123771669382173530470064150544384.0000000000000000
-0.1875000000000000 -24664599729457439990137164743047799185450823168711125093791075159562737481139527030465109568514447579572634072699447190166625578097578878315782810691307741135486563121161840514001688469574348597666623961304137728.0000000000000000
-0.1562500000000000 -20989564920246159900645372596863709531681486504486346920658363643786056096072461946649264319031618234239332188423781432881454125794549609094422976253858356831455399897982227778853317392211751556238936753706106880.0000000000000000
-0.1250000000000000 -16741173654223576820903879060088739777396796688013404722844708619240986056317782593124978694653909127254675955169059052377912221024891123896156111230374301605393444361910788674300506842130447375695813275314814976.0000000000000000
-0.0937500000000000 -12180703855859687630743575605525070066751162557589067348055195487514107481673712311648850114835459028900054371363743712389771683667242025239344169181308567484302799892421022574378015049265433001495054685120233472.0000000000000000
-0.0625000000000000 -7535992608115966656796115401579536157212919477683289523193211467734997311713021692895036034204645286706384427788067924691417651202172256633498456651349258491712620232548517707182836173747839940326874388075905024.0000000000000000
-0.0312500000000000 -3251273306899768854464928767711708454166120191619455340174220319328960669461094392731650943400096728210317822840143060526269605210512208766179939032562133943395869429741863132129727363064088170210166027023548416.0000000000000000
0.0000000000000000 232467360371729269200043331262558170169364526528330138273285599090854013118555551877181719645320893016296793818272475130568950375981967593450163619552350344788971819490039750036928573088230833165281558660120576.0000000000000000
0.0312500000000000 1773279313751682415802085466808350830823156641968014534445765494524798492314882280654236946287587602258832513157823557479950833812615911515106505900773971400851593027361686402716300735185177074843966503567491072.0000000000000000
0.0625000000000000 2328903463387715904672404226998805487468302520238440273758100590843278480930765269773624102233944109665184867784543244236177189506429365102792829383271752406344638219831303585144621414894582017640520451862036480.0000000000000000
0.0937500000000000 2377177957789294272748113341115150465676417529395436016973048333481283021922203844510667221795105946545020196460166608635752659465339807542171784676725139185060508117294062809128196046415145878358447053244203008.0000000000000000
0.1250000000000000 2049104577211326573632690450067854871664859627119106860970710130595294457613153346662315730909484891888794835366806379439818532283650453196580890415770239562357304793030251782251244445024641862442903103040651264.0000000000000000
0.1562500000000000 1667290807965138472023813386893292969492960558597000613777741765749490295593762935670153280090521824341275638299530225398273007269707818598703604720621324301036209393828030792343181944708501854684073412314267648.0000000000000000
0.1875000000000000 1172032838765875417143495630704368746734874918835864369408407167436109900147018014589466667010698367660494477416299295833102877718234937860082666579172303174719896646312899391075658626315082576244883346318950400.0000000000000000
0.2187500000000000 580387138684310130571344658738234033310311120499968992940141016480059472682875737130216597767985994634750082346103342711695312613608905220708390255360239307501254213953162104366447976168024077735645236326039552.0000000000000000
0.2500000000000000 66603013859926870960201322016982586004921524176489604863941381774399308956878046652375114780129803719436866462629364739254458229231350556037070944950940260545048035899503438824348764537928646289175571695927296.0000000000000000
0.2812500000000000 -83470542523204883780700877442080007775361639177121318878424089001179884137499995161377584595689140114305160519562305905041865484612265987237190002420225020008844494708606589766104660524540299532517087423496192.0000000000000000
0.3125000000000000 -84468356242339638384602481706203624838123793506379651843342631098071321931325993278113848443723769186411581061034782772847859902532906086449404603179729652400036429504647656450434031926660043819353384819884032.0000000000000000
0.3437500000000000 -44704425191187551111224480798391345295427618760748291210831577743146441515306451805304335347315090749795773199381465508433872876919544684673571563888128532670730943759413195452018497068363193727590611774603264.0000000000000000
0.3750000000000000 13960750123616708444715112668917438095293242179291101967441150915335677197418326924576676558439231459088558956597390036843207190083541114839011523954156382425797563893623071163466886571374276175745615377989632.0000000000000000
0.4062500000000000 16031640891182103213252831341784055169661049877452010078178403549854346474386572122895402611098944307347923828069036315630279021876468741662683774047057322620305011947271922793488608955952815371214330930397184.0000000000000000
0.4375000000000000 5056248623937760378543558798706773041723050354360982696204963180474580851616389417328925900477939156687394027628963166036929239269876750021168331587008057447041515491088799664991964518200889300261982437376000.0000000000000000
0.4687500000000000 2907221805378326953928651070377724971829376732602249858134726086763675694140826316189559241886121948421341005319963829656339894648441169791816422877976977543930612898275122308108896117821374304103153237229568.0000000000000000
0.5000000000000000 1566352753202012929979569673687072630139998003670482232119996639176063017838945668780405850365955904056012730593928707993976346999498500123368735398448231516869014985186150390024145989066068831836809396748288.0000000000000000
0.5312500000000000 834330511679175688443272127855003223818869191379983895821053015143601031502172593879218618277759486762013996561459658618999861303551567628009006302383181458265384552059539306209026219781740111994250430775296.0000000000000000
0.5625000000000000 415042161339077795729953364226465997451347107397743889781355889096576086639464007110979609833733937131411714932413632825840473462396432106899692574583064100434158806674341967800285783211574559849727796445184.0000000000000000
0.5937500000000000 204794396157673582310264289492073059320755348865113217205751347695413939821149063750921420850609505666416090073195459208143123931986290576741593830531624469560819300225467799638562632250550487237302199255040.0000000000000000
0.6250000000000000 94066794401516421758467300018775841686566907873004761531781435340093073808329156988795046602709253811021250954265903804608634836041813664094979790439001897465978759801033361202311207034081456586758828326912.0000000000000000
0.6562500000000000 42993853088760184793619885611768246241718335893960107716839058581384492948742909427130347570918504448012956559646709884915129528967281556052991892437251361267119670658443521720742860530743465491712232652800.0000000000000000
0.6875000000000000 18235679893632966583325042551474745740923845223280217039034980508127984844891244763577258829939490216516010860028457056846669138791547548278103967842520777058914903776471268281188495963743432299401011265536.0000000000000000
0.7187500000000000 7719464058588974731118341065457721726640023275067934063979935180229493438450301922726612858984192431242881726517309567992113880246057445305910687157629135193062437630767231697125706061478181659755778408448.0000000000000000
0.7500000000000000 3023772151214905102703804918963297538014096444319147759997645926460485703465100218457195672088437155873332758611194132266061064565812922765072791416917167580733212341884111608071847657733349132597257568256.0000000000000000
0.7812500000000000 1185329521041816036794081098261130203324945705982401332590049062267123971432663986178062770760295227826729280936878068551466132680959243553179622416343122870704852222418679320684988592992121384955447083008.0000000000000000
0.8125000000000000 428862088434495654016147709293843845797907658279899690248399274171267798295131961946375914646118194678193935105810698827351051379126571901152893314696424270828488385947926530970300643624184270476198019072.0000000000000000
0.8437500000000000 155644562761170065153105089115376171058693405400895683823694897435636872980494687187087413964852506576735734676966306639292280356200836372550036984011224789251362831076355085931285866699951176692912881664.0000000000000000
0.8750000000000000 52026873735774368262259813474895934719450255133998968129533997582776793176794617559050200436787545289428411383772846222002645819231540748779850714129656022374188129994633164934853822285349598771193839616.0000000000000000
0.9062500000000000 17475699454080741555115732398496589952902949117481150459142497650080488154363443224474128634134865455115897908024853901777125592793523106369335458894878389982250570837134162210275010170365152164036214784.0000000000000000
0.9375000000000000 5398576930722262410923391351346526990669448416816592809171211313246430054213842015908386271007257469032236792814494875504837585964043434573868134875710691525334240116905568834783845662306784334462320640.0000000000000000
0.9687500000000000 1560861887767296884853845570080772801694603465412426687933564049695979866564984030871217224745613715590901873591139557339253762319921704869103057148180936907956930516071162669125140629389255615803555840.0000000000000000
1.0000000000000000 479150941928919416909737690452503223518321392389262845512533837729133588892463417669513667391047574823376068005302418268353739679288569889054940983311508751583116047453516280421063544771824555258806272.0000000000000000
0.0000000000000000 0.0000000000000000
