-1.0000000000000000 22946771309617483297554133120839347969580935785353716281830866316278937709067180556291603494453016028548353651681812773900222839731039191439673309760261261772426698818565830045223252370028932985432840943343398993345755793609460844151576979410070584426496.0000000000000000
-0.9687500000000000 2936871397546058756768401277187327890060608467236049885181151347356197880224208798182746916058333556491794997547565117699912052914138801927012610928109173538422851713180183478811444104024463901928613268344322438726158467654139247823796724601573399479433827778035712.0000000000000000
-0.9375000000000000 5320999036614846703712398068073967239035285570979357062816369852181274154005532667874216310404041543782061181775963553288178848656681393867436547089049007080678484115409302480306105132165014605191948644181272824686003618191589545698729186555293119213921757682466816.0000000000000000
-0.9062500000000000 7070341961758007411417482640081699771389021659881634929885279882898360719202125623118198406343844016189726034858935497661433993122888778499261085306223317740961433074302270499017370779807055800635622042467632541816766363601426259953946609756894905482150382692990976.0000000000000000
-0.8750000000000000 8333416482710961006865862996027632726080266455867280286277354540076926927742746909591185848370747302134020503210550183465004446038298954981855349250504540300873541369665119505315635763283669796550700611499332270617691800051760381442806494640420172411003453415882752.0000000000000000
-0.8437500000000000 9089568005963098597294196953122139778569018734343516274123608236743043499671797511986988153251513160732998158040051531772297885058491842961298946920058744221652184775923730431629331342606684509079200019261781045999605779840649330446101038247087950084832588308938752.0000000000000000
-0.8125000000000000 9431400428894712788388466836097040842414428341836188387607781002482750142836065080148410281410904471229545691673385531926315349185737687412869039988711168249932231194923049298098148944441360347204345618606111055388588424552699478334302285919368385553592845288341504.0000000000000000
-0.7812500000000000 9388697642111657967468767833161966402445376786546662982530152487517801335040270346217021537699722707842126165079421843749875916264334370872871745217030552354932098607334113130546879572866480260990440314398092688013142316796829805007210147104420981146512317491445760.0000000000000000
-0.7500000000000000 9009099042344248476363958653480179182867813529669421324969408983525514626898383954644439752955448180048548484584275972477832576328392323742948231311067837198852491229972268529109316668728510246144638293370005845891417146384338442301194785051144591053195413462974464.0000000000000000
-0.7187500000000000 8361879158765785686576876069342368102373666727956042570595965966394266912874596024284751588083041795690769157882443745359587564775086888358976657871284024580865121452568451478301134440272417682549868721621758750539765348737748280975464929088766455915905014722199552.0000000000000000
-0.6875000000000000 7460660897836694755071735060200414098102375737363604543186660833023789207080243868525994137344843339191421375074194924194504174664506205367158194083709120358394326781522977513295130862714599062364527653287882871063502958723982701836846882759513733292924326331285504.0000000000000000
-0.6562500000000000 6410267479275376473028871998152605814626845697503365878081311289544603759309179610558373678283875816619702345476895204603917327275683934811011474038969849198903047919770415204885029535265537800598011321043201056044501832225931200570741530971882733214428026684571648.0000000000000000
-0.6250000000000000 5180236370986769665252139272897180216462922225368472963915085993566356876954874217151514279814991535243703657789477976649969518536279089454896282483930012573003407060839123672048457646507193058719531476086674297678512913908935287319746412105613679943663207650951168.0000000000000000
-0.5937500000000000 3844532395217350360289149278355915256592127297637669590618609967520015105836424679426291016142144345062616304984269335746564577426618171663907498743580255383466545961468122283276330736637962676331198558159009637910613299058410840299020002864319476395812573090414592.0000000000000000
-0.5625000000000000 2449368639337809131683500774009587759929342220402841609581551334928519990121176650452946592889707455048028988206707808833854657351908526533814308287127936228996619238505819841571171572302049509806694496161912353904066438616856707156922278187606304274859873173241856.0000000000000000
-0.5312500000000000 1139974692071227298489095670762462885505427512925070519139613950501786254953912179834156790410607166735424679853722527917155628474300193812548769109313887669255644758572725325730043438743252304106652126067715495329558135572637778257597073134790833451696546423767040.0000000000000000
-0.5000000000000000 75013394053284154108517733995768155527888917925648961699392487034080868096956231606942757333520752496737246005856434222184829524020879851486814449554706666002423259847015227338740327147349600250697957122460167407661811567091081469631548895159551695730281283584.0000000000000000
-0.4687500000000000 -664615420301192130199234625913190330476733405133233430356709329794803237680332762192282835071869656350651344903134846430088990506169082768004671307366369379283023476689774728642141715815434678555450229050215073614431787686877258813751386790701478339662242052571136.0000000000000000
-0.4375000000000000 -1097741781934840504852840792727526824155249419280946274093640289092410954149547267951916002470633476965952062517279341794741805560786298116505982368825975322868524195716992755920056809808959940631379120533301266955409967705984757357865399087500031944914058151460864.0000000000000000
-0.4062500000000000 -1386024040991003971260621169478335909407221151106672141329217699851177039597424465328810433219703302741557749359784037992838581219420444830261843701424033366582636018324037553032357732448079378423319792885107911087213672058167993549536558268038558248676595794444288.0000000000000000
-0.3750000000000000 -1575923719965090462928530553752289268069235413546993682204186073683793475244416619168115456436875674543611176474139844073031112316462606697963217690286579411163766482583657535705605053666010044168534023514854386478179205037673557032529396192067014591629982823350272.0000000000000000
-0.3437500000000000 -1736048535109381602167325291979728299007594387275928587885072103820641280720708462128153448908636964858002346034546507792125890224563574339492866243305129372762463895132171338770138113956430399404632506153664089182402022816594621344117309410841519029726774973956096.0000000000000000
-0.3125000000000000 -1835432580490378998855409869670957030543063341721149401897926954114152443119068421120659641173683794441478055679052658947723095532041669326442494659383700405518470434376621716815645775525302974642104374189916042786618181663308512714825691130173851729747194004111360.0000000000000000
-0.2812500000000000 -1853469711810727449881547428783172244575424969469879668072726327153310891415006872971042968923049089508295959361366186726335418999807653208136471569750406565401640373099867249902403553569620271543220190197647153861015652605938795280022374307772886241024849330831360.0000000000000000
-0.2500000000000000 -1798630128827140449100284497500336931941181985036716789405194523834072232137651076490726383187388372945293926035094972389165400899586584262479039023104960980063146591707618761755478934624977385661332138141124511595077314267199069633051943093640489908626813649682432.0000000000000000
-0.2187500000000000 -1668723571807469266237939421643899688758768432418361236600508713156155102451800694459653973826152770104500348926965821346576223734868217448395746262786927297280882317635021314240343826560216046191306067402457250514437296992635757413896224644540944899317219786227712.0000000000000000
-0.1875000000000000 -1479582424231549867609788629982836472217259456068243982206966121573806662981624935795778385145016418601426484938711465052667754067982053548358225738140592450636143874493631167779218309048545794671992827459819453239834769802160735718320794865945251909402560548569088.0000000000000000
-0.1562500000000000 -1260327364895130636481580879772419645666664557753834075727742674151972259978469361748691436309055646654719740992182900052971515123518109802226866367893517529002055302553571327767650455756589499683366882009797877143635342420886399882338315281374802999840515022651392.0000000000000000
-0.1250000000000000 -1005378567622158504316945877054865076428539380833869652676822404514813473360887729121729772161955600780454928411808294993252612080660853874592596403363524907038806339261749927316955143342546209344865932239369788308008631308780088043673887624921742239751990946037760.0000000000000000
-0.0937500000000000 -733138937529883256574125480338691959557864100184351924257294215337263414937413080396307109941978104320613277876155359196210235677878727942155198315273607891882215280181077412168095131083692996171902808146403554261173244443609155352443209827685068598069615726166016.0000000000000000
-0.0625000000000000 -454235343385314474961873647261535776961003658914865614932550318273893431565052939576338133879865025532585544201246466188545431095022350750175147645259442278407161311817923358770832350198297637009436523603196448923509006970511435396436962112631570895851641498501120.0000000000000000
-0.0312500000000000 -198265252651199531612023671915873936347933386698795578305299501472201295557785145906952650345590113497564995394237387874700473184425337057412128888885674506070367429055950144654428736888240970487903903633686183008034351664174836219310380016306475466169197768212480.0000000000000000
0.0000000000000000 11132974786454335762949402276815682376711263216809395789184607102924662741716029292624282489272029456318246607073157640941678540723836984983802686747354541599116829819640938643300772208859095434603656712358349487739419582181444860621433247113830357220126692999168.0000000000000000
0.0312500000000000 103365054830511709960038854048715786697678201669615481219119570486544550498747111516201961515516643439030427473057393881053590924476505006634087843501156235987423148122981786801348097115703200792477650124325419529153471422835179592822765057333761841040277674917888.0000000000000000
0.0625000000000000 136986771765394101014931839532704552908684180598666474861096754360430574541275602181639236966535334888107308873792260736892579809213364550982126935699693251503414582743652190063603999119062346565728122766993059414545702651471414313606345282973382797112839841513472.0000000000000000
0.0937500000000000 140146678922117619064795567225141964330151864648351818340415494929600440159937826274744957484747949648383873635557320724636695423441080195435991413624007338715184236151148604530993493184131909316174512980201618884127882132917713248128714221399555399038312189526016.0000000000000000
0.1250000000000000 120758794569609312428746913278694862746545091341687069938094938943304698739851247329873270044121695380850228442717760276455820963967802020655564499918786872630661907284618808182041439526558326346455037741561012947250025229307803888896172925980870236864707404234752.0000000000000000
0.1562500000000000 98276290131507786150787688614360456016016701013247531007146049735047921407342728847552339105956831368505977498774305915975969798514848362923756123400053183091236715933724140301301671848531565699660474120431950238951895330678930542329759091931828701249762853126144.0000000000000000
0.1875000000000000 68856448782155107417999287717159350175417773084125600945730667895708976641075362840014310537976614452883018416271837195793510273174842884053924033962983473463875457981352668998082936725070196411964869706699580386445815310093539541347864403686276578513105721491456.0000000000000000
0.2187500000000000 33801496618794780136619154795895485781812177130810705135763588479968582245639850313080419705838645691807840513952488081993899875942230614748396667354092463415948614016702157384598955815055916213480646120385585270948397641825616651806201058198530067031078404620288.0000000000000000
0.2500000000000000 3189650679642716315845665180260229273981809864458245440238857644280799485966395854875956840695865785099225763273499807924886136892572921230870231629144736691205730446005396585851574212142341584065966948837753020374773149948963928456566675486632322259074183856128.0000000000000000
0.2812500000000000 -5570569328423577175439464798316859076782329264287434960265987106751025754213512168227525062542190609996851564233612079037266591612805080901202518396851591904458686385040839369023372117969120780046127807595736596566806193021181179586089410861334005049338999341056.0000000000000000
0.3125000000000000 -5459366928621023969315644198643347593325291452402932363587641694298522896922610716074335616940304093739278064573934413151760001613785294499910169426158726954308618230491744632892423622641269230620436202743331374498826806663999645585712473230981858942776724422656.0000000000000000
0.3437500000000000 -2953749800875126526970743985269729972400176536456922863075216818415451717851314200632552346347860684532011475105290155457719999893492165525440902799582631611884364684397517234891545450105167893912682965092288189535130397044084698714063542696844398599131776417792.0000000000000000
0.3750000000000000 668587103486970786731411892033962510057305526519351138206900185136518413487634197558432764771711206011480233957018810069224688268303068571160876291471678667962901622848557435457240874403228748845668368118284984113007892905054560514454468384008007482256367026176.0000000000000000
0.4062500000000000 858051649570949912402004471553079947970914906054987712990525372408073344606896406603105906899159466193133408857537883648249343431315753502383927255699731337300375423609191014313561053688646132588158301348622270423529347626478921262246460145450578642204538961920.0000000000000000
0.4375000000000000 242146202177896247071603539654066214655187256199972267924043107662002154318493250785722882297832194405057008445183432626636762711160570796328238999994556439620896113487485316857481798071279897215196306918341913608450504139624653244134883925747523046504874901504.0000000000000000
0.4687500000000000 139679049607893445321111894415712837241342844002306600737204073070017196483322286623544815672996886561040704063246137907749881709647096060074713217285477500258541875085100749074202393037814297815826335835619072045173252900816741735565112728838089177362665046016.0000000000000000
0.5000000000000000 75013394053284154108517733995768155527888917925648961699392487034080868096956231606942757333520752496737246005856434222184829524020879851486814449554706666002423259847015227338740327147349600250697957122460167407661811567091081469631548895159551695730281283584.0000000000000000
0.5312500000000000 40102449574239247301312804940692094960065297248739479055593898127148026036981951248080522552933359914038402595063644938393092512387459086910428649105912198549536833577586612608161791719823990973959433238017564238710981230139473153033599248106776601440055984128.0000000000000000
0.5625000000000000 19876570672618225341246057385764006763350487419511870631170883741931588591817641369036067425619089129953274360465151894880858293845659767008334158829926921045186866686233145581788770531989056149987215750411961910088232437619983939558194836216889579241197273088.0000000000000000
0.5937500000000000 9847474163554148429302498982566062389945598470434597775244495472431622259916343372997587590387618700405543016827926593203928428938601393877151413266565927826840692153062287198011949813628022110696565124316522932978086931741906313728806036780005376413331881984.0000000000000000
0.6250000000000000 4504904467633899939674525396408962772330211599216956086366842732276242975783334380024135757395038795232991431270619248155233204288929846229163489148110264547083610546937653921703643256166209534120351709428096102028809006786378106506455313699104040096081379328.0000000000000000
0.6562500000000000 2068133970753802806863046427974826352605289353403907336687824142486257806876573754903682434254953515403733332999187842495624846811527329163162334789272238510601474092219478904099962622390374845724975309957446018045528419997191781565990067239336434278290423808.0000000000000000
0.6875000000000000 873315566301568732810405811708532018515150892371227813753389677790098302430533670105020650923023147627498166509446825094193318867785376209995190846475855615197543918083635638503754591734635556279551719993778356027915541617482785030112075798674970088338096128.0000000000000000
0.7187500000000000 371460499520143794649601925739111855028977000912337504134395526957556179450280182010443561502507054502712817140929222765061075695051443151733027971387442241275265071720857317782792720249438320874501704983966582712341957163022155372636808719841811014531153920.0000000000000000
0.7500000000000000 144809916822853070855251882264613801855460144730891756354587666911996371694990667620027638875019643392240740591946570455916721506004102282775927464184683659086480140178333076434854172508794374525174087368608214333469569790399342961255029710973172887383441408.0000000000000000
0.7812500000000000 57055865553009093883305676246140523015087071798916297779252112962927344765329137582982974579950769348660057947864352978350551860789576215423835081487096422294910209499916299050631750522359719443008043397847108613888547603176770339987646625560092997448630272.0000000000000000
0.8125000000000000 20538413731048077448719357403770287977242640101283811726072131478539016454793810403419917429906770521855518081335974751634457701233187191649331027703552000614851685582681933489332577689835387869083813891336341788831945539571548456393693624494853057631223808.0000000000000000
0.8437500000000000 7493876873087331753148780876327306450695193219220200174566515775023863273958277629826806095018120943017088286226611233346238171940890557966892799387238668961860589229519516108310927496163961560806763865161001847307321634164789144291658929283583391521832960.0000000000000000
0.8750000000000000 2491592250164589003476695358966523801181335801223684134506431243859870144615991323185783629589259750437007978841900680477575863112508562238699872274013783696852112753686861918302131646727613883319165189201652076044681683086614869361319631216586631977893888.0000000000000000
0.9062500000000000 841560394055039050573599019510837478191914740107823969736200581816345851922442569220164103075703372923614822540220930319595984413540862351923483813246389055605196527767553884109819356093533886423070127687301263418868097134925849512832835175822890788454400.0000000000000000
0.9375000000000000 258540471041637901421595069148342395125232553011324138323236384217972097075061177885699105294302810763604561464391195050944119130525757484731782246044248961942398292320978205632174401932981839200328036890525719078377388206701863890401531001983214049820672.0000000000000000
0.9687500000000000 73798216289159688026289662921999892916495726459882771614230494601980623308193944057834932838881157330002718678616062523862287028126477916644717161633564968015514626510927567966649593664708180503047189903740591506597871184569354857796776688298313411198976.0000000000000000
1.0000000000000000 22946771309617483297554133120839347969580935785353716281830866316278937709067180556291603494453016028548353651681812773900222839731039191439673309760261261772426698818565830045223252370028932985432840943343398993345755793609460844151576979410070584426496.0000000000000000
0.0000000000000000 0.0000000000000000
