-1.0000000000000000 3229470959979665196083486344597845298358325150455243971707741465207309266913352193022346004007322296358632858865354711429824494428391432628721418972181290016055874878930356721003006196057006333827799326917580802421533663361602686871914938151492600894698528305145970688.0000000000000000
-0.9687500000000000 435335626299515479055779589129402950974071834295977503532712310990798790429960953175923339437201456539329577074949501658415691526442994756765169776540291358963169106827246647044084025078539402338273224851211483434343762918398212361664396572898679011055594077913690031060217233408.0000000000000000
-0.9375000000000000 789273465759277300177384246541096697165280748374272479150820651260239284401139656601198946205678209284463062058463029062581113954959831158133819719440484682740719098692633273253670449761462777616487326047965195482903696022698165210526418504264850864583597798415832489520441327616.0000000000000000
-0.9062500000000000 1048589589336346992959975058686485688419049165772633761582106546478147638679026811017637047741194130132367471552950010628886899405147009126504372666569946501461664658518630392687176975743071170573048280745857933012905042770758034085217137465347487628662229323052550429737857581056.0000000000000000
-0.8750000000000000 1236110824974875025420191301414762440842716629539656791359711511901370302315830359907035058287498630384827160928909733308629826267766565056784869203699711073766367753306090875895292655944276882714994678297494844443940124195655153089445172603121098450892500177231201707700355334144.0000000000000000
-0.8437500000000000 1348211834287769744549746904513711791914781790209543844465198224349814676755174238596083622743894329310783147086447123387146487332553783716298471556140780647603048056122439330312144172234256987508760396316513018021555628046798622655773893724416029164669964931984850246485231534080.0000000000000000
-0.8125000000000000 1398976780759125911118441535901354942625470628394527679368941718671402391064859976302857261049606446812850506082171333405574486194270433476637407332281434086960175131958976207789834851138223776347881337213811488361407867565830676707273111290675971926823402090264126005977938919424.0000000000000000
-0.7812500000000000 1392667067263037055269114968212082889499917975602645658738526217016620996380662362866120088674097192815782900634702850285651175181397050927252755710875703332523355707021197902327441260634536876293345193037513569370731930458081844161052797034354515381917501862561682885730591834112.0000000000000000
-0.7500000000000000 1336336047000938631039424342865180560394519561045637776963678911862990710555363608948520993917543294196248103277357089204743359655443085417305742235006188092280892209009434783823111686140726235014236495123239934563291479059585713356983649768372138190654760314973352625385888546816.0000000000000000
-0.7187500000000000 1240420019195864150539910553037676467741625670589144484215239103639106500102965144621827554429683616121823627812162569533269716317232056709214681957734513485008704770278175034503496808066114689632208542051586942683018303047500697571397141425744036518847873581077106889715538198528.0000000000000000
-0.6875000000000000 1106653394953625695203118037497018024463257388415506979642116433754697555911072537615100438896118760334443669680919958751667209614533103463853652274455816805291878902856913558853944213454919347484360459095945531330191245306113153689639650036699388146551091418496363944765911203840.0000000000000000
-0.6562500000000000 950974459541330084321511748306307261597607771199881040743353649823416180086468865614991556206107151597336190109419688137180346165023144050403146157377538353335117657211266096252589909784523506971691800761899042616240431354860382785429207941417614769825234705577848226451034210304.0000000000000000
-0.6250000000000000 768393849315876160952593958081468373338835377475268982767028680104475080100384093462419502321975258767782326810515098118240049566279472594071277314942100306827246293919902283011095795459112885588500354359712358227014327459597596519517674227000795724293899343299267310867313590272.0000000000000000
-0.5937500000000000 570420419495269135366073695932101019468824369692159388646315089385657413580293059562317617112703857455097403278920436380867738853305915247903427100502333446750344982194742821302830021449929997985237663116730242889544455897073492204022206753862976170950136777750445361350636994560.0000000000000000
-0.5625000000000000 363319154616146711793857547941249677238167011916609944980390160591795730919583181849323672946368861131081016513538033017881204367792433837973972807171844220136503116400424448349480150656029408707495360802531131601511525830815876419182384373086133542127653699373895862927203762176.0000000000000000
-0.5312500000000000 169233313360586303668952349694585388108462654861258589004119388213677803557738543224566608128301788540604243797828761482634191166292358300080238860074515072605765979890559972988128665416904317357555162094892141095135821615839599296585407369500094334186707559976697095255394091008.0000000000000000
-0.5000000000000000 10557196672067709281603017197088002224636707419307719068065704013970845397670847181462590891345044980065790142062919989836481838219425394959358526621538939481410861720949239468323465426836111561700839490026756049423321678111398453750632273495169670682473298325477184925335552.0000000000000000
-0.4687500000000000 -98525121484949285378306876927260829244801754253529349007276545935969578380283221257082644133737377752681857766719256972291243609300880589183190391359141359247002165495641169607993593308332592519472008969221351726673827240659814685997730237239360495720171079678801367686205931520.0000000000000000
-0.4375000000000000 -162831874196097372904564586634958862833322507722207006343569853845313119098025575409840548420628853434138597256526307819709583026193746122740552262303328683197830929316745319287198239571164192736804024867209869149663306142005115966555972449102560216409880674595802763265138753536.0000000000000000
-0.4062500000000000 -205568822064961828541184514645027919458128234162429062274860986935852923696958263206649840082825600507083162995629046536216620113503771746714398612887575960240144449936172372889169268664855645022223454554053486712927196717687043297240138400377403321156524556452368577745689509888.0000000000000000
-0.3750000000000000 -233764709388950807360494800104237857867673636854889883657986467332080855745362251845481719000739963379395616344455504130438346076556584997889090923540880392608215899638103376262142750898825416346325275903856353064697084007995484048949264129543054295078721908220287053338846953472.0000000000000000
-0.3437500000000000 -257504489556324547644599404732926184228510925471614672555508741224861937749433501879884342508629661114182112593924446801742301169385586862572520944022719525796333735857555472428112786196154156102511322420710610574913279354794760287157338969016306801180014978503703133139425558528.0000000000000000
-0.3125000000000000 -272265044618333746351089551572041816806858372086928007160071473756807496267710272393874338388026616637579161514717839537546565759401800244176144025416499976951481143438025700953432748849465928401026560158558487130183388138608968232680635068356979793590686508190216461685778022400.0000000000000000
-0.2812500000000000 -274947908327108585178326417710618031384653610138117354724071745515687150809330822448308597149068572554088714564118903898259634936213550683568990658232092200371233554658731024977129271263779381075303984071092470178047373302465459217927614608084716882811363119040356255805919461376.0000000000000000
-0.2500000000000000 -266818301898751892449936137027591013662452526792103921562093931932365384503631608915269879042479452180899510851651640427892909829662952958079424478072054200391132642380668402721572455343853480222347167660376334772256287137153771082799367651615276729038795653539449983105249574912.0000000000000000
-0.2187500000000000 -247575230396295484529929935836117913436704328557413617634341290953456959973045067975760946916274475759352237582500443957040791629779192138032223229756754915782309027754388019464050264409026293562723268103637437048917247518874627334482147009099927405974535635867753298426383564800.0000000000000000
-0.1875000000000000 -219511006323855100375659916945996837826951041940512879401837168079530737124125972920055006618751800980120222321673311517723402371513392056414450579193543822928626443254019644771024132433290927160872240896325597333460158505810658992650542254873403706921795343529497709613584220160.0000000000000000
-0.1562500000000000 -187025015931071999537645731249269547675701298619740192207879461562025438515841813130164806948850305193840263684821348452930178533226706636213030787298208300526689968063660139492898840637214993652649943465554158305050929051851605318713406318658332681717294897496768187962232930304.0000000000000000
-0.1250000000000000 -149191487940084243010720776212069865448363424797702284833374036687234692897323913253382163977046237015515880765517911230743688868968619063646849102638927843128257447320314206676578676554517174073001694797059576881273184200111151394488050384003948834302701391591065588211447234560.0000000000000000
-0.0937500000000000 -108849745357664337006264410850841036885067851733265649910163010765404208627835666454114091201280008360035044405310282928909482897859203287640324364279454687963522753904223857413104387852688153619263155129111864452499429677611639593512299073076744713228588139402492143236800315392.0000000000000000
-0.0625000000000000 -67455748364990170378961711383160748618078585943200142819966931489685212937879284708593934543596500026979589923582132471834599130904046959754582602091562852668820776227223992595716811829293204837326798137127307290779945415351656880388960223689416802291037454523560402177646133248.0000000000000000
-0.0312500000000000 -29518454624018182089445260230043139818096654939602695955487693496023666987858843307166865276634057307087072211005407866689587470848392374863486721967112631985593762701482357956638660120557300941155252538956446434131086398718177504940336773280497148257307889933912820226426142720.0000000000000000
0.0000000000000000 1566826909368777306907308565517804988920575673992613474470068158911962560184321334666831701832133422692287438698649169012228750565503271506433659020798209906615200204670743672773654155381817224847871583898500795019400317353698591191739073593376367363766406984763267979992367104.0000000000000000
0.0312500000000000 15242806414658983504211261604419824607330686706287565452571440636845274970149049889723131792832614985626546402592867526988854304463360663208449458098102006620848050599469582506717473776718913667609324725246291211442556626049975606564267083625820182183620225125499519339503550464.0000000000000000
0.0625000000000000 20241303381999223701435283614833344000887844928884495725394988953970020598456412819443594564406512954471984579348989369345027146839860015800917711689465311045528469439340655205271260703366057920717704146885256074536392351787938395805861075998302231975057360678446209329614815232.0000000000000000
0.0937500000000000 20718323419039326029277518870214213616865755758953104123870207807797999143035126165736450842174289884760512075063077453423884753679067315993262398891408009051002535051532395307442589320142900531975137235416813611565926279941047777707775289184322121529884722131623110057958309888.0000000000000000
0.1250000000000000 17850515387506394961551942858075995376210354314857515345550318148751969898832238986297301957616353612688323900362449853023945701840511614648691358822071892336988849562383913627041370101411789952809128894597653429851066369151301889842646946957535755097824863020781920350778687488.0000000000000000
0.1562500000000000 14528412328315989790263078708928348712460650847926512150597388020630999159743199758056339670013590689716953547414824938880627702647906707081441738883700807201680692750447029723623502544131137495039164348453128432049845667838504891207758893942657694480664010809724163549021863936.0000000000000000
0.1875000000000000 10171748251584253193333660540828798845640970687582770591015990762644527466324226824199206399619945621333912170615308163490905995427984529916507723512090986002023663386221442491488216819807068582689452645730775999263853988116161390427942412039718168272882363019376328155653472256.0000000000000000
0.2187500000000000 4985064801938522020048492125150737143525535303539085269496803285955536461736060245215584920981860202506618749855336813000804675277102632952344370533271428789653206206532122269995484272645123609574421549069658390020524178588286021678359405302043172052473947877744354762329948160.0000000000000000
0.2500000000000000 448903425383780828484820616235700371495770425482882479664890380634870095313609724778322223677316314870793462355732711948277107342618780040618695408586635494662467193188668937854732453519960414631498965053441783648579496917391905318654365783114734281662675645233919727694249984.0000000000000000
0.2812500000000000 -843377806082293316183640893922662615445568745611347816057117659312691304248541884420071307730322517328780705222509294427158272472539209372808047271753450406915895027901561965878256479913919869243145273424044107666767117908494390089189781930065317497496818857610433950845501440.0000000000000000
0.3125000000000000 -821789210979434617219515333851567134470536837423636255333127161621334703786977685775473434645696212862391143516011734880347634827909096272424204333484646140893033797351084521185993595824681961377508372136478196336996461479792055380286091356403549673135264741488661071654813696.0000000000000000
0.3437500000000000 -446533648133982795038124645465011907584727947791976216049040366886347409883172576288396269954599545983371814293433481427101534318507592643810278805681499786455955650679874037081617746339676582685600252846791497347800522612277623671453352437188829167278017910765678172630417408.0000000000000000
0.3750000000000000 94095269691517136987621502384984874709263190868379351009322210755580261692648741863548878773839205292644528504900796035708685906705474438200232620039022113323609371197906946597687784860910462163878942961537132351028442983996537475031076108570761959152065629386379085849034752.0000000000000000
0.4062500000000000 124176723429826803296348605335761136004642458169161998244436985863476123386686243631489656913090118177080383711700642696255609321207469982775116444137092959824893601172889137274328197724890195177855739818958989058756719104382353435209202307596419485785248715009756648896987136.0000000000000000
0.4375000000000000 34079048309297127377872609131829738366929602650138015178853674390953272672929479054490851580371350835387346742175208787068897334760376175054513729063131586154172282837383207576777903114773501795039773121084118847101853592337509472932912914488234087485870482190978679595597824.0000000000000000
0.4687500000000000 19675117436905082313957861280163615674672112111180206752293894586458326843448135076513097338205758798230035407777331277211487073429316570061311928051004326793567783641305208825752325203897608454894711128717325135768113870811108080041587774175562345657107617713813291739906048.0000000000000000
0.5000000000000000 10557196672067709281603017197088002224636707419307719068065704013970845397670847181462590891345044980065790142062919989836481838219425394959358526621538939481410861720949239468323465426836111561700839490026756049423321678111398453750632273495169670682473298325477184925335552.0000000000000000
0.5312500000000000 5649434891468648088827531561710738911711040893872032197928385536622711626674917350292672006423694385828837820405330955225657326083894489398559365589719159214420055798346617835970647788511666651593689882449230344570395437152893548484281981758855780665357271182677536894091264.0000000000000000
0.5625000000000000 2797378633581814675096628653529370194715707813648260957783559212858545152902281185705101591916647061383850312022864177160395996608991237500777761127377327339315255450294224326159539940623641576628338105889867414388164151358118993547546486303460007526495246490145479746125824.0000000000000000
0.5937500000000000 1387412050146543817952812560832272790761647406942555040413577319435749202385453987268612970581129960474583603199059493003928979664002412443976012965837789655534974324175235152675373972496078756461314502576372727655580294684345390645058292836442079691526961524973343801868288.0000000000000000
0.6250000000000000 634008940055952337662524400429600829247285899690365588237570746385465943002212633090982210048107582989902709355139315639281459737940839364610143814762505475549833111105469514798306110066436553686592679695465433786733690925933376147336041885865451777726244330338856042758144.0000000000000000
0.6562500000000000 291409359200798553372237954306162000582982190121506107256740618711856647096770820699669321588269465087715917218249385244355431423820037785320819071129294216214902781221701245195403688869452317229588664675124635987060145956164623976308612282703888507999863188508840189493248.0000000000000000
0.6875000000000000 122908239342894007758556661080524859562468911978510954738251293322813740902913283341300475299376254910531163892584176884961619939123146344889752461848507215488606044433887940584193487603563375823285313345520787817278483610196203793452462732935457458683977004890152127954944.0000000000000000
0.7187500000000000 52345381417743922613529576210604723375810727686042499513223061891588772118609290930105316882362769875467203108143422601375249166627137339326294853126905854934818032202266993690933365186249920183249178322142052928191213820664346489401920628646316691863892699344086560145408.0000000000000000
0.7500000000000000 20380183982592300310084897478048438584587892839239084096191011518938012925973135505923272329930591427862740369448311229235925108910571092258375354113767100248294864906467284454040107268650241588409081330231508257970921159424565339700531944624557584700728012285286572621824.0000000000000000
0.7812500000000000 8040855329175857866739597321642759906776177677276358061268105827947914557840384350589306559239206151484545285861091304637852690180386088103519646818048021907896956616852427682940362964267027344783502179281650655711621298082263776585120131522680255136587806864173202145280.0000000000000000
0.8125000000000000 2890524764765886155699276148117456781893279241904283223976452412057628282172366274808771900590124978029154509637194619668042918635233399221468707739758064384370738327853373831244946285188042643506789432112360566143040634157427285658853348998956435760479209378987508760576.0000000000000000
0.8437500000000000 1056180695878534263433234113677070503378438609644402957431664995686988889939121378879525837162152661953030742369061120560814916702171654100272538365059622100645929621860270123593562955932408437028617419908127468081365473306063255812561989192041588869629640191710662230016.0000000000000000
0.8750000000000000 350660435293764333968216452789574044381329602374850318773098489251454749177691282201074310224873014590703893781447422021839552296622392716007718812918295810251089589881719205526748504712207631940693996917317566981158104714026916225160977562927768439876552095114423435264.0000000000000000
0.9062500000000000 118614504148800998870629820913053226235665328067031737143288548908045194711078855936146022681653445204105241169527367838658962773544701900571614695825963257269342350616870346708868052234481420728268946449462597955053111858025246740597571433455488696256244635100233334784.0000000000000000
0.9375000000000000 36386336532695497227102888799273687465940869898250296432805585585483479595376689168083867007159725759155706008265494643542114551781896178070467945085996835568897970344023149432049959713391847986002809678619001146878225748064116232217276063581546762930878394718025154560.0000000000000000
0.9687500000000000 10350183621526656677016843802122928360724779127393202873504632712529669105495164321498343633828911990123573257263159723555222887975962405909907912221060598877518836556968754705076726994282722856649318733346243632386020459662620906806182526102565861256982641610223255552.0000000000000000
1.0000000000000000 3229470959979665196083486344597845298358325150455243971707741465207309266913352193022346004007322296358632858865354711429824494428391432628721418972181290016055874878930356721003006196057006333827799326917580802421533663361602686871914938151492600894698528305145970688.0000000000000000
0.0000000000000000 0.0000000000000000
