0 0
0.000976562 0.00377861
0.00292969 0.01133
0.00488281 0.0188655
0.00683594 0.0263784
0.00878906 0.0338654
0.0107422 0.0413249
0.0126953 0.0487565
0.0146484 0.0561601
0.0166016 0.0635354
0.0185547 0.0708826
0.0205078 0.0782016
0.0224609 0.0854924
0.0244141 0.092755
0.0263672 0.0999893
0.0283203 0.107195
0.0302734 0.114373
0.0322266 0.121523
0.0341797 0.128644
0.0361328 0.135738
0.0380859 0.142802
0.0400391 0.149839
0.0419922 0.156847
0.0439453 0.163827
0.0458984 0.170779
0.0478516 0.177703
0.0498047 0.184598
0.0517578 0.191464
0.0537109 0.198303
0.0556641 0.205113
0.0576172 0.211895
0.0595703 0.218648
0.0615234 0.225373
0.0634766 0.23207
0.0654297 0.238738
0.0673828 0.245378
0.0693359 0.251989
0.0712891 0.258572
0.0732422 0.265126
0.0751953 0.271653
0.0771484 0.27815
0.0791016 0.28462
0.0810547 0.29106
0.0830078 0.297473
0.0849609 0.303856
0.0869141 0.310212
0.0888672 0.316539
0.0908203 0.322837
0.0927734 0.329107
0.0947266 0.335348
0.0966797 0.341561
0.0986328 0.347745
0.100586 0.353901
0.102539 0.360028
0.104492 0.366126
0.106445 0.372196
0.108398 0.378238
0.110352 0.384251
0.112305 0.390235
0.114258 0.39619
0.116211 0.402117
0.118164 0.408016
0.120117 0.413886
0.12207 0.419727
0.124023 0.425539
0.125977 0.431323
0.12793 0.437078
0.129883 0.442804
0.131836 0.448502
0.133789 0.454171
0.135742 0.459811
0.137695 0.465423
0.139648 0.471006
0.141602 0.47656
0.143555 0.482085
0.145508 0.487582
0.147461 0.49305
0.149414 0.498489
0.151367 0.503899
0.15332 0.509281
0.155273 0.514633
0.157227 0.519957
0.15918 0.525253
0.161133 0.530519
0.163086 0.535756
0.165039 0.540965
0.166992 0.546145
0.168945 0.551296
0.170898 0.556418
0.172852 0.561511
0.174805 0.566575
0.176758 0.57161
0.178711 0.576617
0.180664 0.581594
0.182617 0.586543
0.18457 0.591463
0.186523 0.596354
0.188477 0.601215
0.19043 0.606048
0.192383 0.610852
0.194336 0.615627
0.196289 0.620373
0.198242 0.62509
0.200195 0.629778
0.202148 0.634437
0.204102 0.639066
0.206055 0.643667
0.208008 0.648239
0.209961 0.652782
0.211914 0.657296
0.213867 0.66178
0.21582 0.666236
0.217773 0.670662
0.219727 0.67506
0.22168 0.679428
0.223633 0.683767
0.225586 0.688077
0.227539 0.692358
0.229492 0.69661
0.231445 0.700832
0.233398 0.705026
0.235352 0.70919
0.237305 0.713325
0.239258 0.717431
0.241211 0.721508
0.243164 0.725555
0.245117 0.729574
0.24707 0.733563
0.249023 0.737522
0.250977 0.741453
0.25293 0.745354
0.254883 0.749226
0.256836 0.753069
0.258789 0.756883
0.260742 0.760667
0.262695 0.764422
0.264648 0.768148
0.266602 0.771844
0.268555 0.775511
0.270508 0.779148
0.272461 0.782757
0.274414 0.786336
0.276367 0.789885
0.27832 0.793406
0.280273 0.796896
0.282227 0.800358
0.28418 0.80379
0.286133 0.807192
0.288086 0.810566
0.290039 0.813909
0.291992 0.817224
0.293945 0.820509
0.295898 0.823764
0.297852 0.82699
0.299805 0.830187
0.301758 0.833354
0.303711 0.836491
0.305664 0.839599
0.307617 0.842678
0.30957 0.845727
0.311523 0.848746
0.313477 0.851736
0.31543 0.854696
0.317383 0.857627
0.319336 0.860528
0.321289 0.8634
0.323242 0.866242
0.325195 0.869055
0.327148 0.871837
0.329102 0.874591
0.331055 0.877314
0.333008 0.880008
0.334961 0.882673
0.336914 0.885307
0.338867 0.887912
0.34082 0.890488
0.342773 0.893033
0.344727 0.895549
0.34668 0.898036
0.348633 0.900492
0.350586 0.902919
0.352539 0.905316
0.354492 0.907683
0.356445 0.910021
0.358398 0.912329
0.360352 0.914607
0.362305 0.916855
0.364258 0.919074
0.366211 0.921262
0.368164 0.923421
0.370117 0.92555
0.37207 0.92765
0.374023 0.929719
0.375977 0.931759
0.37793 0.933769
0.379883 0.935748
0.381836 0.937698
0.383789 0.939619
0.385742 0.941509
0.387695 0.943369
0.389648 0.945199
0.391602 0.947
0.393555 0.94877
0.395508 0.950511
0.397461 0.952222
0.399414 0.953902
0.401367 0.955553
0.40332 0.957174
0.405273 0.958765
0.407227 0.960325
0.40918 0.961856
0.411133 0.963357
0.413086 0.964828
0.415039 0.966268
0.416992 0.967679
0.418945 0.969059
0.420898 0.97041
0.422852 0.97173
0.424805 0.973021
0.426758 0.974281
0.428711 0.975511
0.430664 0.976711
0.432617 0.977881
0.43457 0.979021
0.436523 0.98013
0.438477 0.98121
0.44043 0.982259
0.442383 0.983278
0.444336 0.984267
0.446289 0.985226
0.448242 0.986154
0.450195 0.987053
0.452148 0.987921
0.454102 0.988758
0.456055 0.989566
0.458008 0.990343
0.459961 0.991091
0.461914 0.991807
0.463867 0.992494
0.46582 0.99315
0.467773 0.993776
0.469727 0.994372
0.47168 0.994937
0.473633 0.995472
0.475586 0.995977
0.477539 0.996451
0.479492 0.996895
0.481445 0.997308
0.483398 0.997691
0.485352 0.998044
0.487305 0.998367
0.489258 0.998659
0.491211 0.99892
0.493164 0.999151
0.495117 0.999352
0.49707 0.999522
0.499023 0.999662
0.500977 0.999771
0.50293 0.99985
0.504883 0.999898
0.506836 0.999916
0.508789 0.999903
0.510742 0.99986
0.512695 0.999786
0.514648 0.999682
0.516602 0.999547
0.518555 0.999382
0.520508 0.999186
0.522461 0.998959
0.524414 0.998702
0.526367 0.998414
0.52832 0.998096
0.530273 0.997747
0.532227 0.997367
0.53418 0.996957
0.536133 0.996516
0.538086 0.996044
0.540039 0.995542
0.541992 0.995009
0.543945 0.994445
0.545898 0.993851
0.547852 0.993226
0.549805 0.99257
0.551758 0.991884
0.553711 0.991166
0.555664 0.990418
0.557617 0.98964
0.55957 0.98883
0.561523 0.98799
0.563477 0.987119
0.56543 0.986217
0.567383 0.985284
0.569336 0.98432
0.571289 0.983326
0.573242 0.982301
0.575195 0.981245
0.577148 0.980158
0.579102 0.97904
0.581055 0.977891
0.583008 0.976711
0.584961 0.975501
0.586914 0.974259
0.588867 0.972987
0.59082 0.971684
0.592773 0.970349
0.594727 0.968984
0.59668 0.967588
0.598633 0.966161
0.600586 0.964703
0.602539 0.963213
0.604492 0.961693
0.606445 0.960142
0.608398 0.95856
0.610352 0.956947
0.612305 0.955302
0.614258 0.953627
0.616211 0.95192
0.618164 0.950183
0.620117 0.948414
0.62207 0.946615
0.624023 0.944784
0.625977 0.942922
0.62793 0.941029
0.629883 0.939104
0.631836 0.937149
0.633789 0.935163
0.635742 0.933145
0.637695 0.931096
0.639648 0.929016
0.641602 0.926904
0.643555 0.924762
0.645508 0.922588
0.647461 0.920383
0.649414 0.918147
0.651367 0.915879
0.65332 0.913581
0.655273 0.91125
0.657227 0.908889
0.65918 0.906496
0.661133 0.904072
0.663086 0.901617
0.665039 0.899131
0.666992 0.896613
0.668945 0.894063
0.670898 0.891483
0.672852 0.888871
0.674805 0.886227
0.676758 0.883552
0.678711 0.880846
0.680664 0.878108
0.682617 0.875339
0.68457 0.872539
0.686523 0.869707
0.688477 0.866843
0.69043 0.863948
0.692383 0.861022
0.694336 0.858064
0.696289 0.855075
0.698242 0.852054
0.700195 0.849001
0.702148 0.845917
0.704102 0.842802
0.706055 0.839655
0.708008 0.836476
0.709961 0.833266
0.711914 0.830024
0.713867 0.826751
0.71582 0.823446
0.717773 0.820109
0.719727 0.816741
0.72168 0.813341
0.723633 0.80991
0.725586 0.806446
0.727539 0.802951
0.729492 0.799425
0.731445 0.795867
0.733398 0.792277
0.735352 0.788655
0.737305 0.785002
0.739258 0.781316
0.741211 0.7776
0.743164 0.773851
0.745117 0.770071
0.74707 0.766258
0.749023 0.762414
0.750977 0.758539
0.75293 0.754631
0.754883 0.750692
0.756836 0.74672
0.758789 0.742717
0.760742 0.738682
0.762695 0.734615
0.764648 0.730517
0.766602 0.726386
0.768555 0.722224
0.770508 0.718029
0.772461 0.713803
0.774414 0.709544
0.776367 0.705254
0.77832 0.700932
0.780273 0.696578
0.782227 0.692192
0.78418 0.687774
0.786133 0.683324
0.788086 0.678842
0.790039 0.674327
0.791992 0.669781
0.793945 0.665203
0.795898 0.660593
0.797852 0.65595
0.799805 0.651276
0.801758 0.64657
0.803711 0.641831
0.805664 0.63706
0.807617 0.632258
0.80957 0.627423
0.811523 0.622555
0.813477 0.617656
0.81543 0.612725
0.817383 0.607761
0.819336 0.602766
0.821289 0.597738
0.823242 0.592677
0.825195 0.587585
0.827148 0.58246
0.829102 0.577304
0.831055 0.572114
0.833008 0.566893
0.834961 0.561639
0.836914 0.556353
0.838867 0.551035
0.84082 0.545685
0.842773 0.540302
0.844727 0.534887
0.84668 0.529439
0.848633 0.523959
0.850586 0.518447
0.852539 0.512902
0.854492 0.507325
0.856445 0.501716
0.858398 0.496074
0.860352 0.4904
0.862305 0.484693
0.864258 0.478954
0.866211 0.473183
0.868164 0.467379
0.870117 0.461542
0.87207 0.455673
0.874023 0.449772
0.875977 0.443837
0.87793 0.437871
0.879883 0.431872
0.881836 0.42584
0.883789 0.419776
0.885742 0.413679
0.887695 0.40755
0.889648 0.401388
0.891602 0.395194
0.893555 0.388967
0.895508 0.382707
0.897461 0.376414
0.899414 0.370089
0.901367 0.363732
0.90332 0.357341
0.905273 0.350918
0.907227 0.344463
0.90918 0.337974
0.911133 0.331453
0.913086 0.324899
0.915039 0.318313
0.916992 0.311693
0.918945 0.305041
0.920898 0.298356
0.922852 0.291639
0.924805 0.284888
0.926758 0.278105
0.928711 0.271289
0.930664 0.26444
0.932617 0.257558
0.93457 0.250644
0.936523 0.243696
0.938477 0.236716
0.94043 0.229703
0.942383 0.222656
0.944336 0.215577
0.946289 0.208465
0.948242 0.201321
0.950195 0.194143
0.952148 0.186932
0.954102 0.179688
0.956055 0.172411
0.958008 0.165102
0.959961 0.157759
0.961914 0.150383
0.963867 0.142974
0.96582 0.135532
0.967773 0.128058
0.969727 0.12055
0.97168 0.113009
0.973633 0.105435
0.975586 0.0978274
0.977539 0.0901871
0.979492 0.0825137
0.981445 0.0748071
0.983398 0.0670674
0.985352 0.0592946
0.987305 0.0514886
0.989258 0.0436495
0.991211 0.0357774
0.993164 0.0278728
0.995117 0.0199375
0.99707 0.0119753
0.999023 0.00399409
1 0
