0 0
0.000976562 0.00347844
0.00292969 0.0104331
0.00488281 0.0173812
0.00683594 0.0243188
0.00878906 0.0312427
0.0107422 0.03815
0.0126953 0.0450387
0.0146484 0.0519075
0.0166016 0.0587552
0.0185547 0.0655813
0.0205078 0.0723854
0.0224609 0.0791673
0.0244141 0.0859267
0.0263672 0.0926637
0.0283203 0.0993781
0.0302734 0.10607
0.0322266 0.112739
0.0341797 0.119386
0.0361328 0.12601
0.0380859 0.132611
0.0400391 0.139189
0.0419922 0.145745
0.0439453 0.152278
0.0458984 0.158789
0.0478516 0.165276
0.0498047 0.171741
0.0517578 0.178183
0.0537109 0.184602
0.0556641 0.190998
0.0576172 0.197371
0.0595703 0.203721
0.0615234 0.210048
0.0634766 0.216352
0.0654297 0.222633
0.0673828 0.228891
0.0693359 0.235126
0.0712891 0.241338
0.0732422 0.247527
0.0751953 0.253693
0.0771484 0.259835
0.0791016 0.265955
0.0810547 0.272051
0.0830078 0.278124
0.0849609 0.284173
0.0869141 0.290199
0.0888672 0.296202
0.0908203 0.302182
0.0927734 0.308138
0.0947266 0.314071
0.0966797 0.31998
0.0986328 0.325866
0.100586 0.331729
0.102539 0.337568
0.104492 0.343383
0.106445 0.349175
0.108398 0.354943
0.110352 0.360688
0.112305 0.366409
0.114258 0.372107
0.116211 0.37778
0.118164 0.38343
0.120117 0.389057
0.12207 0.394659
0.124023 0.400238
0.125977 0.405793
0.12793 0.411324
0.129883 0.416832
0.131836 0.422315
0.133789 0.427774
0.135742 0.43321
0.137695 0.438622
0.139648 0.444009
0.141602 0.449373
0.143555 0.454712
0.145508 0.460028
0.147461 0.465319
0.149414 0.470586
0.151367 0.475829
0.15332 0.481048
0.155273 0.486243
0.157227 0.491413
0.15918 0.496559
0.161133 0.501681
0.163086 0.506779
0.165039 0.511852
0.166992 0.516901
0.168945 0.521925
0.170898 0.526925
0.172852 0.531901
0.174805 0.536852
0.176758 0.541779
0.178711 0.546681
0.180664 0.551558
0.182617 0.556411
0.18457 0.56124
0.186523 0.566043
0.188477 0.570822
0.19043 0.575577
0.192383 0.580306
0.194336 0.585011
0.196289 0.589691
0.198242 0.594346
0.200195 0.598977
0.202148 0.603582
0.204102 0.608163
0.206055 0.612719
0.208008 0.617249
0.209961 0.621755
0.211914 0.626236
0.213867 0.630692
0.21582 0.635123
0.217773 0.639528
0.219727 0.643909
0.22168 0.648264
0.223633 0.652594
0.225586 0.656899
0.227539 0.661179
0.229492 0.665433
0.231445 0.669662
0.233398 0.673866
0.235352 0.678045
0.237305 0.682198
0.239258 0.686325
0.241211 0.690428
0.243164 0.694504
0.245117 0.698556
0.24707 0.702581
0.249023 0.706582
0.250977 0.710556
0.25293 0.714505
0.254883 0.718429
0.256836 0.722326
0.258789 0.726198
0.260742 0.730044
0.262695 0.733865
0.264648 0.73766
0.266602 0.741428
0.268555 0.745171
0.270508 0.748888
0.272461 0.75258
0.274414 0.756245
0.276367 0.759884
0.27832 0.763497
0.280273 0.767085
0.282227 0.770646
0.28418 0.774181
0.286133 0.77769
0.288086 0.781173
0.290039 0.784629
0.291992 0.78806
0.293945 0.791464
0.295898 0.794842
0.297852 0.798193
0.299805 0.801518
0.301758 0.804817
0.303711 0.808089
0.305664 0.811335
0.307617 0.814555
0.30957 0.817748
0.311523 0.820914
0.313477 0.824054
0.31543 0.827168
0.317383 0.830254
0.319336 0.833314
0.321289 0.836348
0.323242 0.839354
0.325195 0.842334
0.327148 0.845287
0.329102 0.848214
0.331055 0.851113
0.333008 0.853985
0.334961 0.856831
0.336914 0.85965
0.338867 0.862441
0.34082 0.865206
0.342773 0.867944
0.344727 0.870654
0.34668 0.873338
0.348633 0.875994
0.350586 0.878623
0.352539 0.881225
0.354492 0.8838
0.356445 0.886347
0.358398 0.888868
0.360352 0.89136
0.362305 0.893826
0.364258 0.896264
0.366211 0.898674
0.368164 0.901058
0.370117 0.903413
0.37207 0.905741
0.374023 0.908042
0.375977 0.910315
0.37793 0.91256
0.379883 0.914777
0.381836 0.916967
0.383789 0.919129
0.385742 0.921264
0.387695 0.92337
0.389648 0.925449
0.391602 0.9275
0.393555 0.929523
0.395508 0.931518
0.397461 0.933485
0.399414 0.935424
0.401367 0.937335
0.40332 0.939218
0.405273 0.941072
0.407227 0.942899
0.40918 0.944697
0.411133 0.946468
0.413086 0.948209
0.415039 0.949923
0.416992 0.951608
0.418945 0.953265
0.420898 0.954894
0.422852 0.956494
0.424805 0.958066
0.426758 0.959609
0.428711 0.961123
0.430664 0.962609
0.432617 0.964067
0.43457 0.965496
0.436523 0.966896
0.438477 0.968267
0.44043 0.96961
0.442383 0.970923
0.444336 0.972208
0.446289 0.973464
0.448242 0.974692
0.450195 0.97589
0.452148 0.977059
0.454102 0.9782
0.456055 0.979311
0.458008 0.980393
0.459961 0.981446
0.461914 0.98247
0.463867 0.983465
0.46582 0.98443
0.467773 0.985366
0.469727 0.986273
0.47168 0.987151
0.473633 0.987999
0.475586 0.988818
0.477539 0.989607
0.479492 0.990367
0.481445 0.991097
0.483398 0.991798
0.485352 0.992469
0.487305 0.99311
0.489258 0.993722
0.491211 0.994304
0.493164 0.994856
0.495117 0.995379
0.49707 0.995871
0.499023 0.996334
0.500977 0.996767
0.50293 0.99717
0.504883 0.997543
0.506836 0.997886
0.508789 0.998198
0.510742 0.998481
0.512695 0.998734
0.514648 0.998956
0.516602 0.999148
0.518555 0.99931
0.520508 0.999441
0.522461 0.999543
0.524414 0.999613
0.526367 0.999654
0.52832 0.999664
0.530273 0.999643
0.532227 0.999592
0.53418 0.99951
0.536133 0.999398
0.538086 0.999255
0.540039 0.999081
0.541992 0.998877
0.543945 0.998642
0.545898 0.998376
0.547852 0.998079
0.549805 0.997751
0.551758 0.997392
0.553711 0.997002
0.555664 0.996582
0.557617 0.99613
0.55957 0.995647
0.561523 0.995133
0.563477 0.994587
0.56543 0.994011
0.567383 0.993403
0.569336 0.992764
0.571289 0.992093
0.573242 0.991391
0.575195 0.990658
0.577148 0.989893
0.579102 0.989096
0.581055 0.988268
0.583008 0.987409
0.584961 0.986518
0.586914 0.985595
0.588867 0.98464
0.59082 0.983653
0.592773 0.982635
0.594727 0.981585
0.59668 0.980503
0.598633 0.979388
0.600586 0.978242
0.602539 0.977064
0.604492 0.975854
0.606445 0.974612
0.608398 0.973337
0.610352 0.97203
0.612305 0.970691
0.614258 0.96932
0.616211 0.967916
0.618164 0.96648
0.620117 0.965011
0.62207 0.96351
0.624023 0.961977
0.625977 0.960411
0.62793 0.958812
0.629883 0.95718
0.631836 0.955516
0.633789 0.953819
0.635742 0.952089
0.637695 0.950327
0.639648 0.948531
0.641602 0.946703
0.643555 0.944841
0.645508 0.942947
0.647461 0.941019
0.649414 0.939059
0.651367 0.937065
0.65332 0.935038
0.655273 0.932978
0.657227 0.930884
0.65918 0.928757
0.661133 0.926597
0.663086 0.924403
0.665039 0.922176
0.666992 0.919915
0.668945 0.91762
0.670898 0.915292
0.672852 0.91293
0.674805 0.910535
0.676758 0.908106
0.678711 0.905642
0.680664 0.903145
0.682617 0.900615
0.68457 0.89805
0.686523 0.895451
0.688477 0.892818
0.69043 0.890151
0.692383 0.887449
0.694336 0.884714
0.696289 0.881944
0.698242 0.87914
0.700195 0.876302
0.702148 0.873429
0.704102 0.870522
0.706055 0.86758
0.708008 0.864603
0.709961 0.861592
0.711914 0.858547
0.713867 0.855466
0.71582 0.852351
0.717773 0.849201
0.719727 0.846017
0.72168 0.842797
0.723633 0.839542
0.725586 0.836253
0.727539 0.832928
0.729492 0.829568
0.731445 0.826173
0.733398 0.822743
0.735352 0.819278
0.737305 0.815777
0.739258 0.812241
0.741211 0.808669
0.743164 0.805062
0.745117 0.801419
0.74707 0.797741
0.749023 0.794028
0.750977 0.790278
0.75293 0.786493
0.754883 0.782672
0.756836 0.778815
0.758789 0.774922
0.760742 0.770994
0.762695 0.767029
0.764648 0.763028
0.766602 0.758992
0.768555 0.754919
0.770508 0.750809
0.772461 0.746664
0.774414 0.742482
0.776367 0.738264
0.77832 0.734009
0.780273 0.729718
0.782227 0.725391
0.78418 0.721027
0.786133 0.716626
0.788086 0.712188
0.790039 0.707714
0.791992 0.703203
0.793945 0.698655
0.795898 0.69407
0.797852 0.689448
0.799805 0.684789
0.801758 0.680093
0.803711 0.67536
0.805664 0.67059
0.807617 0.665782
0.80957 0.660937
0.811523 0.656055
0.813477 0.651135
0.81543 0.646178
0.817383 0.641183
0.819336 0.636151
0.821289 0.631081
0.823242 0.625973
0.825195 0.620828
0.827148 0.615644
0.829102 0.610423
0.831055 0.605164
0.833008 0.599867
0.834961 0.594531
0.836914 0.589158
0.838867 0.583746
0.84082 0.578297
0.842773 0.572808
0.844727 0.567282
0.84668 0.561717
0.848633 0.556114
0.850586 0.550472
0.852539 0.544791
0.854492 0.539072
0.856445 0.533314
0.858398 0.527517
0.860352 0.521682
0.862305 0.515807
0.864258 0.509894
0.866211 0.503942
0.868164 0.49795
0.870117 0.49192
0.87207 0.48585
0.874023 0.479741
0.875977 0.473592
0.87793 0.467404
0.879883 0.461177
0.881836 0.45491
0.883789 0.448604
0.885742 0.442258
0.887695 0.435872
0.889648 0.429446
0.891602 0.422981
0.893555 0.416476
0.895508 0.40993
0.897461 0.403345
0.899414 0.39672
0.901367 0.390054
0.90332 0.383349
0.905273 0.376603
0.907227 0.369816
0.90918 0.36299
0.911133 0.356122
0.913086 0.349214
0.915039 0.342266
0.916992 0.335277
0.918945 0.328247
0.920898 0.321177
0.922852 0.314065
0.924805 0.306913
0.926758 0.299719
0.928711 0.292485
0.930664 0.285209
0.932617 0.277892
0.93457 0.270534
0.936523 0.263135
0.938477 0.255694
0.94043 0.248211
0.942383 0.240688
0.944336 0.233122
0.946289 0.225515
0.948242 0.217866
0.950195 0.210175
0.952148 0.202442
0.954102 0.194668
0.956055 0.186851
0.958008 0.178992
0.959961 0.171092
0.961914 0.163148
0.963867 0.155163
0.96582 0.147135
0.967773 0.139065
0.969727 0.130952
0.97168 0.122797
0.973633 0.114599
0.975586 0.106358
0.977539 0.0980744
0.979492 0.089748
0.981445 0.0813789
0.983398 0.0729673
0.985352 0.0645134
0.987305 0.0560181
0.989258 0.0474828
0.991211 0.0389099
0.993164 0.0303031
0.995117 0.0216675
0.99707 0.0130098
0.999023 0.00433819
1 0
