0 0
0.000976562 0.0034276
0.00292969 0.0102808
0.00488281 0.0171282
0.00683594 0.0239661
0.00878906 0.0307916
0.0107422 0.037602
0.0126953 0.0443952
0.0146484 0.0511698
0.0166016 0.0579248
0.0185547 0.0646593
0.0205078 0.0713728
0.0224609 0.0780652
0.0244141 0.0847362
0.0263672 0.0913856
0.0283203 0.0980134
0.0302734 0.10462
0.0322266 0.111204
0.0341797 0.117767
0.0361328 0.124308
0.0380859 0.130827
0.0400391 0.137324
0.0419922 0.1438
0.0439453 0.150253
0.0458984 0.156685
0.0478516 0.163095
0.0498047 0.169483
0.0517578 0.175849
0.0537109 0.182193
0.0556641 0.188515
0.0576172 0.194815
0.0595703 0.201093
0.0615234 0.207348
0.0634766 0.213582
0.0654297 0.219794
0.0673828 0.225983
0.0693359 0.23215
0.0712891 0.238295
0.0732422 0.244417
0.0751953 0.250518
0.0771484 0.256596
0.0791016 0.262651
0.0810547 0.268685
0.0830078 0.274696
0.0849609 0.280684
0.0869141 0.28665
0.0888672 0.292594
0.0908203 0.298515
0.0927734 0.304414
0.0947266 0.31029
0.0966797 0.316143
0.0986328 0.321974
0.100586 0.327782
0.102539 0.333568
0.104492 0.339331
0.106445 0.345071
0.108398 0.350788
0.110352 0.356483
0.112305 0.362155
0.114258 0.367804
0.116211 0.37343
0.118164 0.379033
0.120117 0.384613
0.12207 0.390171
0.124023 0.395705
0.125977 0.401217
0.12793 0.406705
0.129883 0.412171
0.131836 0.417613
0.133789 0.423032
0.135742 0.428428
0.137695 0.433801
0.139648 0.439151
0.141602 0.444477
0.143555 0.449781
0.145508 0.455061
0.147461 0.460317
0.149414 0.465551
0.151367 0.470761
0.15332 0.475947
0.155273 0.48111
0.157227 0.48625
0.15918 0.491366
0.161133 0.496459
0.163086 0.501528
0.165039 0.506574
0.166992 0.511596
0.168945 0.516594
0.170898 0.521569
0.172852 0.52652
0.174805 0.531447
0.176758 0.536351
0.178711 0.54123
0.180664 0.546086
0.182617 0.550918
0.18457 0.555727
0.186523 0.560511
0.188477 0.565272
0.19043 0.570008
0.192383 0.574721
0.194336 0.579409
0.196289 0.584074
0.198242 0.588714
0.200195 0.59333
0.202148 0.597922
0.204102 0.60249
0.206055 0.607034
0.208008 0.611554
0.209961 0.616049
0.211914 0.62052
0.213867 0.624966
0.21582 0.629389
0.217773 0.633787
0.219727 0.63816
0.22168 0.642509
0.223633 0.646834
0.225586 0.651134
0.227539 0.655409
0.229492 0.65966
0.231445 0.663887
0.233398 0.668088
0.235352 0.672265
0.237305 0.676418
0.239258 0.680545
0.241211 0.684648
0.243164 0.688726
0.245117 0.692779
0.24707 0.696808
0.249023 0.700811
0.250977 0.70479
0.25293 0.708743
0.254883 0.712672
0.256836 0.716575
0.258789 0.720454
0.260742 0.724307
0.262695 0.728136
0.264648 0.731939
0.266602 0.735717
0.268555 0.73947
0.270508 0.743197
0.272461 0.746899
0.274414 0.750576
0.276367 0.754228
0.27832 0.757854
0.280273 0.761455
0.282227 0.76503
0.28418 0.76858
0.286133 0.772104
0.288086 0.775603
0.290039 0.779076
0.291992 0.782524
0.293945 0.785946
0.295898 0.789342
0.297852 0.792712
0.299805 0.796057
0.301758 0.799376
0.303711 0.802669
0.305664 0.805936
0.307617 0.809178
0.30957 0.812393
0.311523 0.815583
0.313477 0.818746
0.31543 0.821884
0.317383 0.824995
0.319336 0.82808
0.321289 0.831139
0.323242 0.834172
0.325195 0.837179
0.327148 0.84016
0.329102 0.843114
0.331055 0.846042
0.333008 0.848943
0.334961 0.851819
0.336914 0.854667
0.338867 0.85749
0.34082 0.860286
0.342773 0.863055
0.344727 0.865798
0.34668 0.868514
0.348633 0.871203
0.350586 0.873866
0.352539 0.876502
0.354492 0.879112
0.356445 0.881694
0.358398 0.88425
0.360352 0.886779
0.362305 0.889281
0.364258 0.891756
0.366211 0.894205
0.368164 0.896626
0.370117 0.89902
0.37207 0.901387
0.374023 0.903727
0.375977 0.90604
0.37793 0.908325
0.379883 0.910584
0.381836 0.912815
0.383789 0.915019
0.385742 0.917195
0.387695 0.919344
0.389648 0.921466
0.391602 0.92356
0.393555 0.925627
0.395508 0.927666
0.397461 0.929678
0.399414 0.931662
0.401367 0.933618
0.40332 0.935547
0.405273 0.937448
0.407227 0.939321
0.40918 0.941167
0.411133 0.942984
0.413086 0.944774
0.415039 0.946536
0.416992 0.94827
0.418945 0.949976
0.420898 0.951653
0.422852 0.953303
0.424805 0.954925
0.426758 0.956518
0.428711 0.958084
0.430664 0.959621
0.432617 0.961129
0.43457 0.96261
0.436523 0.964062
0.438477 0.965486
0.44043 0.966881
0.442383 0.968248
0.444336 0.969586
0.446289 0.970896
0.448242 0.972177
0.450195 0.97343
0.452148 0.974653
0.454102 0.975848
0.456055 0.977015
0.458008 0.978152
0.459961 0.979261
0.461914 0.980341
0.463867 0.981392
0.46582 0.982414
0.467773 0.983407
0.469727 0.98437
0.47168 0.985305
0.473633 0.986211
0.475586 0.987087
0.477539 0.987934
0.479492 0.988752
0.481445 0.989541
0.483398 0.9903
0.485352 0.99103
0.487305 0.991731
0.489258 0.992402
0.491211 0.993043
0.493164 0.993655
0.495117 0.994237
0.49707 0.99479
0.499023 0.995313
0.500977 0.995806
0.50293 0.996269
0.504883 0.996703
0.506836 0.997107
0.508789 0.99748
0.510742 0.997824
0.512695 0.998138
0.514648 0.998422
0.516602 0.998675
0.518555 0.998899
0.520508 0.999092
0.522461 0.999255
0.524414 0.999388
0.526367 0.999491
0.52832 0.999563
0.530273 0.999605
0.532227 0.999616
0.53418 0.999597
0.536133 0.999547
0.538086 0.999467
0.540039 0.999356
0.541992 0.999214
0.543945 0.999042
0.545898 0.998839
0.547852 0.998605
0.549805 0.99834
0.551758 0.998044
0.553711 0.997717
0.555664 0.99736
0.557617 0.996971
0.55957 0.996551
0.561523 0.9961
0.563477 0.995618
0.56543 0.995104
0.567383 0.994559
0.569336 0.993983
0.571289 0.993376
0.573242 0.992737
0.575195 0.992066
0.577148 0.991364
0.579102 0.990631
0.581055 0.989865
0.583008 0.989069
0.584961 0.98824
0.586914 0.98738
0.588867 0.986487
0.59082 0.985563
0.592773 0.984607
0.594727 0.983619
0.59668 0.982599
0.598633 0.981547
0.600586 0.980463
0.602539 0.979346
0.604492 0.978198
0.606445 0.977017
0.608398 0.975804
0.610352 0.974558
0.612305 0.97328
0.614258 0.97197
0.616211 0.970627
0.618164 0.969251
0.620117 0.967843
0.62207 0.966402
0.624023 0.964928
0.625977 0.963422
0.62793 0.961882
0.629883 0.96031
0.631836 0.958705
0.633789 0.957067
0.635742 0.955396
0.637695 0.953691
0.639648 0.951954
0.641602 0.950183
0.643555 0.94838
0.645508 0.946542
0.647461 0.944672
0.649414 0.942768
0.651367 0.94083
0.65332 0.93886
0.655273 0.936855
0.657227 0.934817
0.65918 0.932745
0.661133 0.930639
0.663086 0.9285
0.665039 0.926327
0.666992 0.92412
0.668945 0.921878
0.670898 0.919603
0.672852 0.917294
0.674805 0.914951
0.676758 0.912573
0.678711 0.910162
0.680664 0.907716
0.682617 0.905235
0.68457 0.90272
0.686523 0.900171
0.688477 0.897587
0.69043 0.894969
0.692383 0.892316
0.694336 0.889629
0.696289 0.886906
0.698242 0.884149
0.700195 0.881357
0.702148 0.87853
0.704102 0.875668
0.706055 0.872771
0.708008 0.869839
0.709961 0.866872
0.711914 0.863869
0.713867 0.860832
0.71582 0.857759
0.717773 0.85465
0.719727 0.851507
0.72168 0.848327
0.723633 0.845112
0.725586 0.841862
0.727539 0.838576
0.729492 0.835254
0.731445 0.831896
0.733398 0.828502
0.735352 0.825073
0.737305 0.821607
0.739258 0.818106
0.741211 0.814568
0.743164 0.810995
0.745117 0.807384
0.74707 0.803738
0.749023 0.800056
0.750977 0.796336
0.75293 0.792581
0.754883 0.788789
0.756836 0.78496
0.758789 0.781095
0.760742 0.777193
0.762695 0.773254
0.764648 0.769278
0.766602 0.765266
0.768555 0.761216
0.770508 0.757129
0.772461 0.753006
0.774414 0.748845
0.776367 0.744647
0.77832 0.740411
0.780273 0.736139
0.782227 0.731828
0.78418 0.727481
0.786133 0.723095
0.788086 0.718673
0.790039 0.714212
0.791992 0.709714
0.793945 0.705178
0.795898 0.700604
0.797852 0.695992
0.799805 0.691342
0.801758 0.686653
0.803711 0.681927
0.805664 0.677163
0.807617 0.67236
0.80957 0.667519
0.811523 0.66264
0.813477 0.657722
0.81543 0.652765
0.817383 0.64777
0.819336 0.642736
0.821289 0.637663
0.823242 0.632552
0.825195 0.627401
0.827148 0.622212
0.829102 0.616984
0.831055 0.611716
0.833008 0.606409
0.834961 0.601063
0.836914 0.595678
0.838867 0.590254
0.84082 0.584789
0.842773 0.579286
0.844727 0.573742
0.84668 0.568159
0.848633 0.562537
0.850586 0.556874
0.852539 0.551172
0.854492 0.545429
0.856445 0.539647
0.858398 0.533824
0.860352 0.527962
0.862305 0.522059
0.864258 0.516115
0.866211 0.510131
0.868164 0.504107
0.870117 0.498042
0.87207 0.491937
0.874023 0.485791
0.875977 0.479604
0.87793 0.473376
0.879883 0.467107
0.881836 0.460798
0.883789 0.454447
0.885742 0.448055
0.887695 0.441621
0.889648 0.435147
0.891602 0.428631
0.893555 0.422074
0.895508 0.415475
0.897461 0.408834
0.899414 0.402152
0.901367 0.395428
0.90332 0.388662
0.905273 0.381854
0.907227 0.375004
0.90918 0.368112
0.911133 0.361178
0.913086 0.354201
0.915039 0.347182
0.916992 0.340121
0.918945 0.333017
0.920898 0.325871
0.922852 0.318682
0.924805 0.31145
0.926758 0.304176
0.928711 0.296858
0.930664 0.289498
0.932617 0.282094
0.93457 0.274648
0.936523 0.267158
0.938477 0.259625
0.94043 0.252048
0.942383 0.244428
0.944336 0.236764
0.946289 0.229057
0.948242 0.221306
0.950195 0.213511
0.952148 0.205672
0.954102 0.197789
0.956055 0.189862
0.958008 0.181891
0.959961 0.173875
0.961914 0.165816
0.963867 0.157711
0.96582 0.149563
0.967773 0.141369
0.969727 0.133131
0.97168 0.124849
0.973633 0.116521
0.975586 0.108148
0.977539 0.0997308
0.979492 0.0912682
0.981445 0.0827607
0.983398 0.0742085
0.985352 0.0656123
0.987305 0.0569729
0.989258 0.0482922
0.991211 0.0395729
0.993164 0.030819
0.995117 0.022036
0.99707 0.0132309
0.999023 0.00441188
1 0
