0 0
0.000976562 0.00317461
0.00292969 0.00952266
0.00488281 0.0158672
0.00683594 0.022206
0.00878906 0.028537
0.0107422 0.0348582
0.0126953 0.0411682
0.0146484 0.0474655
0.0166016 0.0537488
0.0185547 0.0600174
0.0205078 0.0662704
0.0224609 0.0725073
0.0244141 0.0787277
0.0263672 0.0849313
0.0283203 0.0911178
0.0302734 0.0972871
0.0322266 0.103439
0.0341797 0.109573
0.0361328 0.11569
0.0380859 0.12179
0.0400391 0.127872
0.0419922 0.133936
0.0439453 0.139982
0.0458984 0.146011
0.0478516 0.152022
0.0498047 0.158016
0.0517578 0.163991
0.0537109 0.169949
0.0556641 0.175888
0.0576172 0.18181
0.0595703 0.187714
0.0615234 0.1936
0.0634766 0.199468
0.0654297 0.205318
0.0673828 0.21115
0.0693359 0.216964
0.0712891 0.22276
0.0732422 0.228537
0.0751953 0.234297
0.0771484 0.240038
0.0791016 0.245761
0.0810547 0.251466
0.0830078 0.257152
0.0849609 0.26282
0.0869141 0.26847
0.0888672 0.274101
0.0908203 0.279714
0.0927734 0.285308
0.0947266 0.290884
0.0966797 0.296441
0.0986328 0.30198
0.100586 0.3075
0.102539 0.313001
0.104492 0.318484
0.106445 0.323948
0.108398 0.329394
0.110352 0.33482
0.112305 0.340228
0.114258 0.345617
0.116211 0.350987
0.118164 0.356338
0.120117 0.36167
0.12207 0.366983
0.124023 0.372278
0.125977 0.377553
0.12793 0.382809
0.129883 0.388046
0.131836 0.393263
0.133789 0.398462
0.135742 0.403641
0.137695 0.408802
0.139648 0.413942
0.141602 0.419064
0.143555 0.424166
0.145508 0.429249
0.147461 0.434312
0.149414 0.439356
0.151367 0.44438
0.15332 0.449385
0.155273 0.45437
0.157227 0.459336
0.15918 0.464282
0.161133 0.469208
0.163086 0.474114
0.165039 0.479001
0.166992 0.483868
0.168945 0.488715
0.170898 0.493542
0.172852 0.498349
0.174805 0.503137
0.176758 0.507904
0.178711 0.512652
0.180664 0.517379
0.182617 0.522086
0.18457 0.526773
0.186523 0.53144
0.188477 0.536086
0.19043 0.540713
0.192383 0.545319
0.194336 0.549905
0.196289 0.55447
0.198242 0.559015
0.200195 0.563539
0.202148 0.568044
0.204102 0.572527
0.206055 0.57699
0.208008 0.581432
0.209961 0.585854
0.211914 0.590255
0.213867 0.594635
0.21582 0.598995
0.217773 0.603333
0.219727 0.607651
0.22168 0.611948
0.223633 0.616224
0.225586 0.620479
0.227539 0.624713
0.229492 0.628926
0.231445 0.633118
0.233398 0.637289
0.235352 0.641439
0.237305 0.645567
0.239258 0.649674
0.241211 0.65376
0.243164 0.657824
0.245117 0.661868
0.24707 0.665889
0.249023 0.669889
0.250977 0.673868
0.25293 0.677825
0.254883 0.681761
0.256836 0.685675
0.258789 0.689567
0.260742 0.693437
0.262695 0.697286
0.264648 0.701113
0.266602 0.704918
0.268555 0.708701
0.270508 0.712462
0.272461 0.716202
0.274414 0.719919
0.276367 0.723614
0.27832 0.727287
0.280273 0.730938
0.282227 0.734566
0.28418 0.738173
0.286133 0.741757
0.288086 0.745318
0.290039 0.748858
0.291992 0.752375
0.293945 0.755869
0.295898 0.759341
0.297852 0.76279
0.299805 0.766217
0.301758 0.769621
0.303711 0.773002
0.305664 0.77636
0.307617 0.779696
0.30957 0.783009
0.311523 0.786299
0.313477 0.789566
0.31543 0.79281
0.317383 0.796031
0.319336 0.799228
0.321289 0.802403
0.323242 0.805555
0.325195 0.808683
0.327148 0.811788
0.329102 0.814869
0.331055 0.817928
0.333008 0.820962
0.334961 0.823974
0.336914 0.826961
0.338867 0.829926
0.34082 0.832866
0.342773 0.835783
0.344727 0.838676
0.34668 0.841545
0.348633 0.844391
0.350586 0.847212
0.352539 0.85001
0.354492 0.852784
0.356445 0.855533
0.358398 0.858259
0.360352 0.86096
0.362305 0.863637
0.364258 0.86629
0.366211 0.868919
0.368164 0.871523
0.370117 0.874103
0.37207 0.876658
0.374023 0.879189
0.375977 0.881696
0.37793 0.884177
0.379883 0.886634
0.381836 0.889067
0.383789 0.891474
0.385742 0.893857
0.387695 0.896215
0.389648 0.898547
0.391602 0.900855
0.393555 0.903138
0.395508 0.905396
0.397461 0.907628
0.399414 0.909836
0.401367 0.912018
0.40332 0.914174
0.405273 0.916306
0.407227 0.918411
0.40918 0.920492
0.411133 0.922546
0.413086 0.924576
0.415039 0.926579
0.416992 0.928557
0.418945 0.930509
0.420898 0.932435
0.422852 0.934335
0.424805 0.936209
0.426758 0.938058
0.428711 0.93988
0.430664 0.941676
0.432617 0.943445
0.43457 0.945189
0.436523 0.946906
0.438477 0.948597
0.44043 0.950261
0.442383 0.951899
0.444336 0.95351
0.446289 0.955095
0.448242 0.956653
0.450195 0.958184
0.452148 0.959689
0.454102 0.961166
0.456055 0.962617
0.458008 0.96404
0.459961 0.965437
0.461914 0.966806
0.463867 0.968149
0.46582 0.969464
0.467773 0.970751
0.469727 0.972012
0.47168 0.973245
0.473633 0.97445
0.475586 0.975628
0.477539 0.976778
0.479492 0.9779
0.481445 0.978995
0.483398 0.980062
0.485352 0.981101
0.487305 0.982112
0.489258 0.983095
0.491211 0.98405
0.493164 0.984976
0.495117 0.985875
0.49707 0.986745
0.499023 0.987587
0.500977 0.9884
0.50293 0.989185
0.504883 0.989941
0.506836 0.990669
0.508789 0.991367
0.510742 0.992038
0.512695 0.992679
0.514648 0.993291
0.516602 0.993875
0.518555 0.994429
0.520508 0.994954
0.522461 0.99545
0.524414 0.995916
0.526367 0.996354
0.52832 0.996762
0.530273 0.99714
0.532227 0.997489
0.53418 0.997808
0.536133 0.998097
0.538086 0.998357
0.540039 0.998587
0.541992 0.998787
0.543945 0.998957
0.545898 0.999096
0.547852 0.999206
0.549805 0.999285
0.551758 0.999334
0.553711 0.999353
0.555664 0.999341
0.557617 0.999299
0.55957 0.999226
0.561523 0.999122
0.563477 0.998987
0.56543 0.998822
0.567383 0.998626
0.569336 0.998398
0.571289 0.99814
0.573242 0.99785
0.575195 0.997529
0.577148 0.997177
0.579102 0.996794
0.581055 0.996379
0.583008 0.995932
0.584961 0.995453
0.586914 0.994943
0.588867 0.994401
0.59082 0.993828
0.592773 0.993222
0.594727 0.992584
0.59668 0.991914
0.598633 0.991211
0.600586 0.990477
0.602539 0.98971
0.604492 0.98891
0.606445 0.988078
0.608398 0.987213
0.610352 0.986316
0.612305 0.985385
0.614258 0.984422
0.616211 0.983425
0.618164 0.982396
0.620117 0.981333
0.62207 0.980237
0.624023 0.979108
0.625977 0.977945
0.62793 0.976748
0.629883 0.975518
0.631836 0.974254
0.633789 0.972957
0.635742 0.971625
0.637695 0.97026
0.639648 0.96886
0.641602 0.967426
0.643555 0.965958
0.645508 0.964455
0.647461 0.962918
0.649414 0.961346
0.651367 0.95974
0.65332 0.958099
0.655273 0.956423
0.657227 0.954712
0.65918 0.952966
0.661133 0.951184
0.663086 0.949368
0.665039 0.947516
0.666992 0.945629
0.668945 0.943706
0.670898 0.941747
0.672852 0.939753
0.674805 0.937723
0.676758 0.935657
0.678711 0.933555
0.680664 0.931416
0.682617 0.929242
0.68457 0.92703
0.686523 0.924783
0.688477 0.922499
0.69043 0.920178
0.692383 0.917821
0.694336 0.915426
0.696289 0.912995
0.698242 0.910526
0.700195 0.90802
0.702148 0.905477
0.704102 0.902896
0.706055 0.900278
0.708008 0.897622
0.709961 0.894929
0.711914 0.892197
0.713867 0.889428
0.71582 0.88662
0.717773 0.883774
0.719727 0.88089
0.72168 0.877968
0.723633 0.875007
0.725586 0.872007
0.727539 0.868968
0.729492 0.865891
0.731445 0.862774
0.733398 0.859618
0.735352 0.856423
0.737305 0.853189
0.739258 0.849915
0.741211 0.846602
0.743164 0.843249
0.745117 0.839855
0.74707 0.836422
0.749023 0.832949
0.750977 0.829436
0.75293 0.825882
0.754883 0.822288
0.756836 0.818653
0.758789 0.814978
0.760742 0.811261
0.762695 0.807504
0.764648 0.803705
0.766602 0.799866
0.768555 0.795985
0.770508 0.792062
0.772461 0.788098
0.774414 0.784092
0.776367 0.780044
0.77832 0.775954
0.780273 0.771822
0.782227 0.767648
0.78418 0.763431
0.786133 0.759172
0.788086 0.75487
0.790039 0.750525
0.791992 0.746138
0.793945 0.741707
0.795898 0.737233
0.797852 0.732715
0.799805 0.728154
0.801758 0.72355
0.803711 0.718901
0.805664 0.714209
0.807617 0.709472
0.80957 0.704691
0.811523 0.699866
0.813477 0.694997
0.81543 0.690082
0.817383 0.685123
0.819336 0.680119
0.821289 0.67507
0.823242 0.669975
0.825195 0.664835
0.827148 0.659649
0.829102 0.654418
0.831055 0.649141
0.833008 0.643818
0.834961 0.638448
0.836914 0.633033
0.838867 0.62757
0.84082 0.622061
0.842773 0.616506
0.844727 0.610903
0.84668 0.605253
0.848633 0.599556
0.850586 0.593811
0.852539 0.588019
0.854492 0.582179
0.856445 0.576291
0.858398 0.570354
0.860352 0.56437
0.862305 0.558337
0.864258 0.552255
0.866211 0.546125
0.868164 0.539945
0.870117 0.533717
0.87207 0.527439
0.874023 0.521112
0.875977 0.514734
0.87793 0.508307
0.879883 0.501831
0.881836 0.495303
0.883789 0.488726
0.885742 0.482098
0.887695 0.475419
0.889648 0.468689
0.891602 0.461908
0.893555 0.455075
0.895508 0.448192
0.897461 0.441256
0.899414 0.434269
0.901367 0.427229
0.90332 0.420138
0.905273 0.412993
0.907227 0.405797
0.90918 0.398547
0.911133 0.391244
0.913086 0.383888
0.915039 0.376479
0.916992 0.369016
0.918945 0.361499
0.920898 0.353928
0.922852 0.346303
0.924805 0.338623
0.926758 0.330889
0.928711 0.3231
0.930664 0.315256
0.932617 0.307356
0.93457 0.299401
0.936523 0.29139
0.938477 0.283324
0.94043 0.275201
0.942383 0.267022
0.944336 0.258786
0.946289 0.250493
0.948242 0.242144
0.950195 0.233737
0.952148 0.225273
0.954102 0.216751
0.956055 0.208171
0.958008 0.199532
0.959961 0.190836
0.961914 0.182081
0.963867 0.173267
0.96582 0.164393
0.967773 0.155461
0.969727 0.146469
0.97168 0.137417
0.973633 0.128305
0.975586 0.119134
0.977539 0.109902
0.979492 0.100611
0.981445 0.0912596
0.983398 0.0818504
0.985352 0.0723842
0.987305 0.0628635
0.989258 0.0532915
0.991211 0.0436729
0.993164 0.0340135
0.995117 0.0243206
0.99707 0.0146027
0.999023 0.00486931
1 0
