0 0
0.000976562 0.00289566
0.00292969 0.00868627
0.00488281 0.0144748
0.00683594 0.0202599
0.00878906 0.0260402
0.0107422 0.0318146
0.0126953 0.0375819
0.0146484 0.0433411
0.0166016 0.0490913
0.0185547 0.0548316
0.0205078 0.0605614
0.0224609 0.0662801
0.0244141 0.0719871
0.0263672 0.077682
0.0283203 0.0833646
0.0302734 0.0890345
0.0322266 0.0946914
0.0341797 0.100335
0.0361328 0.105966
0.0380859 0.111583
0.0400391 0.117187
0.0419922 0.122778
0.0439453 0.128355
0.0458984 0.133918
0.0478516 0.139468
0.0498047 0.145004
0.0517578 0.150526
0.0537109 0.156034
0.0556641 0.161529
0.0576172 0.16701
0.0595703 0.172477
0.0615234 0.17793
0.0634766 0.183369
0.0654297 0.188795
0.0673828 0.194206
0.0693359 0.199603
0.0712891 0.204986
0.0732422 0.210355
0.0751953 0.21571
0.0771484 0.221051
0.0791016 0.226378
0.0810547 0.23169
0.0830078 0.236988
0.0849609 0.242272
0.0869141 0.247542
0.0888672 0.252797
0.0908203 0.258038
0.0927734 0.263264
0.0947266 0.268476
0.0966797 0.273673
0.0986328 0.278856
0.100586 0.284025
0.102539 0.289179
0.104492 0.294318
0.106445 0.299442
0.108398 0.304552
0.110352 0.309648
0.112305 0.314728
0.114258 0.319794
0.116211 0.324844
0.118164 0.32988
0.120117 0.334901
0.12207 0.339907
0.124023 0.344898
0.125977 0.349875
0.12793 0.354836
0.129883 0.359782
0.131836 0.364713
0.133789 0.369628
0.135742 0.374529
0.137695 0.379414
0.139648 0.384284
0.141602 0.389139
0.143555 0.393978
0.145508 0.398803
0.147461 0.403611
0.149414 0.408404
0.151367 0.413182
0.15332 0.417944
0.155273 0.422691
0.157227 0.427422
0.15918 0.432138
0.161133 0.436837
0.163086 0.441521
0.165039 0.44619
0.166992 0.450842
0.168945 0.455479
0.170898 0.4601
0.172852 0.464705
0.174805 0.469293
0.176758 0.473866
0.178711 0.478423
0.180664 0.482964
0.182617 0.487489
0.18457 0.491998
0.186523 0.49649
0.188477 0.500966
0.19043 0.505426
0.192383 0.50987
0.194336 0.514297
0.196289 0.518708
0.198242 0.523102
0.200195 0.52748
0.202148 0.531842
0.204102 0.536187
0.206055 0.540515
0.208008 0.544826
0.209961 0.549121
0.211914 0.553399
0.213867 0.557661
0.21582 0.561905
0.217773 0.566133
0.219727 0.570344
0.22168 0.574538
0.223633 0.578715
0.225586 0.582875
0.227539 0.587017
0.229492 0.591143
0.231445 0.595251
0.233398 0.599343
0.235352 0.603417
0.237305 0.607473
0.239258 0.611512
0.241211 0.615534
0.243164 0.619539
0.245117 0.623526
0.24707 0.627495
0.249023 0.631447
0.250977 0.635381
0.25293 0.639298
0.254883 0.643196
0.256836 0.647077
0.258789 0.650941
0.260742 0.654786
0.262695 0.658613
0.264648 0.662423
0.266602 0.666214
0.268555 0.669987
0.270508 0.673743
0.272461 0.67748
0.274414 0.681199
0.276367 0.684899
0.27832 0.688581
0.280273 0.692245
0.282227 0.695891
0.28418 0.699518
0.286133 0.703126
0.288086 0.706716
0.290039 0.710287
0.291992 0.71384
0.293945 0.717374
0.295898 0.720889
0.297852 0.724385
0.299805 0.727863
0.301758 0.731321
0.303711 0.734761
0.305664 0.738181
0.307617 0.741583
0.30957 0.744965
0.311523 0.748328
0.313477 0.751672
0.31543 0.754996
0.317383 0.758301
0.319336 0.761587
0.321289 0.764853
0.323242 0.7681
0.325195 0.771327
0.327148 0.774534
0.329102 0.777722
0.331055 0.78089
0.333008 0.784038
0.334961 0.787166
0.336914 0.790275
0.338867 0.793363
0.34082 0.796431
0.342773 0.79948
0.344727 0.802508
0.34668 0.805515
0.348633 0.808503
0.350586 0.81147
0.352539 0.814417
0.354492 0.817343
0.356445 0.820249
0.358398 0.823134
0.360352 0.825999
0.362305 0.828843
0.364258 0.831666
0.366211 0.834468
0.368164 0.83725
0.370117 0.84001
0.37207 0.84275
0.374023 0.845468
0.375977 0.848165
0.37793 0.850841
0.379883 0.853496
0.381836 0.856129
0.383789 0.858741
0.385742 0.861332
0.387695 0.8639
0.389648 0.866448
0.391602 0.868974
0.393555 0.871477
0.395508 0.87396
0.397461 0.87642
0.399414 0.878858
0.401367 0.881275
0.40332 0.883669
0.405273 0.886041
0.407227 0.888391
0.40918 0.890719
0.411133 0.893024
0.413086 0.895307
0.415039 0.897567
0.416992 0.899805
0.418945 0.90202
0.420898 0.904212
0.422852 0.906382
0.424805 0.908529
0.426758 0.910653
0.428711 0.912754
0.430664 0.914832
0.432617 0.916886
0.43457 0.918918
0.436523 0.920926
0.438477 0.922911
0.44043 0.924872
0.442383 0.92681
0.444336 0.928724
0.446289 0.930615
0.448242 0.932482
0.450195 0.934325
0.452148 0.936144
0.454102 0.937939
0.456055 0.93971
0.458008 0.941457
0.459961 0.943179
0.461914 0.944878
0.463867 0.946552
0.46582 0.948201
0.467773 0.949826
0.469727 0.951426
0.47168 0.953002
0.473633 0.954553
0.475586 0.956079
0.477539 0.95758
0.479492 0.959055
0.481445 0.960506
0.483398 0.961932
0.485352 0.963332
0.487305 0.964707
0.489258 0.966056
0.491211 0.96738
0.493164 0.968678
0.495117 0.96995
0.49707 0.971197
0.499023 0.972417
0.500977 0.973612
0.50293 0.97478
0.504883 0.975922
0.506836 0.977038
0.508789 0.978128
0.510742 0.979191
0.512695 0.980227
0.514648 0.981237
0.516602 0.98222
0.518555 0.983177
0.520508 0.984106
0.522461 0.985008
0.524414 0.985883
0.526367 0.986731
0.52832 0.987551
0.530273 0.988345
0.532227 0.98911
0.53418 0.989848
0.536133 0.990558
0.538086 0.99124
0.540039 0.991895
0.541992 0.992521
0.543945 0.993119
0.545898 0.993689
0.547852 0.994231
0.549805 0.994744
0.551758 0.995228
0.553711 0.995684
0.555664 0.996111
0.557617 0.996509
0.55957 0.996878
0.561523 0.997218
0.563477 0.997529
0.56543 0.997811
0.567383 0.998063
0.569336 0.998285
0.571289 0.998478
0.573242 0.998641
0.575195 0.998775
0.577148 0.998878
0.579102 0.998951
0.581055 0.998994
0.583008 0.999006
0.584961 0.998988
0.586914 0.99894
0.588867 0.99886
0.59082 0.99875
0.592773 0.998609
0.594727 0.998437
0.59668 0.998234
0.598633 0.997999
0.600586 0.997733
0.602539 0.997435
0.604492 0.997106
0.606445 0.996745
0.608398 0.996352
0.610352 0.995926
0.612305 0.995469
0.614258 0.994979
0.616211 0.994457
0.618164 0.993902
0.620117 0.993315
0.62207 0.992694
0.624023 0.992041
0.625977 0.991355
0.62793 0.990635
0.629883 0.989881
0.631836 0.989095
0.633789 0.988274
0.635742 0.98742
0.637695 0.986532
0.639648 0.985609
0.641602 0.984653
0.643555 0.983662
0.645508 0.982636
0.647461 0.981576
0.649414 0.980481
0.651367 0.979351
0.65332 0.978186
0.655273 0.976985
0.657227 0.975749
0.65918 0.974477
0.661133 0.97317
0.663086 0.971827
0.665039 0.970448
0.666992 0.969032
0.668945 0.96758
0.670898 0.966092
0.672852 0.964567
0.674805 0.963005
0.676758 0.961406
0.678711 0.95977
0.680664 0.958096
0.682617 0.956385
0.68457 0.954636
0.686523 0.95285
0.688477 0.951025
0.69043 0.949162
0.692383 0.947261
0.694336 0.945321
0.696289 0.943343
0.698242 0.941326
0.700195 0.939269
0.702148 0.937173
0.704102 0.935038
0.706055 0.932863
0.708008 0.930649
0.709961 0.928394
0.711914 0.926099
0.713867 0.923764
0.71582 0.921388
0.717773 0.918971
0.719727 0.916514
0.72168 0.914015
0.723633 0.911475
0.725586 0.908894
0.727539 0.90627
0.729492 0.903605
0.731445 0.900898
0.733398 0.898148
0.735352 0.895356
0.737305 0.89252
0.739258 0.889642
0.741211 0.886721
0.743164 0.883756
0.745117 0.880748
0.74707 0.877696
0.749023 0.874599
0.750977 0.871459
0.75293 0.868274
0.754883 0.865044
0.756836 0.861769
0.758789 0.858449
0.760742 0.855084
0.762695 0.851673
0.764648 0.848216
0.766602 0.844713
0.768555 0.841164
0.770508 0.837568
0.772461 0.833925
0.774414 0.830235
0.776367 0.826498
0.77832 0.822713
0.780273 0.81888
0.782227 0.814999
0.78418 0.81107
0.786133 0.807093
0.788086 0.803066
0.790039 0.79899
0.791992 0.794865
0.793945 0.79069
0.795898 0.786465
0.797852 0.78219
0.799805 0.777865
0.801758 0.773489
0.803711 0.769062
0.805664 0.764583
0.807617 0.760053
0.80957 0.755471
0.811523 0.750836
0.813477 0.746149
0.81543 0.74141
0.817383 0.736617
0.819336 0.731771
0.821289 0.726871
0.823242 0.721917
0.825195 0.716909
0.827148 0.711847
0.829102 0.706729
0.831055 0.701556
0.833008 0.696327
0.834961 0.691043
0.836914 0.685702
0.838867 0.680305
0.84082 0.67485
0.842773 0.669339
0.844727 0.663769
0.84668 0.658142
0.848633 0.652457
0.850586 0.646713
0.852539 0.64091
0.854492 0.635047
0.856445 0.629125
0.858398 0.623142
0.860352 0.617099
0.862305 0.610995
0.864258 0.60483
0.866211 0.598604
0.868164 0.592315
0.870117 0.585963
0.87207 0.579549
0.874023 0.573072
0.875977 0.566531
0.87793 0.559926
0.879883 0.553257
0.881836 0.546522
0.883789 0.539723
0.885742 0.532857
0.887695 0.525925
0.889648 0.518927
0.891602 0.511862
0.893555 0.504729
0.895508 0.497528
0.897461 0.490259
0.899414 0.482921
0.901367 0.475513
0.90332 0.468036
0.905273 0.460488
0.907227 0.452869
0.90918 0.445179
0.911133 0.437418
0.913086 0.429584
0.915039 0.421677
0.916992 0.413696
0.918945 0.405642
0.920898 0.397514
0.922852 0.38931
0.924805 0.381031
0.926758 0.372676
0.928711 0.364245
0.930664 0.355736
0.932617 0.347149
0.93457 0.338485
0.936523 0.329741
0.938477 0.320918
0.94043 0.312014
0.942383 0.30303
0.944336 0.293965
0.946289 0.284818
0.948242 0.275588
0.950195 0.266275
0.952148 0.256878
0.954102 0.247397
0.956055 0.23783
0.958008 0.228177
0.959961 0.218438
0.961914 0.208612
0.963867 0.198698
0.96582 0.188695
0.967773 0.178603
0.969727 0.168421
0.97168 0.158149
0.973633 0.147786
0.975586 0.137332
0.977539 0.126787
0.979492 0.116151
0.981445 0.105426
0.983398 0.0946144
0.985352 0.083718
0.987305 0.0727417
0.989258 0.0616912
0.991211 0.050574
0.993164 0.039399
0.995117 0.0281771
0.99707 0.0169205
0.999023 0.00564257
1 0
