0 0
0.000976562 0.00276241
0.00292969 0.00828669
0.00488281 0.0138093
0.00683594 0.0193293
0.00878906 0.0248455
0.0107422 0.030357
0.0126953 0.0358629
0.0146484 0.0413623
0.0166016 0.0468545
0.0185547 0.0523387
0.0205078 0.0578143
0.0224609 0.0632807
0.0244141 0.0687375
0.0263672 0.0741843
0.0283203 0.0796206
0.0302734 0.0850463
0.0322266 0.090461
0.0341797 0.0958645
0.0361328 0.101257
0.0380859 0.106637
0.0400391 0.112007
0.0419922 0.117364
0.0439453 0.12271
0.0458984 0.128044
0.0478516 0.133366
0.0498047 0.138676
0.0517578 0.143974
0.0537109 0.14926
0.0556641 0.154534
0.0576172 0.159796
0.0595703 0.165046
0.0615234 0.170284
0.0634766 0.17551
0.0654297 0.180723
0.0673828 0.185924
0.0693359 0.191113
0.0712891 0.196289
0.0732422 0.201454
0.0751953 0.206605
0.0771484 0.211745
0.0791016 0.216872
0.0810547 0.221986
0.0830078 0.227089
0.0849609 0.232178
0.0869141 0.237255
0.0888672 0.242319
0.0908203 0.247371
0.0927734 0.25241
0.0947266 0.257437
0.0966797 0.262451
0.0986328 0.267452
0.100586 0.27244
0.102539 0.277415
0.104492 0.282378
0.106445 0.287327
0.108398 0.292264
0.110352 0.297188
0.112305 0.302099
0.114258 0.306997
0.116211 0.311881
0.118164 0.316753
0.120117 0.321612
0.12207 0.326457
0.124023 0.331289
0.125977 0.336109
0.12793 0.340914
0.129883 0.345707
0.131836 0.350486
0.133789 0.355252
0.135742 0.360004
0.137695 0.364743
0.139648 0.369469
0.141602 0.374181
0.143555 0.378879
0.145508 0.383564
0.147461 0.388236
0.149414 0.392893
0.151367 0.397537
0.15332 0.402168
0.155273 0.406784
0.157227 0.411387
0.15918 0.415976
0.161133 0.420551
0.163086 0.425112
0.165039 0.429659
0.166992 0.434192
0.168945 0.438712
0.170898 0.443217
0.172852 0.447708
0.174805 0.452185
0.176758 0.456647
0.178711 0.461096
0.180664 0.46553
0.182617 0.46995
0.18457 0.474356
0.186523 0.478747
0.188477 0.483124
0.19043 0.487487
0.192383 0.491835
0.194336 0.496168
0.196289 0.500487
0.198242 0.504791
0.200195 0.509081
0.202148 0.513356
0.204102 0.517616
0.206055 0.521861
0.208008 0.526092
0.209961 0.530307
0.211914 0.534508
0.213867 0.538694
0.21582 0.542865
0.217773 0.547021
0.219727 0.551162
0.22168 0.555287
0.223633 0.559398
0.225586 0.563493
0.227539 0.567573
0.229492 0.571638
0.231445 0.575687
0.233398 0.579721
0.235352 0.58374
0.237305 0.587743
0.239258 0.591731
0.241211 0.595703
0.243164 0.599659
0.245117 0.6036
0.24707 0.607525
0.249023 0.611434
0.250977 0.615328
0.25293 0.619206
0.254883 0.623067
0.256836 0.626913
0.258789 0.630743
0.260742 0.634557
0.262695 0.638355
0.264648 0.642136
0.266602 0.645902
0.268555 0.649651
0.270508 0.653384
0.272461 0.657101
0.274414 0.660801
0.276367 0.664485
0.27832 0.668153
0.280273 0.671804
0.282227 0.675438
0.28418 0.679056
0.286133 0.682657
0.288086 0.686241
0.290039 0.689809
0.291992 0.693359
0.293945 0.696893
0.295898 0.70041
0.297852 0.70391
0.299805 0.707393
0.301758 0.710859
0.303711 0.714307
0.305664 0.717739
0.307617 0.721153
0.30957 0.72455
0.311523 0.727929
0.313477 0.731292
0.31543 0.734636
0.317383 0.737963
0.319336 0.741273
0.321289 0.744565
0.323242 0.747839
0.325195 0.751095
0.327148 0.754334
0.329102 0.757555
0.331055 0.760758
0.333008 0.763943
0.334961 0.76711
0.336914 0.770258
0.338867 0.773389
0.34082 0.776501
0.342773 0.779595
0.344727 0.782671
0.34668 0.785728
0.348633 0.788767
0.350586 0.791788
0.352539 0.79479
0.354492 0.797773
0.356445 0.800737
0.358398 0.803683
0.360352 0.80661
0.362305 0.809518
0.364258 0.812407
0.366211 0.815277
0.368164 0.818128
0.370117 0.82096
0.37207 0.823772
0.374023 0.826566
0.375977 0.82934
0.37793 0.832094
0.379883 0.83483
0.381836 0.837545
0.383789 0.840241
0.385742 0.842917
0.387695 0.845574
0.389648 0.848211
0.391602 0.850828
0.393555 0.853425
0.395508 0.856001
0.397461 0.858558
0.399414 0.861095
0.401367 0.863611
0.40332 0.866108
0.405273 0.868583
0.407227 0.871039
0.40918 0.873474
0.411133 0.875888
0.413086 0.878282
0.415039 0.880654
0.416992 0.883006
0.418945 0.885338
0.420898 0.887648
0.422852 0.889937
0.424805 0.892205
0.426758 0.894452
0.428711 0.896678
0.430664 0.898882
0.432617 0.901065
0.43457 0.903226
0.436523 0.905366
0.438477 0.907485
0.44043 0.909581
0.442383 0.911656
0.444336 0.913708
0.446289 0.915739
0.448242 0.917748
0.450195 0.919735
0.452148 0.921699
0.454102 0.923641
0.456055 0.925561
0.458008 0.927458
0.459961 0.929333
0.461914 0.931185
0.463867 0.933014
0.46582 0.934821
0.467773 0.936604
0.469727 0.938365
0.47168 0.940103
0.473633 0.941817
0.475586 0.943508
0.477539 0.945176
0.479492 0.94682
0.481445 0.948441
0.483398 0.950039
0.485352 0.951612
0.487305 0.953162
0.489258 0.954688
0.491211 0.95619
0.493164 0.957668
0.495117 0.959121
0.49707 0.960551
0.499023 0.961956
0.500977 0.963336
0.50293 0.964692
0.504883 0.966023
0.506836 0.96733
0.508789 0.968612
0.510742 0.969868
0.512695 0.9711
0.514648 0.972307
0.516602 0.973488
0.518555 0.974644
0.520508 0.975774
0.522461 0.976879
0.524414 0.977958
0.526367 0.979012
0.52832 0.980039
0.530273 0.98104
0.532227 0.982016
0.53418 0.982965
0.536133 0.983888
0.538086 0.984784
0.540039 0.985654
0.541992 0.986497
0.543945 0.987314
0.545898 0.988103
0.547852 0.988866
0.549805 0.989601
0.551758 0.990309
0.553711 0.99099
0.555664 0.991643
0.557617 0.992269
0.55957 0.992867
0.561523 0.993437
0.563477 0.993979
0.56543 0.994493
0.567383 0.994979
0.569336 0.995437
0.571289 0.995866
0.573242 0.996267
0.575195 0.996639
0.577148 0.996982
0.579102 0.997296
0.581055 0.997581
0.583008 0.997837
0.584961 0.998063
0.586914 0.99826
0.588867 0.998427
0.59082 0.998565
0.592773 0.998673
0.594727 0.99875
0.59668 0.998798
0.598633 0.998815
0.600586 0.998802
0.602539 0.998758
0.604492 0.998684
0.606445 0.998578
0.608398 0.998442
0.610352 0.998274
0.612305 0.998075
0.614258 0.997845
0.616211 0.997583
0.618164 0.997289
0.620117 0.996964
0.62207 0.996606
0.624023 0.996216
0.625977 0.995794
0.62793 0.995339
0.629883 0.994852
0.631836 0.994332
0.633789 0.993778
0.635742 0.993192
0.637695 0.992572
0.639648 0.991919
0.641602 0.991232
0.643555 0.990511
0.645508 0.989756
0.647461 0.988967
0.649414 0.988144
0.651367 0.987286
0.65332 0.986394
0.655273 0.985467
0.657227 0.984504
0.65918 0.983507
0.661133 0.982474
0.663086 0.981405
0.665039 0.980301
0.666992 0.979161
0.668945 0.977984
0.670898 0.976772
0.672852 0.975522
0.674805 0.974236
0.676758 0.972914
0.678711 0.971554
0.680664 0.970157
0.682617 0.968722
0.68457 0.967249
0.686523 0.965739
0.688477 0.964191
0.69043 0.962604
0.692383 0.960979
0.694336 0.959315
0.696289 0.957612
0.698242 0.95587
0.700195 0.954089
0.702148 0.952268
0.704102 0.950407
0.706055 0.948506
0.708008 0.946565
0.709961 0.944583
0.711914 0.942561
0.713867 0.940498
0.71582 0.938394
0.717773 0.936248
0.719727 0.934061
0.72168 0.931831
0.723633 0.92956
0.725586 0.927246
0.727539 0.92489
0.729492 0.922491
0.731445 0.920048
0.733398 0.917563
0.735352 0.915033
0.737305 0.91246
0.739258 0.909843
0.741211 0.907181
0.743164 0.904474
0.745117 0.901723
0.74707 0.898927
0.749023 0.896084
0.750977 0.893197
0.75293 0.890263
0.754883 0.887282
0.756836 0.884256
0.758789 0.881182
0.760742 0.878061
0.762695 0.874892
0.764648 0.871676
0.766602 0.868412
0.768555 0.865099
0.770508 0.861737
0.772461 0.858327
0.774414 0.854867
0.776367 0.851357
0.77832 0.847798
0.780273 0.844188
0.782227 0.840527
0.78418 0.836816
0.786133 0.833053
0.788086 0.829239
0.790039 0.825372
0.791992 0.821454
0.793945 0.817482
0.795898 0.813458
0.797852 0.80938
0.799805 0.805248
0.801758 0.801062
0.803711 0.796821
0.805664 0.792526
0.807617 0.788176
0.80957 0.783769
0.811523 0.779307
0.813477 0.774788
0.81543 0.770213
0.817383 0.76558
0.819336 0.760889
0.821289 0.75614
0.823242 0.751333
0.825195 0.746467
0.827148 0.741542
0.829102 0.736556
0.831055 0.731511
0.833008 0.726405
0.834961 0.721237
0.836914 0.716008
0.838867 0.710717
0.84082 0.705364
0.842773 0.699947
0.844727 0.694467
0.84668 0.688923
0.848633 0.683315
0.850586 0.677641
0.852539 0.671902
0.854492 0.666097
0.856445 0.660226
0.858398 0.654287
0.860352 0.648281
0.862305 0.642207
0.864258 0.636064
0.866211 0.629852
0.868164 0.62357
0.870117 0.617217
0.87207 0.610794
0.874023 0.604299
0.875977 0.597732
0.87793 0.591093
0.879883 0.58438
0.881836 0.577592
0.883789 0.570731
0.885742 0.563794
0.887695 0.556781
0.889648 0.549691
0.891602 0.542525
0.893555 0.53528
0.895508 0.527957
0.897461 0.520554
0.899414 0.513072
0.901367 0.505508
0.90332 0.497864
0.905273 0.490137
0.907227 0.482327
0.90918 0.474433
0.911133 0.466454
0.913086 0.458391
0.915039 0.450241
0.916992 0.442004
0.918945 0.43368
0.920898 0.425266
0.922852 0.416764
0.924805 0.408171
0.926758 0.399486
0.928711 0.39071
0.930664 0.38184
0.932617 0.372877
0.93457 0.363818
0.936523 0.354664
0.938477 0.345413
0.94043 0.336064
0.942383 0.326615
0.944336 0.317067
0.946289 0.307418
0.948242 0.297667
0.950195 0.287813
0.952148 0.277854
0.954102 0.26779
0.956055 0.257619
0.958008 0.247341
0.959961 0.236954
0.961914 0.226456
0.963867 0.215848
0.96582 0.205126
0.967773 0.194291
0.969727 0.183342
0.97168 0.172276
0.973633 0.161094
0.975586 0.149795
0.977539 0.138379
0.979492 0.126846
0.981445 0.115198
0.983398 0.103438
0.985352 0.0915699
0.987305 0.0795986
0.989258 0.0675322
0.991211 0.0553803
0.993164 0.0431548
0.995117 0.0308693
0.99707 0.0185397
0.999023 0.00618296
1 0
