0 0
0.000976562 0.00239847
0.00292969 0.00719514
0.00488281 0.011991
0.00683594 0.0167855
0.00878906 0.0215781
0.0107422 0.0263683
0.0126953 0.0311556
0.0146484 0.0359396
0.0166016 0.0407197
0.0185547 0.0454956
0.0205078 0.0502668
0.0224609 0.055033
0.0244141 0.0597938
0.0263672 0.064549
0.0283203 0.0692981
0.0302734 0.074041
0.0322266 0.0787775
0.0341797 0.0835072
0.0361328 0.08823
0.0380859 0.0929459
0.0400391 0.0976545
0.0419922 0.102356
0.0439453 0.10705
0.0458984 0.111736
0.0478516 0.116415
0.0498047 0.121086
0.0517578 0.125749
0.0537109 0.130404
0.0556641 0.135052
0.0576172 0.139691
0.0595703 0.144323
0.0615234 0.148946
0.0634766 0.153562
0.0654297 0.158169
0.0673828 0.162769
0.0693359 0.16736
0.0712891 0.171943
0.0732422 0.176518
0.0751953 0.181084
0.0771484 0.185642
0.0791016 0.190193
0.0810547 0.194734
0.0830078 0.199268
0.0849609 0.203793
0.0869141 0.20831
0.0888672 0.212818
0.0908203 0.217318
0.0927734 0.221809
0.0947266 0.226292
0.0966797 0.230766
0.0986328 0.235232
0.100586 0.23969
0.102539 0.244139
0.104492 0.248579
0.106445 0.25301
0.108398 0.257433
0.110352 0.261847
0.112305 0.266253
0.114258 0.270649
0.116211 0.275037
0.118164 0.279417
0.120117 0.283787
0.12207 0.288148
0.124023 0.292501
0.125977 0.296845
0.12793 0.30118
0.129883 0.305505
0.131836 0.309822
0.133789 0.31413
0.135742 0.318429
0.137695 0.322719
0.139648 0.326999
0.141602 0.331271
0.143555 0.335533
0.145508 0.339786
0.147461 0.34403
0.149414 0.348265
0.151367 0.35249
0.15332 0.356707
0.155273 0.360913
0.157227 0.365111
0.15918 0.369299
0.161133 0.373478
0.163086 0.377647
0.165039 0.381806
0.166992 0.385957
0.168945 0.390097
0.170898 0.394228
0.172852 0.39835
0.174805 0.402462
0.176758 0.406564
0.178711 0.410656
0.180664 0.414739
0.182617 0.418812
0.18457 0.422875
0.186523 0.426928
0.188477 0.430972
0.19043 0.435005
0.192383 0.439029
0.194336 0.443043
0.196289 0.447046
0.198242 0.45104
0.200195 0.455023
0.202148 0.458997
0.204102 0.46296
0.206055 0.466914
0.208008 0.470857
0.209961 0.474789
0.211914 0.478712
0.213867 0.482624
0.21582 0.486526
0.217773 0.490417
0.219727 0.494298
0.22168 0.498169
0.223633 0.502029
0.225586 0.505879
0.227539 0.509718
0.229492 0.513546
0.231445 0.517364
0.233398 0.521171
0.235352 0.524968
0.237305 0.528754
0.239258 0.532529
0.241211 0.536293
0.243164 0.540046
0.245117 0.543788
0.24707 0.54752
0.249023 0.55124
0.250977 0.55495
0.25293 0.558648
0.254883 0.562336
0.256836 0.566012
0.258789 0.569677
0.260742 0.573331
0.262695 0.576973
0.264648 0.580605
0.266602 0.584225
0.268555 0.587833
0.270508 0.591431
0.272461 0.595016
0.274414 0.598591
0.276367 0.602153
0.27832 0.605704
0.280273 0.609244
0.282227 0.612772
0.28418 0.616288
0.286133 0.619792
0.288086 0.623285
0.290039 0.626765
0.291992 0.630234
0.293945 0.633691
0.295898 0.637136
0.297852 0.640569
0.299805 0.643989
0.301758 0.647398
0.303711 0.650795
0.305664 0.654179
0.307617 0.657551
0.30957 0.660911
0.311523 0.664258
0.313477 0.667593
0.31543 0.670916
0.317383 0.674226
0.319336 0.677523
0.321289 0.680808
0.323242 0.68408
0.325195 0.68734
0.327148 0.690587
0.329102 0.693821
0.331055 0.697042
0.333008 0.70025
0.334961 0.703446
0.336914 0.706628
0.338867 0.709797
0.34082 0.712953
0.342773 0.716096
0.344727 0.719226
0.34668 0.722343
0.348633 0.725446
0.350586 0.728536
0.352539 0.731612
0.354492 0.734675
0.356445 0.737725
0.358398 0.740761
0.360352 0.743783
0.362305 0.746791
0.364258 0.749786
0.366211 0.752767
0.368164 0.755734
0.370117 0.758687
0.37207 0.761626
0.374023 0.764551
0.375977 0.767462
0.37793 0.770359
0.379883 0.773241
0.381836 0.77611
0.383789 0.778964
0.385742 0.781803
0.387695 0.784628
0.389648 0.787439
0.391602 0.790234
0.393555 0.793016
0.395508 0.795782
0.397461 0.798534
0.399414 0.801271
0.401367 0.803993
0.40332 0.8067
0.405273 0.809391
0.407227 0.812068
0.40918 0.81473
0.411133 0.817376
0.413086 0.820007
0.415039 0.822623
0.416992 0.825223
0.418945 0.827807
0.420898 0.830376
0.422852 0.83293
0.424805 0.835467
0.426758 0.837989
0.428711 0.840495
0.430664 0.842985
0.432617 0.845459
0.43457 0.847916
0.436523 0.850358
0.438477 0.852783
0.44043 0.855192
0.442383 0.857585
0.444336 0.859961
0.446289 0.862321
0.448242 0.864663
0.450195 0.86699
0.452148 0.869299
0.454102 0.871592
0.456055 0.873867
0.458008 0.876126
0.459961 0.878367
0.461914 0.880591
0.463867 0.882798
0.46582 0.884987
0.467773 0.887159
0.469727 0.889314
0.47168 0.891451
0.473633 0.89357
0.475586 0.895671
0.477539 0.897755
0.479492 0.89982
0.481445 0.901867
0.483398 0.903897
0.485352 0.905908
0.487305 0.9079
0.489258 0.909874
0.491211 0.91183
0.493164 0.913767
0.495117 0.915685
0.49707 0.917585
0.499023 0.919465
0.500977 0.921327
0.50293 0.923169
0.504883 0.924993
0.506836 0.926796
0.508789 0.928581
0.510742 0.930346
0.512695 0.932091
0.514648 0.933817
0.516602 0.935523
0.518555 0.937209
0.520508 0.938874
0.522461 0.94052
0.524414 0.942145
0.526367 0.943751
0.52832 0.945335
0.530273 0.946899
0.532227 0.948442
0.53418 0.949965
0.536133 0.951466
0.538086 0.952947
0.540039 0.954406
0.541992 0.955844
0.543945 0.957261
0.545898 0.958656
0.547852 0.96003
0.549805 0.961381
0.551758 0.962711
0.553711 0.964019
0.555664 0.965305
0.557617 0.966568
0.55957 0.967809
0.561523 0.969028
0.563477 0.970224
0.56543 0.971397
0.567383 0.972547
0.569336 0.973674
0.571289 0.974778
0.573242 0.975859
0.575195 0.976916
0.577148 0.977949
0.579102 0.978959
0.581055 0.979945
0.583008 0.980907
0.584961 0.981844
0.586914 0.982758
0.588867 0.983647
0.59082 0.984511
0.592773 0.98535
0.594727 0.986165
0.59668 0.986954
0.598633 0.987718
0.600586 0.988457
0.602539 0.98917
0.604492 0.989858
0.606445 0.990519
0.608398 0.991155
0.610352 0.991764
0.612305 0.992347
0.614258 0.992903
0.616211 0.993433
0.618164 0.993935
0.620117 0.994411
0.62207 0.994859
0.624023 0.99528
0.625977 0.995673
0.62793 0.996039
0.629883 0.996376
0.631836 0.996685
0.633789 0.996966
0.635742 0.997218
0.637695 0.997442
0.639648 0.997636
0.641602 0.997801
0.643555 0.997937
0.645508 0.998044
0.647461 0.99812
0.649414 0.998167
0.651367 0.998183
0.65332 0.998169
0.655273 0.998125
0.657227 0.998049
0.65918 0.997943
0.661133 0.997805
0.663086 0.997635
0.665039 0.997434
0.666992 0.997201
0.668945 0.996935
0.670898 0.996637
0.672852 0.996307
0.674805 0.995943
0.676758 0.995547
0.678711 0.995116
0.680664 0.994652
0.682617 0.994154
0.68457 0.993622
0.686523 0.993056
0.688477 0.992454
0.69043 0.991818
0.692383 0.991146
0.694336 0.990439
0.696289 0.989696
0.698242 0.988916
0.700195 0.9881
0.702148 0.987248
0.704102 0.986358
0.706055 0.985431
0.708008 0.984467
0.709961 0.983464
0.711914 0.982423
0.713867 0.981344
0.71582 0.980226
0.717773 0.979068
0.719727 0.977871
0.72168 0.976634
0.723633 0.975357
0.725586 0.974039
0.727539 0.97268
0.729492 0.97128
0.731445 0.969838
0.733398 0.968354
0.735352 0.966828
0.737305 0.965259
0.739258 0.963646
0.741211 0.96199
0.743164 0.960291
0.745117 0.958546
0.74707 0.956757
0.749023 0.954923
0.750977 0.953043
0.75293 0.951117
0.754883 0.949145
0.756836 0.947126
0.758789 0.945059
0.760742 0.942944
0.762695 0.940782
0.764648 0.93857
0.766602 0.936309
0.768555 0.933999
0.770508 0.931638
0.772461 0.929226
0.774414 0.926763
0.776367 0.924249
0.77832 0.921682
0.780273 0.919062
0.782227 0.916389
0.78418 0.913662
0.786133 0.91088
0.788086 0.908043
0.790039 0.905151
0.791992 0.902202
0.793945 0.899197
0.795898 0.896133
0.797852 0.893012
0.799805 0.889832
0.801758 0.886592
0.803711 0.883293
0.805664 0.879932
0.807617 0.87651
0.80957 0.873026
0.811523 0.869479
0.813477 0.865868
0.81543 0.862193
0.817383 0.858452
0.819336 0.854646
0.821289 0.850772
0.823242 0.846832
0.825195 0.842822
0.827148 0.838744
0.829102 0.834595
0.831055 0.830375
0.833008 0.826084
0.834961 0.821719
0.836914 0.817281
0.838867 0.812768
0.84082 0.808179
0.842773 0.803514
0.844727 0.79877
0.84668 0.793948
0.848633 0.789046
0.850586 0.784063
0.852539 0.778998
0.854492 0.773849
0.856445 0.768616
0.858398 0.763298
0.860352 0.757892
0.862305 0.752398
0.864258 0.746815
0.866211 0.74114
0.868164 0.735374
0.870117 0.729514
0.87207 0.723559
0.874023 0.717507
0.875977 0.711358
0.87793 0.705108
0.879883 0.698758
0.881836 0.692305
0.883789 0.685747
0.885742 0.679082
0.887695 0.67231
0.889648 0.665428
0.891602 0.658434
0.893555 0.651326
0.895508 0.644103
0.897461 0.636762
0.899414 0.629301
0.901367 0.621718
0.90332 0.61401
0.905273 0.606176
0.907227 0.598212
0.90918 0.590117
0.911133 0.581888
0.913086 0.573522
0.915039 0.565017
0.916992 0.556369
0.918945 0.547576
0.920898 0.538634
0.922852 0.529541
0.924805 0.520294
0.926758 0.510888
0.928711 0.501321
0.930664 0.491588
0.932617 0.481687
0.93457 0.471612
0.936523 0.461361
0.938477 0.450928
0.94043 0.44031
0.942383 0.429501
0.944336 0.418498
0.946289 0.407294
0.948242 0.395885
0.950195 0.384266
0.952148 0.37243
0.954102 0.360372
0.956055 0.348085
0.958008 0.335563
0.959961 0.322799
0.961914 0.309785
0.963867 0.296516
0.96582 0.282982
0.967773 0.269175
0.969727 0.255089
0.97168 0.240714
0.973633 0.226042
0.975586 0.211068
0.977539 0.195784
0.979492 0.180187
0.981445 0.164274
0.983398 0.148047
0.985352 0.131513
0.987305 0.114683
0.989258 0.0975757
0.991211 0.0802153
0.993164 0.062635
0.995117 0.0448744
0.99707 0.0269798
0.999023 0.00900256
1 0
