0 0
0.000976562 0.00233481
0.00292969 0.0070042
0.00488281 0.0116729
0.00683594 0.0163403
0.00878906 0.0210061
0.0107422 0.0256698
0.0126953 0.030331
0.0146484 0.0349891
0.0166016 0.0396439
0.0185547 0.0442948
0.0205078 0.0489417
0.0224609 0.053584
0.0244141 0.0582216
0.0263672 0.0628541
0.0283203 0.0674811
0.0302734 0.0721026
0.0322266 0.0767183
0.0341797 0.0813279
0.0361328 0.0859312
0.0380859 0.0905282
0.0400391 0.0951186
0.0419922 0.0997024
0.0439453 0.104279
0.0458984 0.108849
0.0478516 0.113413
0.0498047 0.117969
0.0517578 0.122518
0.0537109 0.127059
0.0556641 0.131594
0.0576172 0.136121
0.0595703 0.140641
0.0615234 0.145153
0.0634766 0.149658
0.0654297 0.154156
0.0673828 0.158646
0.0693359 0.163129
0.0712891 0.167604
0.0732422 0.172071
0.0751953 0.176531
0.0771484 0.180983
0.0791016 0.185428
0.0810547 0.189865
0.0830078 0.194294
0.0849609 0.198716
0.0869141 0.20313
0.0888672 0.207536
0.0908203 0.211934
0.0927734 0.216324
0.0947266 0.220707
0.0966797 0.225081
0.0986328 0.229448
0.100586 0.233807
0.102539 0.238158
0.104492 0.242501
0.106445 0.246836
0.108398 0.251163
0.110352 0.255482
0.112305 0.259793
0.114258 0.264096
0.116211 0.268391
0.118164 0.272677
0.120117 0.276956
0.12207 0.281226
0.124023 0.285488
0.125977 0.289742
0.12793 0.293987
0.129883 0.298224
0.131836 0.302453
0.133789 0.306674
0.135742 0.310886
0.137695 0.31509
0.139648 0.319285
0.141602 0.323472
0.143555 0.327651
0.145508 0.331821
0.147461 0.335982
0.149414 0.340135
0.151367 0.344279
0.15332 0.348415
0.155273 0.352542
0.157227 0.35666
0.15918 0.36077
0.161133 0.364871
0.163086 0.368963
0.165039 0.373046
0.166992 0.377121
0.168945 0.381186
0.170898 0.385243
0.172852 0.389291
0.174805 0.39333
0.176758 0.39736
0.178711 0.401381
0.180664 0.405393
0.182617 0.409396
0.18457 0.41339
0.186523 0.417375
0.188477 0.42135
0.19043 0.425317
0.192383 0.429274
0.194336 0.433222
0.196289 0.43716
0.198242 0.44109
0.200195 0.44501
0.202148 0.448921
0.204102 0.452822
0.206055 0.456714
0.208008 0.460596
0.209961 0.464469
0.211914 0.468332
0.213867 0.472186
0.21582 0.47603
0.217773 0.479865
0.219727 0.48369
0.22168 0.487505
0.223633 0.491311
0.225586 0.495106
0.227539 0.498892
0.229492 0.502668
0.231445 0.506435
0.233398 0.510191
0.235352 0.513937
0.237305 0.517674
0.239258 0.5214
0.241211 0.525116
0.243164 0.528823
0.245117 0.532519
0.24707 0.536205
0.249023 0.53988
0.250977 0.543546
0.25293 0.547201
0.254883 0.550846
0.256836 0.554481
0.258789 0.558105
0.260742 0.561719
0.262695 0.565322
0.264648 0.568915
0.266602 0.572497
0.268555 0.576069
0.270508 0.57963
0.272461 0.583181
0.274414 0.58672
0.276367 0.590249
0.27832 0.593767
0.280273 0.597275
0.282227 0.600771
0.28418 0.604257
0.286133 0.607732
0.288086 0.611195
0.290039 0.614648
0.291992 0.61809
0.293945 0.62152
0.295898 0.62494
0.297852 0.628348
0.299805 0.631745
0.301758 0.63513
0.303711 0.638505
0.305664 0.641868
0.307617 0.645219
0.30957 0.648559
0.311523 0.651888
0.313477 0.655205
0.31543 0.65851
0.317383 0.661804
0.319336 0.665086
0.321289 0.668356
0.323242 0.671614
0.325195 0.674861
0.327148 0.678096
0.329102 0.681319
0.331055 0.684529
0.333008 0.687728
0.334961 0.690915
0.336914 0.69409
0.338867 0.697252
0.34082 0.700402
0.342773 0.70354
0.344727 0.706666
0.34668 0.709779
0.348633 0.71288
0.350586 0.715968
0.352539 0.719044
0.354492 0.722107
0.356445 0.725158
0.358398 0.728196
0.360352 0.731221
0.362305 0.734233
0.364258 0.737233
0.366211 0.740219
0.368164 0.743193
0.370117 0.746153
0.37207 0.749101
0.374023 0.752035
0.375977 0.754956
0.37793 0.757864
0.379883 0.760759
0.381836 0.76364
0.383789 0.766508
0.385742 0.769362
0.387695 0.772203
0.389648 0.77503
0.391602 0.777844
0.393555 0.780643
0.395508 0.783429
0.397461 0.786202
0.399414 0.78896
0.401367 0.791704
0.40332 0.794435
0.405273 0.797151
0.407227 0.799853
0.40918 0.80254
0.411133 0.805214
0.413086 0.807873
0.415039 0.810518
0.416992 0.813148
0.418945 0.815764
0.420898 0.818365
0.422852 0.820951
0.424805 0.823523
0.426758 0.826079
0.428711 0.828621
0.430664 0.831148
0.432617 0.83366
0.43457 0.836157
0.436523 0.838638
0.438477 0.841105
0.44043 0.843556
0.442383 0.845991
0.444336 0.848411
0.446289 0.850816
0.448242 0.853205
0.450195 0.855578
0.452148 0.857936
0.454102 0.860277
0.456055 0.862603
0.458008 0.864912
0.459961 0.867206
0.461914 0.869483
0.463867 0.871744
0.46582 0.873989
0.467773 0.876218
0.469727 0.878429
0.47168 0.880625
0.473633 0.882803
0.475586 0.884965
0.477539 0.88711
0.479492 0.889238
0.481445 0.891349
0.483398 0.893443
0.485352 0.89552
0.487305 0.89758
0.489258 0.899622
0.491211 0.901647
0.493164 0.903654
0.495117 0.905643
0.49707 0.907615
0.499023 0.909569
0.500977 0.911505
0.50293 0.913423
0.504883 0.915323
0.506836 0.917205
0.508789 0.919068
0.510742 0.920913
0.512695 0.922739
0.514648 0.924547
0.516602 0.926336
0.518555 0.928107
0.520508 0.929858
0.522461 0.93159
0.524414 0.933303
0.526367 0.934997
0.52832 0.936672
0.530273 0.938327
0.532227 0.939963
0.53418 0.941579
0.536133 0.943175
0.538086 0.944751
0.540039 0.946307
0.541992 0.947843
0.543945 0.949359
0.545898 0.950855
0.547852 0.95233
0.549805 0.953784
0.551758 0.955218
0.553711 0.956631
0.555664 0.958022
0.557617 0.959393
0.55957 0.960743
0.561523 0.962071
0.563477 0.963378
0.56543 0.964663
0.567383 0.965926
0.569336 0.967167
0.571289 0.968387
0.573242 0.969584
0.575195 0.970759
0.577148 0.971912
0.579102 0.973042
0.581055 0.974149
0.583008 0.975234
0.584961 0.976296
0.586914 0.977334
0.588867 0.978349
0.59082 0.979341
0.592773 0.980309
0.594727 0.981254
0.59668 0.982174
0.598633 0.983071
0.600586 0.983943
0.602539 0.984791
0.604492 0.985615
0.606445 0.986414
0.608398 0.987188
0.610352 0.987937
0.612305 0.98866
0.614258 0.989359
0.616211 0.990032
0.618164 0.990679
0.620117 0.991301
0.62207 0.991896
0.624023 0.992465
0.625977 0.993008
0.62793 0.993525
0.629883 0.994014
0.631836 0.994477
0.633789 0.994912
0.635742 0.99532
0.637695 0.995701
0.639648 0.996054
0.641602 0.996378
0.643555 0.996675
0.645508 0.996944
0.647461 0.997184
0.649414 0.997395
0.651367 0.997577
0.65332 0.99773
0.655273 0.997854
0.657227 0.997948
0.65918 0.998012
0.661133 0.998046
0.663086 0.99805
0.665039 0.998024
0.666992 0.997966
0.668945 0.997878
0.670898 0.997759
0.672852 0.997608
0.674805 0.997425
0.676758 0.99721
0.678711 0.996963
0.680664 0.996684
0.682617 0.996372
0.68457 0.996027
0.686523 0.995649
0.688477 0.995237
0.69043 0.994791
0.692383 0.994311
0.694336 0.993797
0.696289 0.993248
0.698242 0.992665
0.700195 0.992046
0.702148 0.991391
0.704102 0.990701
0.706055 0.989975
0.708008 0.989212
0.709961 0.988412
0.711914 0.987575
0.713867 0.986701
0.71582 0.985789
0.717773 0.984839
0.719727 0.983851
0.72168 0.982824
0.723633 0.981757
0.725586 0.980652
0.727539 0.979506
0.729492 0.97832
0.731445 0.977094
0.733398 0.975827
0.735352 0.974518
0.737305 0.973168
0.739258 0.971776
0.741211 0.970341
0.743164 0.968863
0.745117 0.967342
0.74707 0.965777
0.749023 0.964168
0.750977 0.962514
0.75293 0.960816
0.754883 0.959071
0.756836 0.957281
0.758789 0.955444
0.760742 0.953561
0.762695 0.95163
0.764648 0.949651
0.766602 0.947624
0.768555 0.945547
0.770508 0.943422
0.772461 0.941246
0.774414 0.93902
0.776367 0.936744
0.77832 0.934415
0.780273 0.932034
0.782227 0.929601
0.78418 0.927114
0.786133 0.924574
0.788086 0.921979
0.790039 0.919328
0.791992 0.916622
0.793945 0.91386
0.795898 0.911041
0.797852 0.908164
0.799805 0.905228
0.801758 0.902233
0.803711 0.899179
0.805664 0.896064
0.807617 0.892887
0.80957 0.889649
0.811523 0.886348
0.813477 0.882983
0.81543 0.879554
0.817383 0.87606
0.819336 0.872499
0.821289 0.868872
0.823242 0.865176
0.825195 0.861413
0.827148 0.857579
0.829102 0.853675
0.831055 0.849699
0.833008 0.845651
0.834961 0.84153
0.836914 0.837334
0.838867 0.833062
0.84082 0.828713
0.842773 0.824287
0.844727 0.819782
0.84668 0.815197
0.848633 0.810531
0.850586 0.805783
0.852539 0.80095
0.854492 0.796033
0.856445 0.791029
0.858398 0.785938
0.860352 0.780758
0.862305 0.775487
0.864258 0.770125
0.866211 0.764669
0.868164 0.759118
0.870117 0.753471
0.87207 0.747725
0.874023 0.74188
0.875977 0.735933
0.87793 0.729883
0.879883 0.723728
0.881836 0.717466
0.883789 0.711095
0.885742 0.704613
0.887695 0.698018
0.889648 0.691308
0.891602 0.684481
0.893555 0.677534
0.895508 0.670465
0.897461 0.663273
0.899414 0.655953
0.901367 0.648504
0.90332 0.640922
0.905273 0.633206
0.907227 0.625353
0.90918 0.617358
0.911133 0.60922
0.913086 0.600936
0.915039 0.5925
0.916992 0.583912
0.918945 0.575166
0.920898 0.566259
0.922852 0.557187
0.924805 0.547947
0.926758 0.538533
0.928711 0.528942
0.930664 0.519169
0.932617 0.50921
0.93457 0.499058
0.936523 0.48871
0.938477 0.478159
0.94043 0.467401
0.942383 0.456428
0.944336 0.445235
0.946289 0.433815
0.948242 0.422161
0.950195 0.410266
0.952148 0.398122
0.954102 0.385722
0.956055 0.373055
0.958008 0.360114
0.959961 0.346889
0.961914 0.333369
0.963867 0.319545
0.96582 0.305404
0.967773 0.290936
0.969727 0.276127
0.97168 0.260967
0.973633 0.245441
0.975586 0.229539
0.977539 0.21325
0.979492 0.196564
0.981445 0.179477
0.983398 0.161987
0.985352 0.144099
0.987305 0.125823
0.989258 0.107181
0.991211 0.0882045
0.993164 0.0689336
0.995117 0.0494207
0.99707 0.029727
0.999023 0.00992161
1 0
