0 0
0.000976562 0.00220714
0.00292969 0.00662124
0.00488281 0.0110348
0.00683594 0.0154474
0.00878906 0.0198587
0.0107422 0.0242684
0.0126953 0.0286761
0.0146484 0.0330815
0.0166016 0.0374843
0.0185547 0.0418841
0.0205078 0.0462807
0.0224609 0.0506737
0.0244141 0.0550629
0.0263672 0.0594481
0.0283203 0.063829
0.0302734 0.0682055
0.0322266 0.0725772
0.0341797 0.0769441
0.0361328 0.0813059
0.0380859 0.0856626
0.0400391 0.0900139
0.0419922 0.0943598
0.0439453 0.0987
0.0458984 0.103035
0.0478516 0.107364
0.0498047 0.111687
0.0517578 0.116004
0.0537109 0.120315
0.0556641 0.12462
0.0576172 0.128919
0.0595703 0.133211
0.0615234 0.137498
0.0634766 0.141778
0.0654297 0.146052
0.0673828 0.15032
0.0693359 0.154582
0.0712891 0.158837
0.0732422 0.163085
0.0751953 0.167328
0.0771484 0.171563
0.0791016 0.175793
0.0810547 0.180016
0.0830078 0.184232
0.0849609 0.188442
0.0869141 0.192645
0.0888672 0.196842
0.0908203 0.201032
0.0927734 0.205215
0.0947266 0.209392
0.0966797 0.213562
0.0986328 0.217725
0.100586 0.221882
0.102539 0.226032
0.104492 0.230175
0.106445 0.234312
0.108398 0.238441
0.110352 0.242564
0.112305 0.24668
0.114258 0.250789
0.116211 0.254892
0.118164 0.258987
0.120117 0.263075
0.12207 0.267157
0.124023 0.271231
0.125977 0.275299
0.12793 0.279359
0.129883 0.283413
0.131836 0.287459
0.133789 0.291498
0.135742 0.295531
0.137695 0.299556
0.139648 0.303574
0.141602 0.307584
0.143555 0.311588
0.145508 0.315584
0.147461 0.319573
0.149414 0.323555
0.151367 0.327529
0.15332 0.331496
0.155273 0.335456
0.157227 0.339409
0.15918 0.343354
0.161133 0.347291
0.163086 0.351221
0.165039 0.355144
0.166992 0.359059
0.168945 0.362967
0.170898 0.366867
0.172852 0.370759
0.174805 0.374644
0.176758 0.378521
0.178711 0.382391
0.180664 0.386253
0.182617 0.390107
0.18457 0.393953
0.186523 0.397792
0.188477 0.401623
0.19043 0.405446
0.192383 0.409261
0.194336 0.413069
0.196289 0.416868
0.198242 0.42066
0.200195 0.424443
0.202148 0.428219
0.204102 0.431987
0.206055 0.435746
0.208008 0.439498
0.209961 0.443241
0.211914 0.446976
0.213867 0.450703
0.21582 0.454422
0.217773 0.458133
0.219727 0.461835
0.22168 0.46553
0.223633 0.469215
0.225586 0.472893
0.227539 0.476562
0.229492 0.480223
0.231445 0.483875
0.233398 0.487519
0.235352 0.491155
0.237305 0.494781
0.239258 0.4984
0.241211 0.502009
0.243164 0.505611
0.245117 0.509203
0.24707 0.512787
0.249023 0.516362
0.250977 0.519928
0.25293 0.523486
0.254883 0.527035
0.256836 0.530574
0.258789 0.534105
0.260742 0.537627
0.262695 0.541141
0.264648 0.544645
0.266602 0.54814
0.268555 0.551626
0.270508 0.555103
0.272461 0.558571
0.274414 0.562029
0.276367 0.565479
0.27832 0.568919
0.280273 0.57235
0.282227 0.575772
0.28418 0.579184
0.286133 0.582587
0.288086 0.585981
0.290039 0.589365
0.291992 0.59274
0.293945 0.596105
0.295898 0.59946
0.297852 0.602806
0.299805 0.606143
0.301758 0.609469
0.303711 0.612786
0.305664 0.616093
0.307617 0.619391
0.30957 0.622678
0.311523 0.625956
0.313477 0.629223
0.31543 0.632481
0.317383 0.635729
0.319336 0.638967
0.321289 0.642194
0.323242 0.645412
0.325195 0.648619
0.327148 0.651816
0.329102 0.655003
0.331055 0.658179
0.333008 0.661346
0.334961 0.664501
0.336914 0.667647
0.338867 0.670782
0.34082 0.673906
0.342773 0.67702
0.344727 0.680123
0.34668 0.683216
0.348633 0.686298
0.350586 0.689369
0.352539 0.692429
0.354492 0.695478
0.356445 0.698517
0.358398 0.701545
0.360352 0.704561
0.362305 0.707567
0.364258 0.710562
0.366211 0.713545
0.368164 0.716517
0.370117 0.719478
0.37207 0.722428
0.374023 0.725366
0.375977 0.728293
0.37793 0.731209
0.379883 0.734113
0.381836 0.737006
0.383789 0.739887
0.385742 0.742756
0.387695 0.745614
0.389648 0.748459
0.391602 0.751294
0.393555 0.754116
0.395508 0.756926
0.397461 0.759724
0.399414 0.762511
0.401367 0.765285
0.40332 0.768047
0.405273 0.770797
0.407227 0.773535
0.40918 0.77626
0.411133 0.778973
0.413086 0.781673
0.415039 0.784361
0.416992 0.787037
0.418945 0.7897
0.420898 0.79235
0.422852 0.794988
0.424805 0.797612
0.426758 0.800224
0.428711 0.802823
0.430664 0.805409
0.432617 0.807982
0.43457 0.810542
0.436523 0.813088
0.438477 0.815621
0.44043 0.818142
0.442383 0.820648
0.444336 0.823141
0.446289 0.825621
0.448242 0.828087
0.450195 0.83054
0.452148 0.832978
0.454102 0.835403
0.456055 0.837815
0.458008 0.840212
0.459961 0.842595
0.461914 0.844964
0.463867 0.847319
0.46582 0.84966
0.467773 0.851986
0.469727 0.854298
0.47168 0.856596
0.473633 0.858879
0.475586 0.861147
0.477539 0.863401
0.479492 0.86564
0.481445 0.867864
0.483398 0.870074
0.485352 0.872268
0.487305 0.874447
0.489258 0.876611
0.491211 0.87876
0.493164 0.880893
0.495117 0.883011
0.49707 0.885114
0.499023 0.887201
0.500977 0.889272
0.50293 0.891328
0.504883 0.893367
0.506836 0.895391
0.508789 0.897399
0.510742 0.89939
0.512695 0.901365
0.514648 0.903324
0.516602 0.905267
0.518555 0.907193
0.520508 0.909103
0.522461 0.910995
0.524414 0.912872
0.526367 0.914731
0.52832 0.916573
0.530273 0.918398
0.532227 0.920206
0.53418 0.921996
0.536133 0.92377
0.538086 0.925525
0.540039 0.927263
0.541992 0.928984
0.543945 0.930686
0.545898 0.932371
0.547852 0.934038
0.549805 0.935686
0.551758 0.937316
0.553711 0.938928
0.555664 0.940521
0.557617 0.942096
0.55957 0.943652
0.561523 0.945189
0.563477 0.946708
0.56543 0.948207
0.567383 0.949687
0.569336 0.951147
0.571289 0.952588
0.573242 0.95401
0.575195 0.955412
0.577148 0.956794
0.579102 0.958156
0.581055 0.959498
0.583008 0.960819
0.584961 0.962121
0.586914 0.963402
0.588867 0.964662
0.59082 0.965901
0.592773 0.96712
0.594727 0.968317
0.59668 0.969493
0.598633 0.970648
0.600586 0.971782
0.602539 0.972893
0.604492 0.973983
0.606445 0.975051
0.608398 0.976097
0.610352 0.977121
0.612305 0.978122
0.614258 0.9791
0.616211 0.980056
0.618164 0.980989
0.620117 0.981899
0.62207 0.982786
0.624023 0.983649
0.625977 0.984488
0.62793 0.985304
0.629883 0.986096
0.631836 0.986864
0.633789 0.987607
0.635742 0.988326
0.637695 0.989021
0.639648 0.98969
0.641602 0.990335
0.643555 0.990954
0.645508 0.991548
0.647461 0.992116
0.649414 0.992658
0.651367 0.993174
0.65332 0.993664
0.655273 0.994128
0.657227 0.994565
0.65918 0.994975
0.661133 0.995358
0.663086 0.995714
0.665039 0.996042
0.666992 0.996342
0.668945 0.996614
0.670898 0.996858
0.672852 0.997074
0.674805 0.997261
0.676758 0.997419
0.678711 0.997548
0.680664 0.997647
0.682617 0.997717
0.68457 0.997757
0.686523 0.997766
0.688477 0.997746
0.69043 0.997694
0.692383 0.997611
0.694336 0.997497
0.696289 0.997352
0.698242 0.997174
0.700195 0.996965
0.702148 0.996723
0.704102 0.996448
0.706055 0.996141
0.708008 0.9958
0.709961 0.995425
0.711914 0.995016
0.713867 0.994573
0.71582 0.994096
0.717773 0.993583
0.719727 0.993036
0.72168 0.992452
0.723633 0.991833
0.725586 0.991177
0.727539 0.990485
0.729492 0.989755
0.731445 0.988988
0.733398 0.988183
0.735352 0.987341
0.737305 0.986459
0.739258 0.985539
0.741211 0.984579
0.743164 0.983579
0.745117 0.982539
0.74707 0.981459
0.749023 0.980337
0.750977 0.979174
0.75293 0.977969
0.754883 0.976721
0.756836 0.975431
0.758789 0.974097
0.760742 0.972719
0.762695 0.971297
0.764648 0.96983
0.766602 0.968318
0.768555 0.966759
0.770508 0.965155
0.772461 0.963503
0.774414 0.961804
0.776367 0.960057
0.77832 0.958261
0.780273 0.956416
0.782227 0.95452
0.78418 0.952575
0.786133 0.950578
0.788086 0.94853
0.790039 0.946429
0.791992 0.944275
0.793945 0.942067
0.795898 0.939805
0.797852 0.937488
0.799805 0.935115
0.801758 0.932685
0.803711 0.930198
0.805664 0.927653
0.807617 0.925049
0.80957 0.922385
0.811523 0.91966
0.813477 0.916874
0.81543 0.914026
0.817383 0.911114
0.819336 0.908138
0.821289 0.905098
0.823242 0.901991
0.825195 0.898817
0.827148 0.895575
0.829102 0.892264
0.831055 0.888883
0.833008 0.885431
0.834961 0.881907
0.836914 0.878309
0.838867 0.874636
0.84082 0.870888
0.842773 0.867062
0.844727 0.863158
0.84668 0.859174
0.848633 0.85511
0.850586 0.850963
0.852539 0.846732
0.854492 0.842415
0.856445 0.838012
0.858398 0.833521
0.860352 0.828939
0.862305 0.824266
0.864258 0.819499
0.866211 0.814637
0.868164 0.809678
0.870117 0.804621
0.87207 0.799462
0.874023 0.794201
0.875977 0.788835
0.87793 0.783362
0.879883 0.777779
0.881836 0.772085
0.883789 0.766277
0.885742 0.760352
0.887695 0.754309
0.889648 0.748144
0.891602 0.741854
0.893555 0.735438
0.895508 0.728891
0.897461 0.72221
0.899414 0.715393
0.901367 0.708436
0.90332 0.701336
0.905273 0.694089
0.907227 0.68669
0.90918 0.679137
0.911133 0.671425
0.913086 0.663549
0.915039 0.655505
0.916992 0.647289
0.918945 0.638895
0.920898 0.630317
0.922852 0.621552
0.924805 0.612592
0.926758 0.603432
0.928711 0.594064
0.930664 0.584483
0.932617 0.574682
0.93457 0.564651
0.936523 0.554384
0.938477 0.543872
0.94043 0.533106
0.942383 0.522076
0.944336 0.510772
0.946289 0.499183
0.948242 0.487296
0.950195 0.4751
0.952148 0.462581
0.954102 0.449724
0.956055 0.436513
0.958008 0.422932
0.959961 0.408962
0.961914 0.394583
0.963867 0.379772
0.96582 0.364508
0.967773 0.348763
0.969727 0.33251
0.97168 0.315719
0.973633 0.298358
0.975586 0.280395
0.977539 0.261795
0.979492 0.242526
0.981445 0.222558
0.983398 0.201868
0.985352 0.180442
0.987305 0.15828
0.989258 0.135402
0.991211 0.111851
0.993164 0.0876941
0.995117 0.063029
0.99707 0.0379784
0.999023 0.0126868
1 0
