0 0
0.000976562 0.00218722
0.00292969 0.00656149
0.00488281 0.0109352
0.00683594 0.0153081
0.00878906 0.0196797
0.0107422 0.0240497
0.0126953 0.0284179
0.0146484 0.0327838
0.0166016 0.0371472
0.0185547 0.0415077
0.0205078 0.0458651
0.0224609 0.0502192
0.0244141 0.0545695
0.0263672 0.058916
0.0283203 0.0632584
0.0302734 0.0675964
0.0322266 0.0719299
0.0341797 0.0762587
0.0361328 0.0805827
0.0380859 0.0849016
0.0400391 0.0892154
0.0419922 0.0935239
0.0439453 0.097827
0.0458984 0.102125
0.0478516 0.106417
0.0498047 0.110703
0.0517578 0.114984
0.0537109 0.119258
0.0556641 0.123527
0.0576172 0.12779
0.0595703 0.132047
0.0615234 0.136298
0.0634766 0.140543
0.0654297 0.144782
0.0673828 0.149015
0.0693359 0.153241
0.0712891 0.157462
0.0732422 0.161676
0.0751953 0.165884
0.0771484 0.170085
0.0791016 0.17428
0.0810547 0.178469
0.0830078 0.182652
0.0849609 0.186828
0.0869141 0.190998
0.0888672 0.195162
0.0908203 0.199319
0.0927734 0.203469
0.0947266 0.207614
0.0966797 0.211751
0.0986328 0.215882
0.100586 0.220007
0.102539 0.224125
0.104492 0.228236
0.106445 0.232341
0.108398 0.23644
0.110352 0.240531
0.112305 0.244616
0.114258 0.248694
0.116211 0.252766
0.118164 0.256831
0.120117 0.260889
0.12207 0.26494
0.124023 0.268985
0.125977 0.273023
0.12793 0.277054
0.129883 0.281078
0.131836 0.285095
0.133789 0.289105
0.135742 0.293108
0.137695 0.297105
0.139648 0.301094
0.141602 0.305077
0.143555 0.309052
0.145508 0.31302
0.147461 0.316982
0.149414 0.320936
0.151367 0.324883
0.15332 0.328823
0.155273 0.332756
0.157227 0.336681
0.15918 0.3406
0.161133 0.344511
0.163086 0.348415
0.165039 0.352312
0.166992 0.356201
0.168945 0.360083
0.170898 0.363958
0.172852 0.367825
0.174805 0.371685
0.176758 0.375537
0.178711 0.379382
0.180664 0.38322
0.182617 0.38705
0.18457 0.390872
0.186523 0.394687
0.188477 0.398495
0.19043 0.402294
0.192383 0.406086
0.194336 0.409871
0.196289 0.413647
0.198242 0.417416
0.200195 0.421178
0.202148 0.424931
0.204102 0.428677
0.206055 0.432414
0.208008 0.436144
0.209961 0.439866
0.211914 0.443581
0.213867 0.447287
0.21582 0.450985
0.217773 0.454675
0.219727 0.458357
0.22168 0.462031
0.223633 0.465697
0.225586 0.469355
0.227539 0.473005
0.229492 0.476647
0.231445 0.48028
0.233398 0.483905
0.235352 0.487522
0.237305 0.49113
0.239258 0.49473
0.241211 0.498322
0.243164 0.501906
0.245117 0.505481
0.24707 0.509047
0.249023 0.512605
0.250977 0.516155
0.25293 0.519696
0.254883 0.523228
0.256836 0.526752
0.258789 0.530267
0.260742 0.533773
0.262695 0.537271
0.264648 0.54076
0.266602 0.54424
0.268555 0.547711
0.270508 0.551174
0.272461 0.554627
0.274414 0.558072
0.276367 0.561507
0.27832 0.564934
0.280273 0.568352
0.282227 0.57176
0.28418 0.57516
0.286133 0.57855
0.288086 0.581931
0.290039 0.585303
0.291992 0.588666
0.293945 0.592019
0.295898 0.595363
0.297852 0.598698
0.299805 0.602023
0.301758 0.605339
0.303711 0.608645
0.305664 0.611942
0.307617 0.615229
0.30957 0.618507
0.311523 0.621775
0.313477 0.625033
0.31543 0.628282
0.317383 0.631521
0.319336 0.63475
0.321289 0.637969
0.323242 0.641179
0.325195 0.644378
0.327148 0.647568
0.329102 0.650747
0.331055 0.653917
0.333008 0.657076
0.334961 0.660226
0.336914 0.663365
0.338867 0.666494
0.34082 0.669612
0.342773 0.672721
0.344727 0.675819
0.34668 0.678906
0.348633 0.681983
0.350586 0.68505
0.352539 0.688106
0.354492 0.691152
0.356445 0.694187
0.358398 0.697211
0.360352 0.700224
0.362305 0.703227
0.364258 0.706219
0.366211 0.7092
0.368164 0.71217
0.370117 0.71513
0.37207 0.718078
0.374023 0.721015
0.375977 0.723941
0.37793 0.726856
0.379883 0.72976
0.381836 0.732652
0.383789 0.735534
0.385742 0.738403
0.387695 0.741262
0.389648 0.744109
0.391602 0.746944
0.393555 0.749768
0.395508 0.75258
0.397461 0.755381
0.399414 0.758169
0.401367 0.760946
0.40332 0.763711
0.405273 0.766465
0.407227 0.769206
0.40918 0.771935
0.411133 0.774652
0.413086 0.777357
0.415039 0.78005
0.416992 0.782731
0.418945 0.785399
0.420898 0.788055
0.422852 0.790699
0.424805 0.79333
0.426758 0.795948
0.428711 0.798554
0.430664 0.801147
0.432617 0.803728
0.43457 0.806295
0.436523 0.80885
0.438477 0.811392
0.44043 0.813921
0.442383 0.816436
0.444336 0.818939
0.446289 0.821428
0.448242 0.823905
0.450195 0.826367
0.452148 0.828817
0.454102 0.831253
0.456055 0.833675
0.458008 0.836084
0.459961 0.838479
0.461914 0.840861
0.463867 0.843228
0.46582 0.845582
0.467773 0.847922
0.469727 0.850247
0.47168 0.852559
0.473633 0.854856
0.475586 0.85714
0.477539 0.859408
0.479492 0.861663
0.481445 0.863903
0.483398 0.866128
0.485352 0.868338
0.487305 0.870534
0.489258 0.872715
0.491211 0.874881
0.493164 0.877033
0.495117 0.879169
0.49707 0.88129
0.499023 0.883395
0.500977 0.885486
0.50293 0.887561
0.504883 0.88962
0.506836 0.891664
0.508789 0.893692
0.510742 0.895705
0.512695 0.897701
0.514648 0.899682
0.516602 0.901647
0.518555 0.903595
0.520508 0.905528
0.522461 0.907444
0.524414 0.909343
0.526367 0.911226
0.52832 0.913093
0.530273 0.914942
0.532227 0.916775
0.53418 0.918591
0.536133 0.92039
0.538086 0.922172
0.540039 0.923937
0.541992 0.925684
0.543945 0.927414
0.545898 0.929126
0.547852 0.930821
0.549805 0.932498
0.551758 0.934157
0.553711 0.935798
0.555664 0.937421
0.557617 0.939026
0.55957 0.940613
0.561523 0.942181
0.563477 0.94373
0.56543 0.945261
0.567383 0.946773
0.569336 0.948266
0.571289 0.94974
0.573242 0.951195
0.575195 0.952631
0.577148 0.954047
0.579102 0.955444
0.581055 0.956821
0.583008 0.958178
0.584961 0.959515
0.586914 0.960832
0.588867 0.962129
0.59082 0.963406
0.592773 0.964662
0.594727 0.965898
0.59668 0.967112
0.598633 0.968306
0.600586 0.969479
0.602539 0.970631
0.604492 0.971761
0.606445 0.972869
0.608398 0.973957
0.610352 0.975022
0.612305 0.976065
0.614258 0.977086
0.616211 0.978085
0.618164 0.979061
0.620117 0.980015
0.62207 0.980946
0.624023 0.981854
0.625977 0.982739
0.62793 0.983601
0.629883 0.984439
0.631836 0.985254
0.633789 0.986044
0.635742 0.986811
0.637695 0.987554
0.639648 0.988272
0.641602 0.988965
0.643555 0.989634
0.645508 0.990278
0.647461 0.990897
0.649414 0.99149
0.651367 0.992058
0.65332 0.992601
0.655273 0.993117
0.657227 0.993607
0.65918 0.994071
0.661133 0.994508
0.663086 0.994918
0.665039 0.995301
0.666992 0.995657
0.668945 0.995986
0.670898 0.996287
0.672852 0.99656
0.674805 0.996805
0.676758 0.997021
0.678711 0.997209
0.680664 0.997367
0.682617 0.997497
0.68457 0.997597
0.686523 0.997668
0.688477 0.997709
0.69043 0.997719
0.692383 0.997699
0.694336 0.997648
0.696289 0.997567
0.698242 0.997453
0.700195 0.997309
0.702148 0.997132
0.704102 0.996924
0.706055 0.996683
0.708008 0.996409
0.709961 0.996102
0.711914 0.995761
0.713867 0.995387
0.71582 0.994979
0.717773 0.994536
0.719727 0.994059
0.72168 0.993547
0.723633 0.992999
0.725586 0.992416
0.727539 0.991796
0.729492 0.99114
0.731445 0.990448
0.733398 0.989718
0.735352 0.98895
0.737305 0.988144
0.739258 0.9873
0.741211 0.986417
0.743164 0.985495
0.745117 0.984534
0.74707 0.983532
0.749023 0.98249
0.750977 0.981407
0.75293 0.980283
0.754883 0.979116
0.756836 0.977908
0.758789 0.976657
0.760742 0.975362
0.762695 0.974024
0.764648 0.972641
0.766602 0.971214
0.768555 0.969742
0.770508 0.968223
0.772461 0.966659
0.774414 0.965047
0.776367 0.963388
0.77832 0.961681
0.780273 0.959925
0.782227 0.95812
0.78418 0.956265
0.786133 0.95436
0.788086 0.952403
0.790039 0.950395
0.791992 0.948334
0.793945 0.946221
0.795898 0.944053
0.797852 0.941831
0.799805 0.939553
0.801758 0.93722
0.803711 0.93483
0.805664 0.932382
0.807617 0.929876
0.80957 0.927311
0.811523 0.924686
0.813477 0.921999
0.81543 0.919252
0.817383 0.916441
0.819336 0.913567
0.821289 0.910629
0.823242 0.907625
0.825195 0.904555
0.827148 0.901417
0.829102 0.898211
0.831055 0.894935
0.833008 0.891588
0.834961 0.88817
0.836914 0.884679
0.838867 0.881113
0.84082 0.877472
0.842773 0.873755
0.844727 0.86996
0.84668 0.866085
0.848633 0.86213
0.850586 0.858093
0.852539 0.853972
0.854492 0.849767
0.856445 0.845475
0.858398 0.841095
0.860352 0.836625
0.862305 0.832064
0.864258 0.827409
0.866211 0.82266
0.868164 0.817814
0.870117 0.812869
0.87207 0.807824
0.874023 0.802676
0.875977 0.797423
0.87793 0.792063
0.879883 0.786593
0.881836 0.781012
0.883789 0.775317
0.885742 0.769506
0.887695 0.763575
0.889648 0.757522
0.891602 0.751344
0.893555 0.745038
0.895508 0.738602
0.897461 0.732031
0.899414 0.725323
0.901367 0.718475
0.90332 0.711482
0.905273 0.704341
0.907227 0.697047
0.90918 0.689597
0.911133 0.681987
0.913086 0.674212
0.915039 0.666267
0.916992 0.658146
0.918945 0.649846
0.920898 0.641361
0.922852 0.632684
0.924805 0.62381
0.926758 0.614732
0.928711 0.605443
0.930664 0.595937
0.932617 0.586205
0.93457 0.57624
0.936523 0.566033
0.938477 0.555575
0.94043 0.544857
0.942383 0.533867
0.944336 0.522595
0.946289 0.51103
0.948242 0.499158
0.950195 0.486966
0.952148 0.474439
0.954102 0.461561
0.956055 0.448315
0.958008 0.434683
0.959961 0.420644
0.961914 0.406176
0.963867 0.391255
0.96582 0.375854
0.967773 0.359945
0.969727 0.343496
0.97168 0.326472
0.973633 0.308837
0.975586 0.290552
0.977539 0.271578
0.979492 0.251873
0.981445 0.231401
0.983398 0.210131
0.985352 0.188042
0.987305 0.165129
0.989258 0.141407
0.991211 0.11692
0.993164 0.0917421
0.995117 0.0659805
0.99707 0.0397744
0.999023 0.0132898
1 0
