0 0
0.000976562 0.00214371
0.00292969 0.00643097
0.00488281 0.0107177
0.00683594 0.0150037
0.00878906 0.0192885
0.0107422 0.0235719
0.0126953 0.0278536
0.0146484 0.0321332
0.0166016 0.0364105
0.0185547 0.0406852
0.0205078 0.0449571
0.0224609 0.0492258
0.0244141 0.0534911
0.0263672 0.0577529
0.0283203 0.0620109
0.0302734 0.0662649
0.0322266 0.0705148
0.0341797 0.0747602
0.0361328 0.0790012
0.0380859 0.0832375
0.0400391 0.0874691
0.0419922 0.0916957
0.0439453 0.0959173
0.0458984 0.100134
0.0478516 0.104345
0.0498047 0.108551
0.0517578 0.112752
0.0537109 0.116947
0.0556641 0.121137
0.0576172 0.125321
0.0595703 0.129499
0.0615234 0.133672
0.0634766 0.137839
0.0654297 0.142001
0.0673828 0.146156
0.0693359 0.150306
0.0712891 0.154451
0.0732422 0.158589
0.0751953 0.162721
0.0771484 0.166848
0.0791016 0.170968
0.0810547 0.175083
0.0830078 0.179191
0.0849609 0.183294
0.0869141 0.187391
0.0888672 0.191481
0.0908203 0.195566
0.0927734 0.199644
0.0947266 0.203716
0.0966797 0.207783
0.0986328 0.211843
0.100586 0.215897
0.102539 0.219945
0.104492 0.223986
0.106445 0.228021
0.108398 0.232051
0.110352 0.236073
0.112305 0.24009
0.114258 0.2441
0.116211 0.248104
0.118164 0.252102
0.120117 0.256093
0.12207 0.260078
0.124023 0.264057
0.125977 0.268029
0.12793 0.271994
0.129883 0.275953
0.131836 0.279906
0.133789 0.283852
0.135742 0.287792
0.137695 0.291725
0.139648 0.295652
0.141602 0.299572
0.143555 0.303485
0.145508 0.307392
0.147461 0.311292
0.149414 0.315185
0.151367 0.319072
0.15332 0.322952
0.155273 0.326825
0.157227 0.330691
0.15918 0.334551
0.161133 0.338404
0.163086 0.342249
0.165039 0.346089
0.166992 0.349921
0.168945 0.353746
0.170898 0.357564
0.172852 0.361376
0.174805 0.36518
0.176758 0.368977
0.178711 0.372768
0.180664 0.376551
0.182617 0.380327
0.18457 0.384096
0.186523 0.387858
0.188477 0.391613
0.19043 0.395361
0.192383 0.399101
0.194336 0.402834
0.196289 0.40656
0.198242 0.410279
0.200195 0.41399
0.202148 0.417694
0.204102 0.421391
0.206055 0.42508
0.208008 0.428762
0.209961 0.432436
0.211914 0.436103
0.213867 0.439762
0.21582 0.443414
0.217773 0.447058
0.219727 0.450695
0.22168 0.454324
0.223633 0.457946
0.225586 0.46156
0.227539 0.465166
0.229492 0.468764
0.231445 0.472355
0.233398 0.475938
0.235352 0.479513
0.237305 0.48308
0.239258 0.486639
0.241211 0.490191
0.243164 0.493734
0.245117 0.49727
0.24707 0.500797
0.249023 0.504317
0.250977 0.507828
0.25293 0.511332
0.254883 0.514827
0.256836 0.518314
0.258789 0.521793
0.260742 0.525264
0.262695 0.528726
0.264648 0.532181
0.266602 0.535627
0.268555 0.539064
0.270508 0.542494
0.272461 0.545914
0.274414 0.549327
0.276367 0.552731
0.27832 0.556126
0.280273 0.559513
0.282227 0.562892
0.28418 0.566261
0.286133 0.569623
0.288086 0.572975
0.290039 0.576319
0.291992 0.579654
0.293945 0.58298
0.295898 0.586298
0.297852 0.589606
0.299805 0.592906
0.301758 0.596197
0.303711 0.599478
0.305664 0.602751
0.307617 0.606015
0.30957 0.60927
0.311523 0.612516
0.313477 0.615752
0.31543 0.618979
0.317383 0.622197
0.319336 0.625406
0.321289 0.628606
0.323242 0.631796
0.325195 0.634977
0.327148 0.638148
0.329102 0.64131
0.331055 0.644463
0.333008 0.647606
0.334961 0.650739
0.336914 0.653863
0.338867 0.656977
0.34082 0.660081
0.342773 0.663176
0.344727 0.666261
0.34668 0.669336
0.348633 0.672401
0.350586 0.675456
0.352539 0.678501
0.354492 0.681537
0.356445 0.684562
0.358398 0.687577
0.360352 0.690582
0.362305 0.693577
0.364258 0.696561
0.366211 0.699536
0.368164 0.7025
0.370117 0.705453
0.37207 0.708397
0.374023 0.711329
0.375977 0.714252
0.37793 0.717163
0.379883 0.720064
0.381836 0.722955
0.383789 0.725835
0.385742 0.728704
0.387695 0.731562
0.389648 0.734409
0.391602 0.737245
0.393555 0.740071
0.395508 0.742885
0.397461 0.745689
0.399414 0.748481
0.401367 0.751262
0.40332 0.754032
0.405273 0.756791
0.407227 0.759538
0.40918 0.762274
0.411133 0.764998
0.413086 0.767711
0.415039 0.770413
0.416992 0.773103
0.418945 0.775781
0.420898 0.778447
0.422852 0.781102
0.424805 0.783745
0.426758 0.786376
0.428711 0.788995
0.430664 0.791602
0.432617 0.794197
0.43457 0.796779
0.436523 0.79935
0.438477 0.801908
0.44043 0.804454
0.442383 0.806988
0.444336 0.809509
0.446289 0.812018
0.448242 0.814514
0.450195 0.816998
0.452148 0.819468
0.454102 0.821927
0.456055 0.824372
0.458008 0.826804
0.459961 0.829223
0.461914 0.83163
0.463867 0.834023
0.46582 0.836403
0.467773 0.83877
0.469727 0.841123
0.47168 0.843463
0.473633 0.84579
0.475586 0.848103
0.477539 0.850402
0.479492 0.852688
0.481445 0.85496
0.483398 0.857218
0.485352 0.859462
0.487305 0.861693
0.489258 0.863909
0.491211 0.866111
0.493164 0.868299
0.495117 0.870472
0.49707 0.872631
0.499023 0.874776
0.500977 0.876906
0.50293 0.879022
0.504883 0.881122
0.506836 0.883208
0.508789 0.88528
0.510742 0.887336
0.512695 0.889377
0.514648 0.891403
0.516602 0.893414
0.518555 0.895409
0.520508 0.897389
0.522461 0.899353
0.524414 0.901302
0.526367 0.903235
0.52832 0.905153
0.530273 0.907054
0.532227 0.90894
0.53418 0.910809
0.536133 0.912663
0.538086 0.9145
0.540039 0.91632
0.541992 0.918125
0.543945 0.919912
0.545898 0.921683
0.547852 0.923437
0.549805 0.925175
0.551758 0.926895
0.553711 0.928598
0.555664 0.930284
0.557617 0.931953
0.55957 0.933604
0.561523 0.935238
0.563477 0.936854
0.56543 0.938452
0.567383 0.940032
0.569336 0.941595
0.571289 0.943139
0.573242 0.944665
0.575195 0.946172
0.577148 0.947661
0.579102 0.949132
0.581055 0.950584
0.583008 0.952017
0.584961 0.953431
0.586914 0.954825
0.588867 0.956201
0.59082 0.957557
0.592773 0.958894
0.594727 0.960211
0.59668 0.961508
0.598633 0.962785
0.600586 0.964042
0.602539 0.965279
0.604492 0.966496
0.606445 0.967692
0.608398 0.968867
0.610352 0.970022
0.612305 0.971156
0.614258 0.972268
0.616211 0.97336
0.618164 0.97443
0.620117 0.975478
0.62207 0.976504
0.624023 0.977509
0.625977 0.978492
0.62793 0.979452
0.629883 0.98039
0.631836 0.981305
0.633789 0.982198
0.635742 0.983068
0.637695 0.983914
0.639648 0.984738
0.641602 0.985538
0.643555 0.986314
0.645508 0.987066
0.647461 0.987795
0.649414 0.988499
0.651367 0.989178
0.65332 0.989834
0.655273 0.990464
0.657227 0.991069
0.65918 0.991649
0.661133 0.992204
0.663086 0.992733
0.665039 0.993236
0.666992 0.993713
0.668945 0.994164
0.670898 0.994588
0.672852 0.994986
0.674805 0.995356
0.676758 0.9957
0.678711 0.996015
0.680664 0.996304
0.682617 0.996564
0.68457 0.996796
0.686523 0.997
0.688477 0.997175
0.69043 0.997321
0.692383 0.997437
0.694336 0.997525
0.696289 0.997582
0.698242 0.99761
0.700195 0.997607
0.702148 0.997574
0.704102 0.99751
0.706055 0.997414
0.708008 0.997287
0.709961 0.997129
0.711914 0.996938
0.713867 0.996715
0.71582 0.996459
0.717773 0.99617
0.719727 0.995848
0.72168 0.995492
0.723633 0.995102
0.725586 0.994678
0.727539 0.994219
0.729492 0.993725
0.731445 0.993195
0.733398 0.99263
0.735352 0.992028
0.737305 0.99139
0.739258 0.990715
0.741211 0.990002
0.743164 0.989252
0.745117 0.988464
0.74707 0.987636
0.749023 0.98677
0.750977 0.985865
0.75293 0.984919
0.754883 0.983933
0.756836 0.982907
0.758789 0.981839
0.760742 0.980729
0.762695 0.979577
0.764648 0.978382
0.766602 0.977145
0.768555 0.975863
0.770508 0.974537
0.772461 0.973166
0.774414 0.97175
0.776367 0.970287
0.77832 0.968779
0.780273 0.967223
0.782227 0.965619
0.78418 0.963968
0.786133 0.962267
0.788086 0.960516
0.790039 0.958716
0.791992 0.956864
0.793945 0.954962
0.795898 0.953006
0.797852 0.950998
0.799805 0.948936
0.801758 0.94682
0.803711 0.944648
0.805664 0.942421
0.807617 0.940137
0.80957 0.937795
0.811523 0.935395
0.813477 0.932935
0.81543 0.930415
0.817383 0.927835
0.819336 0.925192
0.821289 0.922486
0.823242 0.919717
0.825195 0.916882
0.827148 0.913982
0.829102 0.911015
0.831055 0.907979
0.833008 0.904875
0.834961 0.9017
0.836914 0.898454
0.838867 0.895135
0.84082 0.891742
0.842773 0.888274
0.844727 0.884729
0.84668 0.881107
0.848633 0.877406
0.850586 0.873623
0.852539 0.869759
0.854492 0.865811
0.856445 0.861778
0.858398 0.857658
0.860352 0.853449
0.862305 0.84915
0.864258 0.84476
0.866211 0.840275
0.868164 0.835694
0.870117 0.831016
0.87207 0.826238
0.874023 0.821358
0.875977 0.816375
0.87793 0.811284
0.879883 0.806085
0.881836 0.800775
0.883789 0.795351
0.885742 0.789811
0.887695 0.784152
0.889648 0.77837
0.891602 0.772464
0.893555 0.76643
0.895508 0.760265
0.897461 0.753965
0.899414 0.747527
0.901367 0.740948
0.90332 0.734223
0.905273 0.727348
0.907227 0.72032
0.90918 0.713133
0.911133 0.705784
0.913086 0.698267
0.915039 0.690577
0.916992 0.682709
0.918945 0.674658
0.920898 0.666417
0.922852 0.657979
0.924805 0.64934
0.926758 0.640491
0.928711 0.631424
0.930664 0.622133
0.932617 0.612608
0.93457 0.602841
0.936523 0.592822
0.938477 0.582541
0.94043 0.571987
0.942383 0.561148
0.944336 0.550012
0.946289 0.538565
0.948242 0.526792
0.950195 0.514678
0.952148 0.502205
0.954102 0.489354
0.956055 0.476106
0.958008 0.462438
0.959961 0.448325
0.961914 0.433739
0.963867 0.418651
0.96582 0.403028
0.967773 0.386832
0.969727 0.370023
0.97168 0.352555
0.973633 0.334377
0.975586 0.315435
0.977539 0.295671
0.979492 0.275023
0.981445 0.253432
0.983398 0.230841
0.985352 0.207207
0.987305 0.182501
0.989258 0.156727
0.991211 0.129922
0.993164 0.102173
0.995117 0.0736134
0.99707 0.0444311
0.999023 0.0148553
1 0
