0 0
0.000976562 0.00194216
0.00292969 0.00582638
0.00488281 0.00971028
0.00683594 0.0135937
0.00878906 0.0174763
0.0107422 0.0213581
0.0126953 0.0252387
0.0146484 0.029118
0.0166016 0.0329957
0.0185547 0.0368718
0.0205078 0.040746
0.0224609 0.0446182
0.0244141 0.0484881
0.0263672 0.0523557
0.0283203 0.0562207
0.0302734 0.0600831
0.0322266 0.0639427
0.0341797 0.0677993
0.0361328 0.0716528
0.0380859 0.0755032
0.0400391 0.0793502
0.0419922 0.0831939
0.0439453 0.0870341
0.0458984 0.0908707
0.0478516 0.0947036
0.0498047 0.0985328
0.0517578 0.102358
0.0537109 0.10618
0.0556641 0.109997
0.0576172 0.113811
0.0595703 0.117621
0.0615234 0.121426
0.0634766 0.125227
0.0654297 0.129025
0.0673828 0.132818
0.0693359 0.136606
0.0712891 0.140391
0.0732422 0.144171
0.0751953 0.147947
0.0771484 0.151718
0.0791016 0.155486
0.0810547 0.159248
0.0830078 0.163007
0.0849609 0.166761
0.0869141 0.17051
0.0888672 0.174255
0.0908203 0.177995
0.0927734 0.181731
0.0947266 0.185463
0.0966797 0.18919
0.0986328 0.192912
0.100586 0.19663
0.102539 0.200343
0.104492 0.204051
0.106445 0.207755
0.108398 0.211455
0.110352 0.215149
0.112305 0.218839
0.114258 0.222524
0.116211 0.226205
0.118164 0.229881
0.120117 0.233552
0.12207 0.237218
0.124023 0.24088
0.125977 0.244536
0.12793 0.248188
0.129883 0.251835
0.131836 0.255478
0.133789 0.259115
0.135742 0.262748
0.137695 0.266375
0.139648 0.269998
0.141602 0.273616
0.143555 0.277229
0.145508 0.280837
0.147461 0.28444
0.149414 0.288038
0.151367 0.291631
0.15332 0.295219
0.155273 0.298802
0.157227 0.30238
0.15918 0.305953
0.161133 0.309521
0.163086 0.313084
0.165039 0.316641
0.166992 0.320194
0.168945 0.323741
0.170898 0.327283
0.172852 0.33082
0.174805 0.334352
0.176758 0.337878
0.178711 0.341399
0.180664 0.344915
0.182617 0.348426
0.18457 0.351931
0.186523 0.355431
0.188477 0.358926
0.19043 0.362415
0.192383 0.365899
0.194336 0.369378
0.196289 0.372851
0.198242 0.376318
0.200195 0.379781
0.202148 0.383237
0.204102 0.386689
0.206055 0.390134
0.208008 0.393574
0.209961 0.397009
0.211914 0.400438
0.213867 0.403861
0.21582 0.407279
0.217773 0.410691
0.219727 0.414098
0.22168 0.417499
0.223633 0.420894
0.225586 0.424283
0.227539 0.427667
0.229492 0.431044
0.231445 0.434416
0.233398 0.437783
0.235352 0.441143
0.237305 0.444497
0.239258 0.447846
0.241211 0.451189
0.243164 0.454525
0.245117 0.457856
0.24707 0.461181
0.249023 0.4645
0.250977 0.467813
0.25293 0.47112
0.254883 0.47442
0.256836 0.477715
0.258789 0.481003
0.260742 0.484286
0.262695 0.487562
0.264648 0.490832
0.266602 0.494096
0.268555 0.497353
0.270508 0.500605
0.272461 0.50385
0.274414 0.507088
0.276367 0.510321
0.27832 0.513547
0.280273 0.516766
0.282227 0.519979
0.28418 0.523186
0.286133 0.526386
0.288086 0.52958
0.290039 0.532767
0.291992 0.535948
0.293945 0.539122
0.295898 0.54229
0.297852 0.54545
0.299805 0.548605
0.301758 0.551752
0.303711 0.554893
0.305664 0.558027
0.307617 0.561154
0.30957 0.564275
0.311523 0.567389
0.313477 0.570495
0.31543 0.573595
0.317383 0.576688
0.319336 0.579774
0.321289 0.582854
0.323242 0.585926
0.325195 0.588991
0.327148 0.592049
0.329102 0.5951
0.331055 0.598143
0.333008 0.60118
0.334961 0.604209
0.336914 0.607232
0.338867 0.610247
0.34082 0.613254
0.342773 0.616255
0.344727 0.619248
0.34668 0.622233
0.348633 0.625211
0.350586 0.628182
0.352539 0.631145
0.354492 0.634101
0.356445 0.637049
0.358398 0.63999
0.360352 0.642923
0.362305 0.645848
0.364258 0.648766
0.366211 0.651676
0.368164 0.654578
0.370117 0.657473
0.37207 0.660359
0.374023 0.663238
0.375977 0.666109
0.37793 0.668971
0.379883 0.671826
0.381836 0.674673
0.383789 0.677512
0.385742 0.680343
0.387695 0.683165
0.389648 0.68598
0.391602 0.688786
0.393555 0.691584
0.395508 0.694373
0.397461 0.697155
0.399414 0.699928
0.401367 0.702692
0.40332 0.705448
0.405273 0.708196
0.407227 0.710935
0.40918 0.713666
0.411133 0.716387
0.413086 0.719101
0.415039 0.721805
0.416992 0.724501
0.418945 0.727188
0.420898 0.729866
0.422852 0.732535
0.424805 0.735196
0.426758 0.737847
0.428711 0.740489
0.430664 0.743123
0.432617 0.745747
0.43457 0.748362
0.436523 0.750968
0.438477 0.753564
0.44043 0.756152
0.442383 0.75873
0.444336 0.761298
0.446289 0.763857
0.448242 0.766407
0.450195 0.768947
0.452148 0.771477
0.454102 0.773998
0.456055 0.776509
0.458008 0.779011
0.459961 0.781502
0.461914 0.783984
0.463867 0.786456
0.46582 0.788918
0.467773 0.79137
0.469727 0.793811
0.47168 0.796243
0.473633 0.798664
0.475586 0.801076
0.477539 0.803476
0.479492 0.805867
0.481445 0.808247
0.483398 0.810617
0.485352 0.812976
0.487305 0.815324
0.489258 0.817662
0.491211 0.819989
0.493164 0.822306
0.495117 0.824611
0.49707 0.826906
0.499023 0.82919
0.500977 0.831462
0.50293 0.833724
0.504883 0.835974
0.506836 0.838214
0.508789 0.840442
0.510742 0.842658
0.512695 0.844863
0.514648 0.847057
0.516602 0.849239
0.518555 0.851409
0.520508 0.853568
0.522461 0.855715
0.524414 0.85785
0.526367 0.859973
0.52832 0.862085
0.530273 0.864184
0.532227 0.866271
0.53418 0.868345
0.536133 0.870408
0.538086 0.872458
0.540039 0.874496
0.541992 0.876521
0.543945 0.878533
0.545898 0.880533
0.547852 0.88252
0.549805 0.884494
0.551758 0.886456
0.553711 0.888404
0.555664 0.890339
0.557617 0.892261
0.55957 0.89417
0.561523 0.896065
0.563477 0.897947
0.56543 0.899815
0.567383 0.90167
0.569336 0.903511
0.571289 0.905338
0.573242 0.907151
0.575195 0.90895
0.577148 0.910735
0.579102 0.912506
0.581055 0.914262
0.583008 0.916004
0.584961 0.917732
0.586914 0.919445
0.588867 0.921143
0.59082 0.922827
0.592773 0.924495
0.594727 0.926149
0.59668 0.927787
0.598633 0.92941
0.600586 0.931018
0.602539 0.93261
0.604492 0.934187
0.606445 0.935748
0.608398 0.937293
0.610352 0.938822
0.612305 0.940335
0.614258 0.941832
0.616211 0.943313
0.618164 0.944777
0.620117 0.946225
0.62207 0.947656
0.624023 0.94907
0.625977 0.950467
0.62793 0.951847
0.629883 0.95321
0.631836 0.954556
0.633789 0.955884
0.635742 0.957194
0.637695 0.958487
0.639648 0.959762
0.641602 0.961019
0.643555 0.962257
0.645508 0.963477
0.647461 0.964679
0.649414 0.965862
0.651367 0.967026
0.65332 0.968172
0.655273 0.969298
0.657227 0.970405
0.65918 0.971492
0.661133 0.97256
0.663086 0.973608
0.665039 0.974636
0.666992 0.975643
0.668945 0.976631
0.670898 0.977598
0.672852 0.978544
0.674805 0.97947
0.676758 0.980374
0.678711 0.981257
0.680664 0.982119
0.682617 0.982959
0.68457 0.983777
0.686523 0.984573
0.688477 0.985347
0.69043 0.986099
0.692383 0.986828
0.694336 0.987534
0.696289 0.988216
0.698242 0.988876
0.700195 0.989512
0.702148 0.990124
0.704102 0.990712
0.706055 0.991276
0.708008 0.991815
0.709961 0.99233
0.711914 0.99282
0.713867 0.993284
0.71582 0.993723
0.717773 0.994136
0.719727 0.994523
0.72168 0.994884
0.723633 0.995218
0.725586 0.995525
0.727539 0.995805
0.729492 0.996058
0.731445 0.996283
0.733398 0.99648
0.735352 0.996648
0.737305 0.996788
0.739258 0.996898
0.741211 0.99698
0.743164 0.997032
0.745117 0.997053
0.74707 0.997045
0.749023 0.997005
0.750977 0.996935
0.75293 0.996833
0.754883 0.9967
0.756836 0.996534
0.758789 0.996336
0.760742 0.996104
0.762695 0.99584
0.764648 0.995541
0.766602 0.995208
0.768555 0.994841
0.770508 0.994439
0.772461 0.994001
0.774414 0.993527
0.776367 0.993016
0.77832 0.992469
0.780273 0.991884
0.782227 0.991261
0.78418 0.9906
0.786133 0.9899
0.788086 0.98916
0.790039 0.98838
0.791992 0.98756
0.793945 0.986698
0.795898 0.985795
0.797852 0.984849
0.799805 0.98386
0.801758 0.982828
0.803711 0.981751
0.805664 0.980629
0.807617 0.979462
0.80957 0.978248
0.811523 0.976987
0.813477 0.975679
0.81543 0.974321
0.817383 0.972915
0.819336 0.971458
0.821289 0.969951
0.823242 0.968391
0.825195 0.966779
0.827148 0.965113
0.829102 0.963393
0.831055 0.961618
0.833008 0.959786
0.834961 0.957896
0.836914 0.955949
0.838867 0.953941
0.84082 0.951873
0.842773 0.949744
0.844727 0.947551
0.84668 0.945295
0.848633 0.942973
0.850586 0.940585
0.852539 0.938128
0.854492 0.935602
0.856445 0.933006
0.858398 0.930337
0.860352 0.927595
0.862305 0.924778
0.864258 0.921883
0.866211 0.91891
0.868164 0.915857
0.870117 0.912721
0.87207 0.909502
0.874023 0.906196
0.875977 0.902803
0.87793 0.899319
0.879883 0.895743
0.881836 0.892072
0.883789 0.888304
0.885742 0.884437
0.887695 0.880467
0.889648 0.876393
0.891602 0.87221
0.893555 0.867917
0.895508 0.86351
0.897461 0.858986
0.899414 0.854341
0.901367 0.849572
0.90332 0.844675
0.905273 0.839646
0.907227 0.83448
0.90918 0.829174
0.911133 0.823722
0.913086 0.81812
0.915039 0.812362
0.916992 0.806443
0.918945 0.800357
0.920898 0.794097
0.922852 0.787657
0.924805 0.781029
0.926758 0.774207
0.928711 0.767181
0.930664 0.759943
0.932617 0.752483
0.93457 0.744791
0.936523 0.736856
0.938477 0.728666
0.94043 0.720209
0.942383 0.711469
0.944336 0.702431
0.946289 0.693079
0.948242 0.683393
0.950195 0.673352
0.952148 0.662935
0.954102 0.652114
0.956055 0.640861
0.958008 0.629143
0.959961 0.616922
0.961914 0.604157
0.963867 0.590797
0.96582 0.576785
0.967773 0.562051
0.969727 0.546514
0.97168 0.530074
0.973633 0.512606
0.975586 0.493956
0.977539 0.473925
0.979492 0.452256
0.981445 0.428616
0.983398 0.402569
0.985352 0.373552
0.987305 0.340868
0.989258 0.303696
0.991211 0.261187
0.993164 0.212648
0.995117 0.157856
0.99707 0.0974111
0.999023 0.0329565
1 0
