0 0
0.000976562 0.00192294
0.00292969 0.00576873
0.00488281 0.00961422
0.00683594 0.0134592
0.00878906 0.0173035
0.0107422 0.0211469
0.0126953 0.0249893
0.0146484 0.0288303
0.0166016 0.03267
0.0185547 0.036508
0.0205078 0.0403442
0.0224609 0.0441784
0.0244141 0.0480105
0.0263672 0.0518403
0.0283203 0.0556678
0.0302734 0.0594926
0.0322266 0.0633147
0.0341797 0.067134
0.0361328 0.0709504
0.0380859 0.0747637
0.0400391 0.0785738
0.0419922 0.0823807
0.0439453 0.0861842
0.0458984 0.0899842
0.0478516 0.0937807
0.0498047 0.0975736
0.0517578 0.101363
0.0537109 0.105148
0.0556641 0.10893
0.0576172 0.112708
0.0595703 0.116482
0.0615234 0.120252
0.0634766 0.124018
0.0654297 0.12778
0.0673828 0.131538
0.0693359 0.135292
0.0712891 0.139041
0.0732422 0.142787
0.0751953 0.146528
0.0771484 0.150265
0.0791016 0.153998
0.0810547 0.157727
0.0830078 0.161451
0.0849609 0.165171
0.0869141 0.168887
0.0888672 0.172598
0.0908203 0.176305
0.0927734 0.180008
0.0947266 0.183706
0.0966797 0.1874
0.0986328 0.191089
0.100586 0.194774
0.102539 0.198454
0.104492 0.20213
0.106445 0.205802
0.108398 0.209469
0.110352 0.213131
0.112305 0.216789
0.114258 0.220443
0.116211 0.224092
0.118164 0.227736
0.120117 0.231376
0.12207 0.235011
0.124023 0.238641
0.125977 0.242267
0.12793 0.245888
0.129883 0.249504
0.131836 0.253116
0.133789 0.256723
0.135742 0.260325
0.137695 0.263923
0.139648 0.267516
0.141602 0.271104
0.143555 0.274687
0.145508 0.278265
0.147461 0.281839
0.149414 0.285408
0.151367 0.288972
0.15332 0.292531
0.155273 0.296085
0.157227 0.299634
0.15918 0.303179
0.161133 0.306718
0.163086 0.310253
0.165039 0.313782
0.166992 0.317307
0.168945 0.320826
0.170898 0.324341
0.172852 0.32785
0.174805 0.331354
0.176758 0.334854
0.178711 0.338348
0.180664 0.341837
0.182617 0.345321
0.18457 0.3488
0.186523 0.352273
0.188477 0.355742
0.19043 0.359205
0.192383 0.362663
0.194336 0.366116
0.196289 0.369563
0.198242 0.373006
0.200195 0.376443
0.202148 0.379874
0.204102 0.3833
0.206055 0.386721
0.208008 0.390137
0.209961 0.393547
0.211914 0.396952
0.213867 0.400351
0.21582 0.403745
0.217773 0.407133
0.219727 0.410516
0.22168 0.413893
0.223633 0.417265
0.225586 0.420631
0.227539 0.423992
0.229492 0.427347
0.231445 0.430696
0.233398 0.43404
0.235352 0.437378
0.237305 0.440711
0.239258 0.444037
0.241211 0.447358
0.243164 0.450673
0.245117 0.453983
0.24707 0.457286
0.249023 0.460584
0.250977 0.463876
0.25293 0.467162
0.254883 0.470442
0.256836 0.473717
0.258789 0.476985
0.260742 0.480247
0.262695 0.483504
0.264648 0.486754
0.266602 0.489998
0.268555 0.493237
0.270508 0.496469
0.272461 0.499695
0.274414 0.502915
0.276367 0.506129
0.27832 0.509337
0.280273 0.512538
0.282227 0.515733
0.28418 0.518922
0.286133 0.522105
0.288086 0.525281
0.290039 0.528451
0.291992 0.531615
0.293945 0.534772
0.295898 0.537923
0.297852 0.541068
0.299805 0.544206
0.301758 0.547337
0.303711 0.550462
0.305664 0.553581
0.307617 0.556693
0.30957 0.559798
0.311523 0.562896
0.313477 0.565988
0.31543 0.569074
0.317383 0.572152
0.319336 0.575224
0.321289 0.578289
0.323242 0.581348
0.325195 0.584399
0.327148 0.587444
0.329102 0.590481
0.331055 0.593512
0.333008 0.596536
0.334961 0.599553
0.336914 0.602563
0.338867 0.605566
0.34082 0.608561
0.342773 0.61155
0.344727 0.614532
0.34668 0.617506
0.348633 0.620473
0.350586 0.623433
0.352539 0.626386
0.354492 0.629331
0.356445 0.632269
0.358398 0.6352
0.360352 0.638123
0.362305 0.641039
0.364258 0.643947
0.366211 0.646848
0.368164 0.649742
0.370117 0.652627
0.37207 0.655506
0.374023 0.658376
0.375977 0.661239
0.37793 0.664094
0.379883 0.666942
0.381836 0.669781
0.383789 0.672613
0.385742 0.675437
0.387695 0.678253
0.389648 0.681061
0.391602 0.683862
0.393555 0.686654
0.395508 0.689438
0.397461 0.692214
0.399414 0.694982
0.401367 0.697742
0.40332 0.700493
0.405273 0.703237
0.407227 0.705972
0.40918 0.708698
0.411133 0.711417
0.413086 0.714127
0.415039 0.716828
0.416992 0.719521
0.418945 0.722206
0.420898 0.724882
0.422852 0.727549
0.424805 0.730208
0.426758 0.732858
0.428711 0.735499
0.430664 0.738131
0.432617 0.740755
0.43457 0.743369
0.436523 0.745975
0.438477 0.748572
0.44043 0.751159
0.442383 0.753738
0.444336 0.756308
0.446289 0.758868
0.448242 0.761419
0.450195 0.763961
0.452148 0.766494
0.454102 0.769017
0.456055 0.77153
0.458008 0.774035
0.459961 0.77653
0.461914 0.779015
0.463867 0.78149
0.46582 0.783956
0.467773 0.786413
0.469727 0.788859
0.47168 0.791296
0.473633 0.793722
0.475586 0.796139
0.477539 0.798546
0.479492 0.800943
0.481445 0.803329
0.483398 0.805706
0.485352 0.808072
0.487305 0.810428
0.489258 0.812774
0.491211 0.815109
0.493164 0.817433
0.495117 0.819748
0.49707 0.822051
0.499023 0.824344
0.500977 0.826627
0.50293 0.828898
0.504883 0.831159
0.506836 0.833409
0.508789 0.835648
0.510742 0.837875
0.512695 0.840092
0.514648 0.842298
0.516602 0.844492
0.518555 0.846675
0.520508 0.848847
0.522461 0.851007
0.524414 0.853156
0.526367 0.855293
0.52832 0.857419
0.530273 0.859533
0.532227 0.861635
0.53418 0.863725
0.536133 0.865803
0.538086 0.867869
0.540039 0.869924
0.541992 0.871966
0.543945 0.873995
0.545898 0.876013
0.547852 0.878018
0.549805 0.88001
0.551758 0.88199
0.553711 0.883958
0.555664 0.885912
0.557617 0.887854
0.55957 0.889783
0.561523 0.891699
0.563477 0.893602
0.56543 0.895492
0.567383 0.897368
0.569336 0.899231
0.571289 0.901081
0.573242 0.902917
0.575195 0.90474
0.577148 0.906549
0.579102 0.908344
0.581055 0.910125
0.583008 0.911893
0.584961 0.913646
0.586914 0.915385
0.588867 0.91711
0.59082 0.91882
0.592773 0.920516
0.594727 0.922197
0.59668 0.923863
0.598633 0.925515
0.600586 0.927152
0.602539 0.928774
0.604492 0.93038
0.606445 0.931972
0.608398 0.933548
0.610352 0.935108
0.612305 0.936653
0.614258 0.938183
0.616211 0.939696
0.618164 0.941193
0.620117 0.942675
0.62207 0.94414
0.624023 0.945589
0.625977 0.947021
0.62793 0.948437
0.629883 0.949836
0.631836 0.951219
0.633789 0.952584
0.635742 0.953932
0.637695 0.955263
0.639648 0.956577
0.641602 0.957873
0.643555 0.959151
0.645508 0.960412
0.647461 0.961655
0.649414 0.962879
0.651367 0.964085
0.65332 0.965273
0.655273 0.966442
0.657227 0.967593
0.65918 0.968725
0.661133 0.969837
0.663086 0.97093
0.665039 0.972004
0.666992 0.973059
0.668945 0.974093
0.670898 0.975108
0.672852 0.976103
0.674805 0.977077
0.676758 0.978031
0.678711 0.978965
0.680664 0.979877
0.682617 0.980769
0.68457 0.981639
0.686523 0.982488
0.688477 0.983315
0.69043 0.984121
0.692383 0.984904
0.694336 0.985666
0.696289 0.986404
0.698242 0.987121
0.700195 0.987814
0.702148 0.988484
0.704102 0.989131
0.706055 0.989754
0.708008 0.990354
0.709961 0.99093
0.711914 0.991481
0.713867 0.992008
0.71582 0.99251
0.717773 0.992986
0.719727 0.993438
0.72168 0.993864
0.723633 0.994264
0.725586 0.994639
0.727539 0.994986
0.729492 0.995308
0.731445 0.995602
0.733398 0.995869
0.735352 0.996108
0.737305 0.99632
0.739258 0.996503
0.741211 0.996658
0.743164 0.996784
0.745117 0.996881
0.74707 0.996949
0.749023 0.996986
0.750977 0.996994
0.75293 0.996971
0.754883 0.996917
0.756836 0.996832
0.758789 0.996715
0.760742 0.996566
0.762695 0.996385
0.764648 0.996171
0.766602 0.995924
0.768555 0.995643
0.770508 0.995328
0.772461 0.994979
0.774414 0.994594
0.776367 0.994174
0.77832 0.993719
0.780273 0.993227
0.782227 0.992698
0.78418 0.992131
0.786133 0.991527
0.788086 0.990885
0.790039 0.990203
0.791992 0.989483
0.793945 0.988722
0.795898 0.98792
0.797852 0.987078
0.799805 0.986193
0.801758 0.985267
0.803711 0.984297
0.805664 0.983283
0.807617 0.982226
0.80957 0.981123
0.811523 0.979974
0.813477 0.978779
0.81543 0.977537
0.817383 0.976247
0.819336 0.974908
0.821289 0.97352
0.823242 0.972082
0.825195 0.970592
0.827148 0.96905
0.829102 0.967455
0.831055 0.965807
0.833008 0.964104
0.834961 0.962345
0.836914 0.960529
0.838867 0.958655
0.84082 0.956723
0.842773 0.954731
0.844727 0.952677
0.84668 0.950562
0.848633 0.948383
0.850586 0.946139
0.852539 0.943829
0.854492 0.941452
0.856445 0.939006
0.858398 0.93649
0.860352 0.933903
0.862305 0.931242
0.864258 0.928507
0.866211 0.925695
0.868164 0.922806
0.870117 0.919836
0.87207 0.916785
0.874023 0.91365
0.875977 0.91043
0.87793 0.907122
0.879883 0.903725
0.881836 0.900235
0.883789 0.896651
0.885742 0.892971
0.887695 0.889191
0.889648 0.885309
0.891602 0.881322
0.893555 0.877228
0.895508 0.873023
0.897461 0.868705
0.899414 0.864268
0.901367 0.859712
0.90332 0.855031
0.905273 0.850221
0.907227 0.845279
0.90918 0.8402
0.911133 0.83498
0.913086 0.829614
0.915039 0.824096
0.916992 0.818421
0.918945 0.812584
0.920898 0.806578
0.922852 0.800397
0.924805 0.794034
0.926758 0.787481
0.928711 0.78073
0.930664 0.773773
0.932617 0.766601
0.93457 0.759203
0.936523 0.751568
0.938477 0.743686
0.94043 0.735543
0.942383 0.727125
0.944336 0.718418
0.946289 0.709404
0.948242 0.700066
0.950195 0.690383
0.952148 0.680332
0.954102 0.669889
0.956055 0.659025
0.958008 0.647708
0.959961 0.635902
0.961914 0.623564
0.963867 0.610647
0.96582 0.597093
0.967773 0.582836
0.969727 0.567793
0.97168 0.551866
0.973633 0.534933
0.975586 0.516836
0.977539 0.497375
0.979492 0.476283
0.981445 0.453207
0.983398 0.427669
0.985352 0.399026
0.987305 0.366436
0.989258 0.328848
0.991211 0.285071
0.993164 0.233997
0.995117 0.175031
0.99707 0.108659
0.999023 0.0368846
1 0
