0 0
0.000976562 0.00188199
0.00292969 0.00564587
0.00488281 0.00940948
0.00683594 0.0131726
0.00878906 0.0169352
0.0107422 0.0206969
0.0126953 0.0244576
0.0146484 0.0282172
0.0166016 0.0319755
0.0185547 0.0357323
0.0205078 0.0394874
0.0224609 0.0432408
0.0244141 0.0469922
0.0263672 0.0507416
0.0283203 0.0544887
0.0302734 0.0582334
0.0322266 0.0619757
0.0341797 0.0657154
0.0361328 0.0694524
0.0380859 0.0731865
0.0400391 0.0769178
0.0419922 0.080646
0.0439453 0.0843711
0.0458984 0.0880931
0.0478516 0.0918118
0.0498047 0.0955271
0.0517578 0.0992391
0.0537109 0.102948
0.0556641 0.106653
0.0576172 0.110354
0.0595703 0.114052
0.0615234 0.117746
0.0634766 0.121436
0.0654297 0.125123
0.0673828 0.128806
0.0693359 0.132485
0.0712891 0.13616
0.0732422 0.139831
0.0751953 0.143499
0.0771484 0.147162
0.0791016 0.150821
0.0810547 0.154477
0.0830078 0.158128
0.0849609 0.161776
0.0869141 0.165419
0.0888672 0.169059
0.0908203 0.172694
0.0927734 0.176325
0.0947266 0.179952
0.0966797 0.183575
0.0986328 0.187194
0.100586 0.190809
0.102539 0.194419
0.104492 0.198025
0.106445 0.201627
0.108398 0.205225
0.110352 0.208819
0.112305 0.212408
0.114258 0.215993
0.116211 0.219574
0.118164 0.22315
0.120117 0.226723
0.12207 0.23029
0.124023 0.233854
0.125977 0.237413
0.12793 0.240968
0.129883 0.244518
0.131836 0.248064
0.133789 0.251606
0.135742 0.255143
0.137695 0.258676
0.139648 0.262204
0.141602 0.265728
0.143555 0.269247
0.145508 0.272762
0.147461 0.276273
0.149414 0.279778
0.151367 0.28328
0.15332 0.286776
0.155273 0.290268
0.157227 0.293756
0.15918 0.297239
0.161133 0.300717
0.163086 0.304191
0.165039 0.30766
0.166992 0.311124
0.168945 0.314584
0.170898 0.318038
0.172852 0.321489
0.174805 0.324934
0.176758 0.328375
0.178711 0.33181
0.180664 0.335242
0.182617 0.338668
0.18457 0.342089
0.186523 0.345506
0.188477 0.348918
0.19043 0.352325
0.192383 0.355726
0.194336 0.359124
0.196289 0.362516
0.198242 0.365903
0.200195 0.369285
0.202148 0.372662
0.204102 0.376034
0.206055 0.379402
0.208008 0.382764
0.209961 0.386121
0.211914 0.389473
0.213867 0.39282
0.21582 0.396162
0.217773 0.399498
0.219727 0.40283
0.22168 0.406156
0.223633 0.409477
0.225586 0.412793
0.227539 0.416104
0.229492 0.419409
0.231445 0.42271
0.233398 0.426004
0.235352 0.429294
0.237305 0.432578
0.239258 0.435857
0.241211 0.439131
0.243164 0.442399
0.245117 0.445662
0.24707 0.448919
0.249023 0.452171
0.250977 0.455417
0.25293 0.458658
0.254883 0.461893
0.256836 0.465123
0.258789 0.468347
0.260742 0.471566
0.262695 0.474779
0.264648 0.477986
0.266602 0.481188
0.268555 0.484384
0.270508 0.487574
0.272461 0.490759
0.274414 0.493938
0.276367 0.497111
0.27832 0.500278
0.280273 0.50344
0.282227 0.506596
0.28418 0.509745
0.286133 0.512889
0.288086 0.516027
0.290039 0.51916
0.291992 0.522286
0.293945 0.525406
0.295898 0.52852
0.297852 0.531628
0.299805 0.53473
0.301758 0.537826
0.303711 0.540916
0.305664 0.544
0.307617 0.547078
0.30957 0.550149
0.311523 0.553214
0.313477 0.556273
0.31543 0.559326
0.317383 0.562372
0.319336 0.565412
0.321289 0.568446
0.323242 0.571474
0.325195 0.574495
0.327148 0.577509
0.329102 0.580517
0.331055 0.583519
0.333008 0.586514
0.334961 0.589503
0.336914 0.592485
0.338867 0.59546
0.34082 0.598429
0.342773 0.601391
0.344727 0.604346
0.34668 0.607295
0.348633 0.610237
0.350586 0.613172
0.352539 0.616101
0.354492 0.619022
0.356445 0.621937
0.358398 0.624845
0.360352 0.627746
0.362305 0.63064
0.364258 0.633527
0.366211 0.636406
0.368164 0.639279
0.370117 0.642145
0.37207 0.645004
0.374023 0.647855
0.375977 0.6507
0.37793 0.653537
0.379883 0.656366
0.381836 0.659189
0.383789 0.662004
0.385742 0.664812
0.387695 0.667612
0.389648 0.670405
0.391602 0.673191
0.393555 0.675969
0.395508 0.67874
0.397461 0.681503
0.399414 0.684258
0.401367 0.687006
0.40332 0.689746
0.405273 0.692478
0.407227 0.695202
0.40918 0.697919
0.411133 0.700628
0.413086 0.703329
0.415039 0.706022
0.416992 0.708707
0.418945 0.711384
0.420898 0.714053
0.422852 0.716714
0.424805 0.719367
0.426758 0.722012
0.428711 0.724649
0.430664 0.727277
0.432617 0.729897
0.43457 0.732509
0.436523 0.735112
0.438477 0.737707
0.44043 0.740294
0.442383 0.742872
0.444336 0.745441
0.446289 0.748002
0.448242 0.750554
0.450195 0.753098
0.452148 0.755632
0.454102 0.758158
0.456055 0.760676
0.458008 0.763184
0.459961 0.765683
0.461914 0.768174
0.463867 0.770655
0.46582 0.773128
0.467773 0.775591
0.469727 0.778045
0.47168 0.78049
0.473633 0.782926
0.475586 0.785352
0.477539 0.787769
0.479492 0.790177
0.481445 0.792575
0.483398 0.794963
0.485352 0.797342
0.487305 0.799712
0.489258 0.802071
0.491211 0.804421
0.493164 0.806761
0.495117 0.809092
0.49707 0.811412
0.499023 0.813722
0.500977 0.816023
0.50293 0.818313
0.504883 0.820593
0.506836 0.822863
0.508789 0.825123
0.510742 0.827372
0.512695 0.829611
0.514648 0.831839
0.516602 0.834057
0.518555 0.836265
0.520508 0.838462
0.522461 0.840648
0.524414 0.842823
0.526367 0.844987
0.52832 0.847141
0.530273 0.849284
0.532227 0.851415
0.53418 0.853535
0.536133 0.855645
0.538086 0.857743
0.540039 0.859829
0.541992 0.861905
0.543945 0.863968
0.545898 0.866021
0.547852 0.868061
0.549805 0.87009
0.551758 0.872108
0.553711 0.874113
0.555664 0.876106
0.557617 0.878088
0.55957 0.880057
0.561523 0.882015
0.563477 0.88396
0.56543 0.885892
0.567383 0.887812
0.569336 0.88972
0.571289 0.891615
0.573242 0.893498
0.575195 0.895368
0.577148 0.897225
0.579102 0.899069
0.581055 0.9009
0.583008 0.902718
0.584961 0.904523
0.586914 0.906314
0.588867 0.908092
0.59082 0.909857
0.592773 0.911608
0.594727 0.913345
0.59668 0.915069
0.598633 0.916779
0.600586 0.918474
0.602539 0.920156
0.604492 0.921824
0.606445 0.923477
0.608398 0.925116
0.610352 0.92674
0.612305 0.92835
0.614258 0.929945
0.616211 0.931525
0.618164 0.933091
0.620117 0.934641
0.62207 0.936176
0.624023 0.937696
0.625977 0.9392
0.62793 0.940689
0.629883 0.942162
0.631836 0.94362
0.633789 0.945062
0.635742 0.946487
0.637695 0.947897
0.639648 0.94929
0.641602 0.950666
0.643555 0.952027
0.645508 0.95337
0.647461 0.954697
0.649414 0.956006
0.651367 0.957299
0.65332 0.958575
0.655273 0.959832
0.657227 0.961073
0.65918 0.962296
0.661133 0.963501
0.663086 0.964688
0.665039 0.965856
0.666992 0.967007
0.668945 0.968139
0.670898 0.969252
0.672852 0.970347
0.674805 0.971422
0.676758 0.972479
0.678711 0.973516
0.680664 0.974534
0.682617 0.975532
0.68457 0.97651
0.686523 0.977468
0.688477 0.978406
0.69043 0.979323
0.692383 0.98022
0.694336 0.981096
0.696289 0.981952
0.698242 0.982785
0.700195 0.983598
0.702148 0.984389
0.704102 0.985158
0.706055 0.985905
0.708008 0.98663
0.709961 0.987332
0.711914 0.988011
0.713867 0.988668
0.71582 0.989301
0.717773 0.989911
0.719727 0.990498
0.72168 0.99106
0.723633 0.991598
0.725586 0.992112
0.727539 0.992601
0.729492 0.993066
0.731445 0.993504
0.733398 0.993918
0.735352 0.994306
0.737305 0.994667
0.739258 0.995003
0.741211 0.995311
0.743164 0.995593
0.745117 0.995847
0.74707 0.996074
0.749023 0.996273
0.750977 0.996444
0.75293 0.996586
0.754883 0.9967
0.756836 0.996784
0.758789 0.996838
0.760742 0.996863
0.762695 0.996857
0.764648 0.996821
0.766602 0.996753
0.768555 0.996654
0.770508 0.996523
0.772461 0.99636
0.774414 0.996164
0.776367 0.995935
0.77832 0.995673
0.780273 0.995376
0.782227 0.995045
0.78418 0.994679
0.786133 0.994278
0.788086 0.993841
0.790039 0.993367
0.791992 0.992857
0.793945 0.992309
0.795898 0.991723
0.797852 0.991099
0.799805 0.990436
0.801758 0.989733
0.803711 0.988989
0.805664 0.988205
0.807617 0.98738
0.80957 0.986512
0.811523 0.985602
0.813477 0.984649
0.81543 0.983651
0.817383 0.982608
0.819336 0.98152
0.821289 0.980386
0.823242 0.979205
0.825195 0.977976
0.827148 0.976698
0.829102 0.975371
0.831055 0.973993
0.833008 0.972565
0.834961 0.971084
0.836914 0.96955
0.838867 0.967962
0.84082 0.96632
0.842773 0.964621
0.844727 0.962865
0.84668 0.961052
0.848633 0.959179
0.850586 0.957245
0.852539 0.95525
0.854492 0.953192
0.856445 0.95107
0.858398 0.948882
0.860352 0.946628
0.862305 0.944306
0.864258 0.941913
0.866211 0.93945
0.868164 0.936913
0.870117 0.934302
0.87207 0.931615
0.874023 0.92885
0.875977 0.926006
0.87793 0.923079
0.879883 0.920069
0.881836 0.916973
0.883789 0.913789
0.885742 0.910515
0.887695 0.907148
0.889648 0.903686
0.891602 0.900127
0.893555 0.896467
0.895508 0.892704
0.897461 0.888835
0.899414 0.884857
0.901367 0.880766
0.90332 0.87656
0.905273 0.872234
0.907227 0.867784
0.90918 0.863207
0.911133 0.858499
0.913086 0.853655
0.915039 0.848669
0.916992 0.843538
0.918945 0.838256
0.920898 0.832817
0.922852 0.827214
0.924805 0.821443
0.926758 0.815495
0.928711 0.809363
0.930664 0.80304
0.932617 0.796517
0.93457 0.789784
0.936523 0.782832
0.938477 0.77565
0.94043 0.768227
0.942383 0.760549
0.944336 0.752602
0.946289 0.744372
0.948242 0.735841
0.950195 0.726992
0.952148 0.717802
0.954102 0.70825
0.956055 0.698309
0.958008 0.687951
0.959961 0.677141
0.961914 0.665842
0.963867 0.654009
0.96582 0.641591
0.967773 0.628526
0.969727 0.614742
0.97168 0.600147
0.973633 0.584628
0.975586 0.568043
0.977539 0.550201
0.979492 0.530843
0.981445 0.509612
0.983398 0.48599
0.985352 0.45922
0.987305 0.428192
0.989258 0.391307
0.991211 0.346398
0.993164 0.290893
0.995117 0.222515
0.99707 0.140708
0.999023 0.0482702
1 0
