0 0
0.000976562 0.00183926
0.00292969 0.00551771
0.00488281 0.00919591
0.00683594 0.0128737
0.00878906 0.0165509
0.0107422 0.0202274
0.0126953 0.023903
0.0146484 0.0275776
0.0166016 0.031251
0.0185547 0.034923
0.0205078 0.0385935
0.0224609 0.0422624
0.0244141 0.0459296
0.0263672 0.0495948
0.0283203 0.0532581
0.0302734 0.0569192
0.0322266 0.060578
0.0341797 0.0642345
0.0361328 0.0678885
0.0380859 0.0715399
0.0400391 0.0751886
0.0419922 0.0788346
0.0439453 0.0824778
0.0458984 0.086118
0.0478516 0.0897553
0.0498047 0.0933894
0.0517578 0.0970205
0.0537109 0.100648
0.0556641 0.104273
0.0576172 0.107894
0.0595703 0.111512
0.0615234 0.115127
0.0634766 0.118738
0.0654297 0.122346
0.0673828 0.12595
0.0693359 0.12955
0.0712891 0.133147
0.0732422 0.136741
0.0751953 0.140331
0.0771484 0.143917
0.0791016 0.147499
0.0810547 0.151078
0.0830078 0.154653
0.0849609 0.158224
0.0869141 0.161792
0.0888672 0.165355
0.0908203 0.168915
0.0927734 0.172472
0.0947266 0.176024
0.0966797 0.179572
0.0986328 0.183117
0.100586 0.186657
0.102539 0.190194
0.104492 0.193727
0.106445 0.197256
0.108398 0.200781
0.110352 0.204302
0.112305 0.207819
0.114258 0.211332
0.116211 0.214842
0.118164 0.218347
0.120117 0.221848
0.12207 0.225345
0.124023 0.228838
0.125977 0.232327
0.12793 0.235812
0.129883 0.239293
0.131836 0.242769
0.133789 0.246242
0.135742 0.24971
0.137695 0.253175
0.139648 0.256635
0.141602 0.260091
0.143555 0.263543
0.145508 0.26699
0.147461 0.270434
0.149414 0.273873
0.151367 0.277308
0.15332 0.280738
0.155273 0.284165
0.157227 0.287587
0.15918 0.291005
0.161133 0.294418
0.163086 0.297827
0.165039 0.301232
0.166992 0.304633
0.168945 0.308029
0.170898 0.31142
0.172852 0.314808
0.174805 0.31819
0.176758 0.321569
0.178711 0.324943
0.180664 0.328312
0.182617 0.331677
0.18457 0.335038
0.186523 0.338394
0.188477 0.341745
0.19043 0.345092
0.192383 0.348434
0.194336 0.351772
0.196289 0.355105
0.198242 0.358434
0.200195 0.361758
0.202148 0.365077
0.204102 0.368391
0.206055 0.371701
0.208008 0.375007
0.209961 0.378307
0.211914 0.381603
0.213867 0.384894
0.21582 0.38818
0.217773 0.391461
0.219727 0.394738
0.22168 0.39801
0.223633 0.401277
0.225586 0.404539
0.227539 0.407796
0.229492 0.411048
0.231445 0.414296
0.233398 0.417538
0.235352 0.420775
0.237305 0.424008
0.239258 0.427235
0.241211 0.430458
0.243164 0.433675
0.245117 0.436888
0.24707 0.440095
0.249023 0.443298
0.250977 0.446495
0.25293 0.449687
0.254883 0.452874
0.256836 0.456055
0.258789 0.459232
0.260742 0.462403
0.262695 0.465569
0.264648 0.46873
0.266602 0.471886
0.268555 0.475036
0.270508 0.478181
0.272461 0.481321
0.274414 0.484455
0.276367 0.487584
0.27832 0.490707
0.280273 0.493825
0.282227 0.496938
0.28418 0.500045
0.286133 0.503147
0.288086 0.506243
0.290039 0.509334
0.291992 0.512419
0.293945 0.515498
0.295898 0.518572
0.297852 0.52164
0.299805 0.524703
0.301758 0.52776
0.303711 0.530811
0.305664 0.533857
0.307617 0.536897
0.30957 0.539931
0.311523 0.542959
0.313477 0.545981
0.31543 0.548998
0.317383 0.552009
0.319336 0.555014
0.321289 0.558013
0.323242 0.561006
0.325195 0.563993
0.327148 0.566974
0.329102 0.569949
0.331055 0.572918
0.333008 0.575881
0.334961 0.578837
0.336914 0.581788
0.338867 0.584733
0.34082 0.587671
0.342773 0.590603
0.344727 0.593529
0.34668 0.596449
0.348633 0.599362
0.350586 0.602269
0.352539 0.60517
0.354492 0.608064
0.356445 0.610952
0.358398 0.613834
0.360352 0.616709
0.362305 0.619578
0.364258 0.62244
0.366211 0.625295
0.368164 0.628144
0.370117 0.630986
0.37207 0.633822
0.374023 0.636651
0.375977 0.639473
0.37793 0.642289
0.379883 0.645098
0.381836 0.6479
0.383789 0.650695
0.385742 0.653483
0.387695 0.656265
0.389648 0.659039
0.391602 0.661807
0.393555 0.664567
0.395508 0.667321
0.397461 0.670067
0.399414 0.672807
0.401367 0.675539
0.40332 0.678264
0.405273 0.680982
0.407227 0.683693
0.40918 0.686396
0.411133 0.689092
0.413086 0.691781
0.415039 0.694463
0.416992 0.697137
0.418945 0.699803
0.420898 0.702462
0.422852 0.705114
0.424805 0.707758
0.426758 0.710394
0.428711 0.713023
0.430664 0.715644
0.432617 0.718257
0.43457 0.720863
0.436523 0.72346
0.438477 0.72605
0.44043 0.728632
0.442383 0.731206
0.444336 0.733773
0.446289 0.736331
0.448242 0.738881
0.450195 0.741423
0.452148 0.743957
0.454102 0.746483
0.456055 0.749
0.458008 0.751509
0.459961 0.75401
0.461914 0.756503
0.463867 0.758987
0.46582 0.761463
0.467773 0.76393
0.469727 0.766389
0.47168 0.768839
0.473633 0.771281
0.475586 0.773713
0.477539 0.776138
0.479492 0.778553
0.481445 0.780959
0.483398 0.783357
0.485352 0.785746
0.487305 0.788126
0.489258 0.790496
0.491211 0.792858
0.493164 0.795211
0.495117 0.797554
0.49707 0.799888
0.499023 0.802213
0.500977 0.804528
0.50293 0.806835
0.504883 0.809131
0.506836 0.811418
0.508789 0.813696
0.510742 0.815964
0.512695 0.818222
0.514648 0.820471
0.516602 0.82271
0.518555 0.824939
0.520508 0.827158
0.522461 0.829367
0.524414 0.831566
0.526367 0.833755
0.52832 0.835934
0.530273 0.838102
0.532227 0.840261
0.53418 0.842408
0.536133 0.844546
0.538086 0.846673
0.540039 0.84879
0.541992 0.850896
0.543945 0.852991
0.545898 0.855075
0.547852 0.857149
0.549805 0.859212
0.551758 0.861264
0.553711 0.863305
0.555664 0.865334
0.557617 0.867353
0.55957 0.86936
0.561523 0.871356
0.563477 0.873341
0.56543 0.875314
0.567383 0.877276
0.569336 0.879226
0.571289 0.881164
0.573242 0.883091
0.575195 0.885005
0.577148 0.886908
0.579102 0.888799
0.581055 0.890677
0.583008 0.892544
0.584961 0.894398
0.586914 0.89624
0.588867 0.898069
0.59082 0.899886
0.592773 0.90169
0.594727 0.903481
0.59668 0.90526
0.598633 0.907026
0.600586 0.908778
0.602539 0.910518
0.604492 0.912245
0.606445 0.913958
0.608398 0.915658
0.610352 0.917344
0.612305 0.919017
0.614258 0.920676
0.616211 0.922321
0.618164 0.923952
0.620117 0.92557
0.62207 0.927173
0.624023 0.928762
0.625977 0.930337
0.62793 0.931897
0.629883 0.933443
0.631836 0.934974
0.633789 0.93649
0.635742 0.937992
0.637695 0.939478
0.639648 0.940949
0.641602 0.942405
0.643555 0.943846
0.645508 0.945271
0.647461 0.94668
0.649414 0.948074
0.651367 0.949452
0.65332 0.950814
0.655273 0.952159
0.657227 0.953488
0.65918 0.954801
0.661133 0.956098
0.663086 0.957377
0.665039 0.95864
0.666992 0.959885
0.668945 0.961114
0.670898 0.962325
0.672852 0.963519
0.674805 0.964695
0.676758 0.965853
0.678711 0.966994
0.680664 0.968116
0.682617 0.96922
0.68457 0.970305
0.686523 0.971372
0.688477 0.97242
0.69043 0.97345
0.692383 0.97446
0.694336 0.97545
0.696289 0.976422
0.698242 0.977373
0.700195 0.978305
0.702148 0.979216
0.704102 0.980108
0.706055 0.980978
0.708008 0.981829
0.709961 0.982658
0.711914 0.983466
0.713867 0.984253
0.71582 0.985018
0.717773 0.985762
0.719727 0.986484
0.72168 0.987183
0.723633 0.98786
0.725586 0.988514
0.727539 0.989146
0.729492 0.989754
0.731445 0.990339
0.733398 0.9909
0.735352 0.991438
0.737305 0.991951
0.739258 0.992439
0.741211 0.992903
0.743164 0.993342
0.745117 0.993756
0.74707 0.994144
0.749023 0.994506
0.750977 0.994842
0.75293 0.995152
0.754883 0.995435
0.756836 0.995691
0.758789 0.995919
0.760742 0.996119
0.762695 0.996292
0.764648 0.996436
0.766602 0.996551
0.768555 0.996637
0.770508 0.996693
0.772461 0.99672
0.774414 0.996716
0.776367 0.996681
0.77832 0.996616
0.780273 0.996519
0.782227 0.99639
0.78418 0.996229
0.786133 0.996035
0.788086 0.995807
0.790039 0.995546
0.791992 0.995251
0.793945 0.994921
0.795898 0.994556
0.797852 0.994156
0.799805 0.993719
0.801758 0.993246
0.803711 0.992735
0.805664 0.992187
0.807617 0.9916
0.80957 0.990975
0.811523 0.990309
0.813477 0.989604
0.81543 0.988858
0.817383 0.988071
0.819336 0.987241
0.821289 0.986369
0.823242 0.985453
0.825195 0.984493
0.827148 0.983489
0.829102 0.982438
0.831055 0.981341
0.833008 0.980197
0.834961 0.979005
0.836914 0.977763
0.838867 0.976472
0.84082 0.975131
0.842773 0.973737
0.844727 0.972291
0.84668 0.970791
0.848633 0.969237
0.850586 0.967627
0.852539 0.96596
0.854492 0.964235
0.856445 0.962451
0.858398 0.960607
0.860352 0.958701
0.862305 0.956732
0.864258 0.954699
0.866211 0.952601
0.868164 0.950436
0.870117 0.948201
0.87207 0.945897
0.874023 0.943522
0.875977 0.941072
0.87793 0.938548
0.879883 0.935947
0.881836 0.933267
0.883789 0.930506
0.885742 0.927662
0.887695 0.924734
0.889648 0.921718
0.891602 0.918612
0.893555 0.915415
0.895508 0.912123
0.897461 0.908734
0.899414 0.905245
0.901367 0.901653
0.90332 0.897955
0.905273 0.894147
0.907227 0.890227
0.90918 0.88619
0.911133 0.882033
0.913086 0.877752
0.915039 0.873343
0.916992 0.8688
0.918945 0.86412
0.920898 0.859297
0.922852 0.854325
0.924805 0.8492
0.926758 0.843914
0.928711 0.838462
0.930664 0.832836
0.932617 0.827028
0.93457 0.821031
0.936523 0.814836
0.938477 0.808432
0.94043 0.801811
0.942383 0.79496
0.944336 0.787867
0.946289 0.78052
0.948242 0.772903
0.950195 0.765
0.952148 0.756794
0.954102 0.748263
0.956055 0.739387
0.958008 0.730139
0.959961 0.720491
0.961914 0.710412
0.963867 0.699862
0.96582 0.6888
0.967773 0.677173
0.969727 0.664921
0.97168 0.65197
0.973633 0.638227
0.975586 0.623576
0.977539 0.607862
0.979492 0.590875
0.981445 0.572312
0.983398 0.551719
0.985352 0.528375
0.987305 0.501095
0.989258 0.467896
0.991211 0.425518
0.993164 0.369017
0.995117 0.292229
0.99707 0.190597
0.999023 0.0666198
1 0
