0 0
0.000976562 0.00181523
0.00292969 0.00544562
0.00488281 0.00907577
0.00683594 0.0127055
0.00878906 0.0163348
0.0107422 0.0199633
0.0126953 0.023591
0.0146484 0.0272177
0.0166016 0.0308433
0.0185547 0.0344677
0.0205078 0.0380906
0.0224609 0.0417119
0.0244141 0.0453317
0.0263672 0.0489496
0.0283203 0.0525656
0.0302734 0.0561795
0.0322266 0.0597914
0.0341797 0.063401
0.0361328 0.0670082
0.0380859 0.070613
0.0400391 0.0742152
0.0419922 0.0778149
0.0439453 0.0814118
0.0458984 0.085006
0.0478516 0.0885973
0.0498047 0.0921857
0.0517578 0.0957711
0.0537109 0.0993534
0.0556641 0.102933
0.0576172 0.106509
0.0595703 0.110082
0.0615234 0.113651
0.0634766 0.117218
0.0654297 0.120781
0.0673828 0.124341
0.0693359 0.127897
0.0712891 0.13145
0.0732422 0.134999
0.0751953 0.138545
0.0771484 0.142088
0.0791016 0.145627
0.0810547 0.149162
0.0830078 0.152694
0.0849609 0.156222
0.0869141 0.159746
0.0888672 0.163267
0.0908203 0.166785
0.0927734 0.170298
0.0947266 0.173808
0.0966797 0.177315
0.0986328 0.180817
0.100586 0.184316
0.102539 0.187811
0.104492 0.191302
0.106445 0.19479
0.108398 0.198274
0.110352 0.201754
0.112305 0.20523
0.114258 0.208702
0.116211 0.212171
0.118164 0.215636
0.120117 0.219096
0.12207 0.222553
0.124023 0.226006
0.125977 0.229456
0.12793 0.232901
0.129883 0.236342
0.131836 0.239779
0.133789 0.243213
0.135742 0.246642
0.137695 0.250068
0.139648 0.253489
0.141602 0.256907
0.143555 0.26032
0.145508 0.26373
0.147461 0.267135
0.149414 0.270536
0.151367 0.273933
0.15332 0.277327
0.155273 0.280716
0.157227 0.2841
0.15918 0.287481
0.161133 0.290858
0.163086 0.29423
0.165039 0.297599
0.166992 0.300963
0.168945 0.304323
0.170898 0.307678
0.172852 0.31103
0.174805 0.314377
0.176758 0.31772
0.178711 0.321058
0.180664 0.324393
0.182617 0.327723
0.18457 0.331048
0.186523 0.33437
0.188477 0.337687
0.19043 0.340999
0.192383 0.344308
0.194336 0.347611
0.196289 0.350911
0.198242 0.354206
0.200195 0.357496
0.202148 0.360782
0.204102 0.364064
0.206055 0.367341
0.208008 0.370614
0.209961 0.373882
0.211914 0.377145
0.213867 0.380404
0.21582 0.383658
0.217773 0.386908
0.219727 0.390153
0.22168 0.393394
0.223633 0.396629
0.225586 0.399861
0.227539 0.403087
0.229492 0.406309
0.231445 0.409526
0.233398 0.412738
0.235352 0.415946
0.237305 0.419148
0.239258 0.422346
0.241211 0.425539
0.243164 0.428728
0.245117 0.431911
0.24707 0.43509
0.249023 0.438263
0.250977 0.441432
0.25293 0.444596
0.254883 0.447755
0.256836 0.450909
0.258789 0.454058
0.260742 0.457202
0.262695 0.460341
0.264648 0.463475
0.266602 0.466604
0.268555 0.469727
0.270508 0.472846
0.272461 0.47596
0.274414 0.479068
0.276367 0.482171
0.27832 0.485269
0.280273 0.488362
0.282227 0.49145
0.28418 0.494532
0.286133 0.497609
0.288086 0.500681
0.290039 0.503747
0.291992 0.506808
0.293945 0.509864
0.295898 0.512915
0.297852 0.51596
0.299805 0.518999
0.301758 0.522033
0.303711 0.525062
0.305664 0.528085
0.307617 0.531103
0.30957 0.534115
0.311523 0.537121
0.313477 0.540122
0.31543 0.543118
0.317383 0.546107
0.319336 0.549092
0.321289 0.55207
0.323242 0.555043
0.325195 0.55801
0.327148 0.560971
0.329102 0.563926
0.331055 0.566876
0.333008 0.56982
0.334961 0.572758
0.336914 0.57569
0.338867 0.578616
0.34082 0.581536
0.342773 0.58445
0.344727 0.587359
0.34668 0.590261
0.348633 0.593157
0.350586 0.596047
0.352539 0.598931
0.354492 0.601809
0.356445 0.604681
0.358398 0.607547
0.360352 0.610406
0.362305 0.613259
0.364258 0.616106
0.366211 0.618947
0.368164 0.621781
0.370117 0.624609
0.37207 0.627431
0.374023 0.630246
0.375977 0.633055
0.37793 0.635857
0.379883 0.638653
0.381836 0.641443
0.383789 0.644225
0.385742 0.647001
0.387695 0.649771
0.389648 0.652534
0.391602 0.65529
0.393555 0.65804
0.395508 0.660782
0.397461 0.663518
0.399414 0.666248
0.401367 0.66897
0.40332 0.671685
0.405273 0.674394
0.407227 0.677096
0.40918 0.67979
0.411133 0.682478
0.413086 0.685158
0.415039 0.687832
0.416992 0.690498
0.418945 0.693157
0.420898 0.695809
0.422852 0.698454
0.424805 0.701092
0.426758 0.703722
0.428711 0.706345
0.430664 0.708961
0.432617 0.711569
0.43457 0.714169
0.436523 0.716763
0.438477 0.719348
0.44043 0.721926
0.442383 0.724497
0.444336 0.72706
0.446289 0.729615
0.448242 0.732163
0.450195 0.734702
0.452148 0.737234
0.454102 0.739758
0.456055 0.742274
0.458008 0.744783
0.459961 0.747283
0.461914 0.749775
0.463867 0.75226
0.46582 0.754736
0.467773 0.757204
0.469727 0.759663
0.47168 0.762115
0.473633 0.764558
0.475586 0.766993
0.477539 0.76942
0.479492 0.771838
0.481445 0.774248
0.483398 0.776649
0.485352 0.779041
0.487305 0.781425
0.489258 0.783801
0.491211 0.786167
0.493164 0.788525
0.495117 0.790874
0.49707 0.793215
0.499023 0.795546
0.500977 0.797868
0.50293 0.800182
0.504883 0.802486
0.506836 0.804781
0.508789 0.807067
0.510742 0.809344
0.512695 0.811611
0.514648 0.813869
0.516602 0.816118
0.518555 0.818357
0.520508 0.820587
0.522461 0.822807
0.524414 0.825018
0.526367 0.827219
0.52832 0.82941
0.530273 0.831592
0.532227 0.833763
0.53418 0.835925
0.536133 0.838076
0.538086 0.840218
0.540039 0.842349
0.541992 0.844471
0.543945 0.846582
0.545898 0.848682
0.547852 0.850773
0.549805 0.852853
0.551758 0.854922
0.553711 0.856981
0.555664 0.859029
0.557617 0.861067
0.55957 0.863094
0.561523 0.865109
0.563477 0.867114
0.56543 0.869108
0.567383 0.871091
0.569336 0.873063
0.571289 0.875024
0.573242 0.876973
0.575195 0.878911
0.577148 0.880837
0.579102 0.882752
0.581055 0.884655
0.583008 0.886547
0.584961 0.888427
0.586914 0.890295
0.588867 0.892151
0.59082 0.893995
0.592773 0.895827
0.594727 0.897646
0.59668 0.899454
0.598633 0.901249
0.600586 0.903032
0.602539 0.904802
0.604492 0.906559
0.606445 0.908304
0.608398 0.910036
0.610352 0.911755
0.612305 0.913461
0.614258 0.915153
0.616211 0.916833
0.618164 0.918499
0.620117 0.920152
0.62207 0.921791
0.624023 0.923417
0.625977 0.925029
0.62793 0.926627
0.629883 0.928212
0.631836 0.929782
0.633789 0.931338
0.635742 0.93288
0.637695 0.934407
0.639648 0.93592
0.641602 0.937418
0.643555 0.938901
0.645508 0.94037
0.647461 0.941824
0.649414 0.943262
0.651367 0.944686
0.65332 0.946094
0.655273 0.947486
0.657227 0.948863
0.65918 0.950224
0.661133 0.951569
0.663086 0.952898
0.665039 0.954211
0.666992 0.955508
0.668945 0.956788
0.670898 0.958052
0.672852 0.959299
0.674805 0.960529
0.676758 0.961742
0.678711 0.962938
0.680664 0.964117
0.682617 0.965278
0.68457 0.966421
0.686523 0.967547
0.688477 0.968655
0.69043 0.969744
0.692383 0.970815
0.694336 0.971868
0.696289 0.972902
0.698242 0.973917
0.700195 0.974913
0.702148 0.97589
0.704102 0.976847
0.706055 0.977785
0.708008 0.978703
0.709961 0.979601
0.711914 0.980479
0.713867 0.981337
0.71582 0.982174
0.717773 0.98299
0.719727 0.983785
0.72168 0.984559
0.723633 0.985311
0.725586 0.986042
0.727539 0.986751
0.729492 0.987438
0.731445 0.988102
0.733398 0.988744
0.735352 0.989363
0.737305 0.989958
0.739258 0.990531
0.741211 0.991079
0.743164 0.991604
0.745117 0.992105
0.74707 0.992581
0.749023 0.993032
0.750977 0.993458
0.75293 0.99386
0.754883 0.994235
0.756836 0.994585
0.758789 0.994908
0.760742 0.995205
0.762695 0.995475
0.764648 0.995717
0.766602 0.995933
0.768555 0.99612
0.770508 0.996279
0.772461 0.99641
0.774414 0.996511
0.776367 0.996583
0.77832 0.996626
0.780273 0.996639
0.782227 0.996621
0.78418 0.996572
0.786133 0.996492
0.788086 0.99638
0.790039 0.996236
0.791992 0.996059
0.793945 0.99585
0.795898 0.995606
0.797852 0.995329
0.799805 0.995017
0.801758 0.994671
0.803711 0.994288
0.805664 0.99387
0.807617 0.993415
0.80957 0.992923
0.811523 0.992394
0.813477 0.991826
0.81543 0.991219
0.817383 0.990573
0.819336 0.989886
0.821289 0.989159
0.823242 0.988391
0.825195 0.98758
0.827148 0.986726
0.829102 0.985829
0.831055 0.984888
0.833008 0.983902
0.834961 0.98287
0.836914 0.981791
0.838867 0.980665
0.84082 0.979491
0.842773 0.978267
0.844727 0.976993
0.84668 0.975668
0.848633 0.974292
0.850586 0.972862
0.852539 0.971378
0.854492 0.969839
0.856445 0.968244
0.858398 0.966591
0.860352 0.96488
0.862305 0.96311
0.864258 0.961278
0.866211 0.959384
0.868164 0.957426
0.870117 0.955403
0.87207 0.953314
0.874023 0.951157
0.875977 0.948929
0.87793 0.946631
0.879883 0.94426
0.881836 0.941814
0.883789 0.939291
0.885742 0.93669
0.887695 0.934008
0.889648 0.931244
0.891602 0.928395
0.893555 0.925459
0.895508 0.922433
0.897461 0.919315
0.899414 0.916103
0.901367 0.912793
0.90332 0.909383
0.905273 0.90587
0.907227 0.90225
0.90918 0.898521
0.911133 0.894678
0.913086 0.890717
0.915039 0.886636
0.916992 0.882429
0.918945 0.878093
0.920898 0.873622
0.922852 0.869012
0.924805 0.864257
0.926758 0.859351
0.928711 0.854289
0.930664 0.849063
0.932617 0.843668
0.93457 0.838095
0.936523 0.832336
0.938477 0.826383
0.94043 0.820226
0.942383 0.813855
0.944336 0.807259
0.946289 0.800426
0.948242 0.793341
0.950195 0.785991
0.952148 0.77836
0.954102 0.770429
0.956055 0.762177
0.958008 0.753584
0.959961 0.744623
0.961914 0.735265
0.963867 0.725477
0.96582 0.715222
0.967773 0.704453
0.969727 0.693119
0.97168 0.681155
0.973633 0.668483
0.975586 0.655004
0.977539 0.64059
0.979492 0.625066
0.981445 0.60818
0.983398 0.589552
0.985352 0.568558
0.987305 0.544111
0.989258 0.514237
0.991211 0.475303
0.993164 0.420964
0.995117 0.34176
0.99707 0.22834
0.999023 0.081054
1 0
