0 0
0.000976562 0.00176901
0.00292969 0.00530697
0.00488281 0.00884473
0.00683594 0.0123821
0.00878906 0.0159191
0.0107422 0.0194554
0.0126953 0.0229909
0.0146484 0.0265256
0.0166016 0.0300593
0.0185547 0.0335918
0.0205078 0.0371231
0.0224609 0.040653
0.0244141 0.0441814
0.0263672 0.0477082
0.0283203 0.0512332
0.0302734 0.0547565
0.0322266 0.0582778
0.0341797 0.0617971
0.0361328 0.0653142
0.0380859 0.0688292
0.0400391 0.0723419
0.0419922 0.0758522
0.0439453 0.07936
0.0458984 0.0828653
0.0478516 0.0863681
0.0498047 0.0898682
0.0517578 0.0933655
0.0537109 0.0968601
0.0556641 0.100352
0.0576172 0.103841
0.0595703 0.107327
0.0615234 0.11081
0.0634766 0.11429
0.0654297 0.117767
0.0673828 0.121241
0.0693359 0.124711
0.0712891 0.128179
0.0732422 0.131644
0.0751953 0.135105
0.0771484 0.138563
0.0791016 0.142018
0.0810547 0.145469
0.0830078 0.148917
0.0849609 0.152362
0.0869141 0.155804
0.0888672 0.159242
0.0908203 0.162677
0.0927734 0.166109
0.0947266 0.169537
0.0966797 0.172961
0.0986328 0.176383
0.100586 0.179801
0.102539 0.183215
0.104492 0.186626
0.106445 0.190033
0.108398 0.193437
0.110352 0.196838
0.112305 0.200234
0.114258 0.203628
0.116211 0.207018
0.118164 0.210404
0.120117 0.213787
0.12207 0.217166
0.124023 0.220541
0.125977 0.223913
0.12793 0.227281
0.129883 0.230646
0.131836 0.234007
0.133789 0.237364
0.135742 0.240718
0.137695 0.244068
0.139648 0.247414
0.141602 0.250757
0.143555 0.254096
0.145508 0.257431
0.147461 0.260763
0.149414 0.26409
0.151367 0.267414
0.15332 0.270734
0.155273 0.274051
0.157227 0.277363
0.15918 0.280672
0.161133 0.283977
0.163086 0.287278
0.165039 0.290575
0.166992 0.293868
0.168945 0.297157
0.170898 0.300443
0.172852 0.303724
0.174805 0.307002
0.176758 0.310276
0.178711 0.313546
0.180664 0.316811
0.182617 0.320073
0.18457 0.323331
0.186523 0.326585
0.188477 0.329834
0.19043 0.33308
0.192383 0.336322
0.194336 0.339559
0.196289 0.342793
0.198242 0.346022
0.200195 0.349247
0.202148 0.352469
0.204102 0.355686
0.206055 0.358898
0.208008 0.362107
0.209961 0.365312
0.211914 0.368512
0.213867 0.371708
0.21582 0.3749
0.217773 0.378087
0.219727 0.381271
0.22168 0.38445
0.223633 0.387624
0.225586 0.390795
0.227539 0.393961
0.229492 0.397123
0.231445 0.40028
0.233398 0.403433
0.235352 0.406581
0.237305 0.409726
0.239258 0.412865
0.241211 0.416001
0.243164 0.419131
0.245117 0.422258
0.24707 0.42538
0.249023 0.428497
0.250977 0.43161
0.25293 0.434718
0.254883 0.437822
0.256836 0.440921
0.258789 0.444015
0.260742 0.447105
0.262695 0.45019
0.264648 0.453271
0.266602 0.456347
0.268555 0.459418
0.270508 0.462484
0.272461 0.465546
0.274414 0.468603
0.276367 0.471655
0.27832 0.474703
0.280273 0.477745
0.282227 0.480783
0.28418 0.483816
0.286133 0.486844
0.288086 0.489867
0.290039 0.492886
0.291992 0.495899
0.293945 0.498907
0.295898 0.501911
0.297852 0.504909
0.299805 0.507903
0.301758 0.510891
0.303711 0.513874
0.305664 0.516853
0.307617 0.519826
0.30957 0.522794
0.311523 0.525757
0.313477 0.528715
0.31543 0.531667
0.317383 0.534615
0.319336 0.537557
0.321289 0.540494
0.323242 0.543426
0.325195 0.546352
0.327148 0.549273
0.329102 0.552189
0.331055 0.555099
0.333008 0.558004
0.334961 0.560904
0.336914 0.563798
0.338867 0.566687
0.34082 0.56957
0.342773 0.572448
0.344727 0.57532
0.34668 0.578187
0.348633 0.581048
0.350586 0.583903
0.352539 0.586753
0.354492 0.589598
0.356445 0.592436
0.358398 0.595269
0.360352 0.598096
0.362305 0.600918
0.364258 0.603733
0.366211 0.606543
0.368164 0.609347
0.370117 0.612145
0.37207 0.614937
0.374023 0.617724
0.375977 0.620504
0.37793 0.623279
0.379883 0.626047
0.381836 0.628809
0.383789 0.631566
0.385742 0.634316
0.387695 0.63706
0.389648 0.639798
0.391602 0.64253
0.393555 0.645256
0.395508 0.647976
0.397461 0.650689
0.399414 0.653396
0.401367 0.656096
0.40332 0.658791
0.405273 0.661479
0.407227 0.66416
0.40918 0.666835
0.411133 0.669504
0.413086 0.672166
0.415039 0.674822
0.416992 0.677471
0.418945 0.680113
0.420898 0.682749
0.422852 0.685378
0.424805 0.688001
0.426758 0.690616
0.428711 0.693225
0.430664 0.695828
0.432617 0.698423
0.43457 0.701011
0.436523 0.703593
0.438477 0.706168
0.44043 0.708735
0.442383 0.711296
0.444336 0.71385
0.446289 0.716396
0.448242 0.718936
0.450195 0.721468
0.452148 0.723993
0.454102 0.726511
0.456055 0.729021
0.458008 0.731525
0.459961 0.734021
0.461914 0.736509
0.463867 0.73899
0.46582 0.741464
0.467773 0.74393
0.469727 0.746389
0.47168 0.74884
0.473633 0.751283
0.475586 0.753719
0.477539 0.756147
0.479492 0.758567
0.481445 0.76098
0.483398 0.763384
0.485352 0.765781
0.487305 0.76817
0.489258 0.770551
0.491211 0.772923
0.493164 0.775288
0.495117 0.777645
0.49707 0.779993
0.499023 0.782333
0.500977 0.784665
0.50293 0.786989
0.504883 0.789305
0.506836 0.791612
0.508789 0.79391
0.510742 0.7962
0.512695 0.798482
0.514648 0.800754
0.516602 0.803019
0.518555 0.805274
0.520508 0.807521
0.522461 0.809759
0.524414 0.811988
0.526367 0.814208
0.52832 0.81642
0.530273 0.818622
0.532227 0.820815
0.53418 0.822999
0.536133 0.825174
0.538086 0.827339
0.540039 0.829496
0.541992 0.831643
0.543945 0.83378
0.545898 0.835908
0.547852 0.838027
0.549805 0.840135
0.551758 0.842235
0.553711 0.844324
0.555664 0.846404
0.557617 0.848474
0.55957 0.850534
0.561523 0.852584
0.563477 0.854624
0.56543 0.856653
0.567383 0.858673
0.569336 0.860682
0.571289 0.862681
0.573242 0.86467
0.575195 0.866648
0.577148 0.868616
0.579102 0.870573
0.581055 0.87252
0.583008 0.874455
0.584961 0.87638
0.586914 0.878294
0.588867 0.880197
0.59082 0.882089
0.592773 0.88397
0.594727 0.885839
0.59668 0.887698
0.598633 0.889545
0.600586 0.89138
0.602539 0.893204
0.604492 0.895017
0.606445 0.896817
0.608398 0.898606
0.610352 0.900383
0.612305 0.902148
0.614258 0.903901
0.616211 0.905642
0.618164 0.907371
0.620117 0.909087
0.62207 0.910791
0.624023 0.912483
0.625977 0.914162
0.62793 0.915828
0.629883 0.917481
0.631836 0.919122
0.633789 0.920749
0.635742 0.922363
0.637695 0.923964
0.639648 0.925552
0.641602 0.927127
0.643555 0.928688
0.645508 0.930235
0.647461 0.931768
0.649414 0.933288
0.651367 0.934794
0.65332 0.936285
0.655273 0.937763
0.657227 0.939226
0.65918 0.940675
0.661133 0.942109
0.663086 0.943528
0.665039 0.944933
0.666992 0.946322
0.668945 0.947697
0.670898 0.949056
0.672852 0.9504
0.674805 0.951729
0.676758 0.953042
0.678711 0.954339
0.680664 0.95562
0.682617 0.956886
0.68457 0.958135
0.686523 0.959368
0.688477 0.960584
0.69043 0.961784
0.692383 0.962967
0.694336 0.964133
0.696289 0.965282
0.698242 0.966414
0.700195 0.967528
0.702148 0.968625
0.704102 0.969704
0.706055 0.970765
0.708008 0.971808
0.709961 0.972832
0.711914 0.973838
0.713867 0.974826
0.71582 0.975795
0.717773 0.976744
0.719727 0.977675
0.72168 0.978586
0.723633 0.979477
0.725586 0.980349
0.727539 0.981201
0.729492 0.982032
0.731445 0.982843
0.733398 0.983633
0.735352 0.984403
0.737305 0.985151
0.739258 0.985878
0.741211 0.986583
0.743164 0.987267
0.745117 0.987928
0.74707 0.988567
0.749023 0.989184
0.750977 0.989778
0.75293 0.990348
0.754883 0.990896
0.756836 0.991419
0.758789 0.991919
0.760742 0.992395
0.762695 0.992846
0.764648 0.993272
0.766602 0.993673
0.768555 0.994049
0.770508 0.994399
0.772461 0.994723
0.774414 0.995021
0.776367 0.995292
0.77832 0.995536
0.780273 0.995753
0.782227 0.995942
0.78418 0.996103
0.786133 0.996235
0.788086 0.996339
0.790039 0.996413
0.791992 0.996458
0.793945 0.996473
0.795898 0.996457
0.797852 0.99641
0.799805 0.996332
0.801758 0.996222
0.803711 0.99608
0.805664 0.995906
0.807617 0.995698
0.80957 0.995456
0.811523 0.99518
0.813477 0.99487
0.81543 0.994524
0.817383 0.994143
0.819336 0.993725
0.821289 0.99327
0.823242 0.992778
0.825195 0.992248
0.827148 0.991678
0.829102 0.99107
0.831055 0.990422
0.833008 0.989732
0.834961 0.989002
0.836914 0.988229
0.838867 0.987414
0.84082 0.986555
0.842773 0.985651
0.844727 0.984703
0.84668 0.983708
0.848633 0.982666
0.850586 0.981577
0.852539 0.980439
0.854492 0.979251
0.856445 0.978013
0.858398 0.976723
0.860352 0.975381
0.862305 0.973985
0.864258 0.972534
0.866211 0.971027
0.868164 0.969463
0.870117 0.967841
0.87207 0.966159
0.874023 0.964416
0.875977 0.962611
0.87793 0.960742
0.879883 0.958807
0.881836 0.956806
0.883789 0.954736
0.885742 0.952597
0.887695 0.950385
0.889648 0.9481
0.891602 0.94574
0.893555 0.943301
0.895508 0.940784
0.897461 0.938184
0.899414 0.935501
0.901367 0.932731
0.90332 0.929872
0.905273 0.926922
0.907227 0.923877
0.90918 0.920736
0.911133 0.917495
0.913086 0.91415
0.915039 0.910698
0.916992 0.907137
0.918945 0.903461
0.920898 0.899668
0.922852 0.895752
0.924805 0.891709
0.926758 0.887536
0.928711 0.883225
0.930664 0.878773
0.932617 0.874173
0.93457 0.869419
0.936523 0.864505
0.938477 0.859423
0.94043 0.854165
0.942383 0.848724
0.944336 0.843089
0.946289 0.837252
0.948242 0.831202
0.950195 0.824926
0.952148 0.818412
0.954102 0.811646
0.956055 0.804612
0.958008 0.797292
0.959961 0.789668
0.961914 0.781716
0.963867 0.773412
0.96582 0.764728
0.967773 0.755631
0.969727 0.746082
0.97168 0.736037
0.973633 0.725443
0.975586 0.714232
0.977539 0.702324
0.979492 0.689609
0.981445 0.675939
0.983398 0.661091
0.985352 0.644692
0.987305 0.626046
0.989258 0.603685
0.991211 0.574258
0.993164 0.529991
0.995117 0.454482
0.99707 0.322288
0.999023 0.119263
1 0
