0 0
0.000976562 0.0017658
0.00292969 0.00529734
0.00488281 0.00882868
0.00683594 0.0123597
0.00878906 0.0158902
0.0107422 0.0194201
0.0126953 0.0229492
0.0146484 0.0264775
0.0166016 0.0300048
0.0185547 0.033531
0.0205078 0.0370559
0.0224609 0.0405794
0.0244141 0.0441015
0.0263672 0.0476219
0.0283203 0.0511406
0.0302734 0.0546576
0.0322266 0.0581726
0.0341797 0.0616856
0.0361328 0.0651965
0.0380859 0.0687052
0.0400391 0.0722116
0.0419922 0.0757157
0.0439453 0.0792174
0.0458984 0.0827165
0.0478516 0.0862131
0.0498047 0.089707
0.0517578 0.0931983
0.0537109 0.0966868
0.0556641 0.100172
0.0576172 0.103655
0.0595703 0.107135
0.0615234 0.110612
0.0634766 0.114086
0.0654297 0.117557
0.0673828 0.121025
0.0693359 0.12449
0.0712891 0.127952
0.0732422 0.13141
0.0751953 0.134866
0.0771484 0.138318
0.0791016 0.141767
0.0810547 0.145212
0.0830078 0.148655
0.0849609 0.152094
0.0869141 0.15553
0.0888672 0.158962
0.0908203 0.162391
0.0927734 0.165817
0.0947266 0.169239
0.0966797 0.172658
0.0986328 0.176074
0.100586 0.179486
0.102539 0.182895
0.104492 0.1863
0.106445 0.189702
0.108398 0.1931
0.110352 0.196495
0.112305 0.199887
0.114258 0.203274
0.116211 0.206659
0.118164 0.21004
0.120117 0.213417
0.12207 0.216791
0.124023 0.220161
0.125977 0.223527
0.12793 0.22689
0.129883 0.230249
0.131836 0.233605
0.133789 0.236957
0.135742 0.240305
0.137695 0.24365
0.139648 0.246991
0.141602 0.250329
0.143555 0.253662
0.145508 0.256992
0.147461 0.260319
0.149414 0.263641
0.151367 0.26696
0.15332 0.270275
0.155273 0.273586
0.157227 0.276893
0.15918 0.280197
0.161133 0.283497
0.163086 0.286793
0.165039 0.290085
0.166992 0.293373
0.168945 0.296658
0.170898 0.299938
0.172852 0.303215
0.174805 0.306488
0.176758 0.309757
0.178711 0.313022
0.180664 0.316283
0.182617 0.319539
0.18457 0.322793
0.186523 0.326042
0.188477 0.329287
0.19043 0.332528
0.192383 0.335765
0.194336 0.338997
0.196289 0.342226
0.198242 0.345451
0.200195 0.348672
0.202148 0.351888
0.204102 0.355101
0.206055 0.358309
0.208008 0.361513
0.209961 0.364713
0.211914 0.367909
0.213867 0.371101
0.21582 0.374288
0.217773 0.377471
0.219727 0.38065
0.22168 0.383825
0.223633 0.386995
0.225586 0.390162
0.227539 0.393323
0.229492 0.396481
0.231445 0.399634
0.233398 0.402783
0.235352 0.405927
0.237305 0.409067
0.239258 0.412203
0.241211 0.415334
0.243164 0.418461
0.245117 0.421583
0.24707 0.424701
0.249023 0.427814
0.250977 0.430923
0.25293 0.434027
0.254883 0.437127
0.256836 0.440222
0.258789 0.443313
0.260742 0.446399
0.262695 0.44948
0.264648 0.452557
0.266602 0.455629
0.268555 0.458697
0.270508 0.46176
0.272461 0.464818
0.274414 0.467871
0.276367 0.47092
0.27832 0.473963
0.280273 0.477002
0.282227 0.480037
0.28418 0.483066
0.286133 0.486091
0.288086 0.48911
0.290039 0.492125
0.291992 0.495135
0.293945 0.49814
0.295898 0.50114
0.297852 0.504135
0.299805 0.507126
0.301758 0.510111
0.303711 0.513091
0.305664 0.516066
0.307617 0.519036
0.30957 0.522001
0.311523 0.524961
0.313477 0.527915
0.31543 0.530865
0.317383 0.533809
0.319336 0.536749
0.321289 0.539683
0.323242 0.542611
0.325195 0.545535
0.327148 0.548453
0.329102 0.551366
0.331055 0.554273
0.333008 0.557176
0.334961 0.560073
0.336914 0.562964
0.338867 0.56585
0.34082 0.568731
0.342773 0.571606
0.344727 0.574475
0.34668 0.577339
0.348633 0.580198
0.350586 0.583051
0.352539 0.585898
0.354492 0.58874
0.356445 0.591576
0.358398 0.594407
0.360352 0.597232
0.362305 0.600051
0.364258 0.602864
0.366211 0.605672
0.368164 0.608473
0.370117 0.611269
0.37207 0.61406
0.374023 0.616844
0.375977 0.619622
0.37793 0.622394
0.379883 0.625161
0.381836 0.627921
0.383789 0.630676
0.385742 0.633424
0.387695 0.636167
0.389648 0.638903
0.391602 0.641633
0.393555 0.644357
0.395508 0.647075
0.397461 0.649786
0.399414 0.652491
0.401367 0.65519
0.40332 0.657883
0.405273 0.66057
0.407227 0.66325
0.40918 0.665923
0.411133 0.66859
0.413086 0.671251
0.415039 0.673905
0.416992 0.676553
0.418945 0.679194
0.420898 0.681829
0.422852 0.684457
0.424805 0.687078
0.426758 0.689693
0.428711 0.6923
0.430664 0.694902
0.432617 0.697496
0.43457 0.700083
0.436523 0.702664
0.438477 0.705238
0.44043 0.707805
0.442383 0.710364
0.444336 0.712917
0.446289 0.715463
0.448242 0.718002
0.450195 0.720533
0.452148 0.723058
0.454102 0.725575
0.456055 0.728085
0.458008 0.730588
0.459961 0.733084
0.461914 0.735572
0.463867 0.738052
0.46582 0.740526
0.467773 0.742992
0.469727 0.74545
0.47168 0.747901
0.473633 0.750344
0.475586 0.75278
0.477539 0.755208
0.479492 0.757628
0.481445 0.76004
0.483398 0.762445
0.485352 0.764842
0.487305 0.767231
0.489258 0.769612
0.491211 0.771985
0.493164 0.77435
0.495117 0.776707
0.49707 0.779056
0.499023 0.781396
0.500977 0.783729
0.50293 0.786053
0.504883 0.788369
0.506836 0.790677
0.508789 0.792976
0.510742 0.795267
0.512695 0.797549
0.514648 0.799823
0.516602 0.802088
0.518555 0.804344
0.520508 0.806592
0.522461 0.808831
0.524414 0.811061
0.526367 0.813283
0.52832 0.815495
0.530273 0.817699
0.532227 0.819893
0.53418 0.822079
0.536133 0.824255
0.538086 0.826422
0.540039 0.82858
0.541992 0.830728
0.543945 0.832867
0.545898 0.834997
0.547852 0.837117
0.549805 0.839228
0.551758 0.841329
0.553711 0.843421
0.555664 0.845502
0.557617 0.847574
0.55957 0.849636
0.561523 0.851688
0.563477 0.85373
0.56543 0.855763
0.567383 0.857785
0.569336 0.859796
0.571289 0.861798
0.573242 0.863789
0.575195 0.86577
0.577148 0.86774
0.579102 0.8697
0.581055 0.871649
0.583008 0.873588
0.584961 0.875515
0.586914 0.877432
0.588867 0.879338
0.59082 0.881234
0.592773 0.883118
0.594727 0.88499
0.59668 0.886852
0.598633 0.888702
0.600586 0.890541
0.602539 0.892369
0.604492 0.894185
0.606445 0.895989
0.608398 0.897782
0.610352 0.899563
0.612305 0.901332
0.614258 0.903089
0.616211 0.904834
0.618164 0.906566
0.620117 0.908287
0.62207 0.909995
0.624023 0.911691
0.625977 0.913374
0.62793 0.915045
0.629883 0.916703
0.631836 0.918348
0.633789 0.91998
0.635742 0.921599
0.637695 0.923205
0.639648 0.924798
0.641602 0.926377
0.643555 0.927943
0.645508 0.929496
0.647461 0.931035
0.649414 0.93256
0.651367 0.934071
0.65332 0.935568
0.655273 0.937051
0.657227 0.93852
0.65918 0.939974
0.661133 0.941414
0.663086 0.94284
0.665039 0.94425
0.666992 0.945646
0.668945 0.947027
0.670898 0.948393
0.672852 0.949743
0.674805 0.951078
0.676758 0.952398
0.678711 0.953702
0.680664 0.95499
0.682617 0.956263
0.68457 0.957519
0.686523 0.958759
0.688477 0.959982
0.69043 0.96119
0.692383 0.96238
0.694336 0.963554
0.696289 0.96471
0.698242 0.96585
0.700195 0.966972
0.702148 0.968077
0.704102 0.969164
0.706055 0.970233
0.708008 0.971285
0.709961 0.972318
0.711914 0.973332
0.713867 0.974329
0.71582 0.975306
0.717773 0.976265
0.719727 0.977205
0.72168 0.978125
0.723633 0.979026
0.725586 0.979907
0.727539 0.980768
0.729492 0.981609
0.731445 0.98243
0.733398 0.98323
0.735352 0.98401
0.737305 0.984768
0.739258 0.985506
0.741211 0.986221
0.743164 0.986916
0.745117 0.987588
0.74707 0.988238
0.749023 0.988866
0.750977 0.989471
0.75293 0.990053
0.754883 0.990612
0.756836 0.991147
0.758789 0.991659
0.760742 0.992147
0.762695 0.99261
0.764648 0.993049
0.766602 0.993463
0.768555 0.993851
0.770508 0.994214
0.772461 0.994552
0.774414 0.994863
0.776367 0.995147
0.77832 0.995405
0.780273 0.995635
0.782227 0.995838
0.78418 0.996013
0.786133 0.99616
0.788086 0.996278
0.790039 0.996368
0.791992 0.996427
0.793945 0.996457
0.795898 0.996457
0.797852 0.996426
0.799805 0.996364
0.801758 0.99627
0.803711 0.996144
0.805664 0.995986
0.807617 0.995795
0.80957 0.99557
0.811523 0.995312
0.813477 0.995019
0.81543 0.994691
0.817383 0.994327
0.819336 0.993928
0.821289 0.993492
0.823242 0.993018
0.825195 0.992507
0.827148 0.991957
0.829102 0.991369
0.831055 0.99074
0.833008 0.990071
0.834961 0.989361
0.836914 0.988609
0.838867 0.987815
0.84082 0.986978
0.842773 0.986096
0.844727 0.985169
0.84668 0.984197
0.848633 0.983179
0.850586 0.982112
0.852539 0.980998
0.854492 0.979834
0.856445 0.978621
0.858398 0.977356
0.860352 0.976039
0.862305 0.974668
0.864258 0.973243
0.866211 0.971763
0.868164 0.970226
0.870117 0.968631
0.87207 0.966977
0.874023 0.965262
0.875977 0.963486
0.87793 0.961646
0.879883 0.959742
0.881836 0.957771
0.883789 0.955733
0.885742 0.953625
0.887695 0.951445
0.889648 0.949193
0.891602 0.946866
0.893555 0.944462
0.895508 0.941979
0.897461 0.939415
0.899414 0.936768
0.901367 0.934035
0.90332 0.931215
0.905273 0.928303
0.907227 0.925298
0.90918 0.922197
0.911133 0.918997
0.913086 0.915695
0.915039 0.912287
0.916992 0.90877
0.918945 0.90514
0.920898 0.901393
0.922852 0.897525
0.924805 0.893532
0.926758 0.889408
0.928711 0.88515
0.930664 0.880751
0.932617 0.876206
0.93457 0.871509
0.936523 0.866653
0.938477 0.861631
0.94043 0.856435
0.942383 0.851058
0.944336 0.84549
0.946289 0.839722
0.948242 0.833743
0.950195 0.827541
0.952148 0.821105
0.954102 0.814419
0.956055 0.807469
0.958008 0.800237
0.959961 0.792705
0.961914 0.78485
0.963867 0.776649
0.96582 0.768073
0.967773 0.75909
0.969727 0.749664
0.97168 0.739751
0.973633 0.729298
0.975586 0.718242
0.977539 0.706502
0.979492 0.693976
0.981445 0.68052
0.983398 0.665921
0.985352 0.649823
0.987305 0.631561
0.989258 0.609717
0.991211 0.581006
0.993164 0.537652
0.995117 0.462847
0.99707 0.32974
0.999023 0.122442
1 0
