0 0
0.000976562 0.00163801
0.00292969 0.00491399
0.00488281 0.00818982
0.00683594 0.0114654
0.00878906 0.0147406
0.0107422 0.0180154
0.0126953 0.0212897
0.0146484 0.0245633
0.0166016 0.0278362
0.0185547 0.0311083
0.0205078 0.0343795
0.0224609 0.0376496
0.0244141 0.0409187
0.0263672 0.0441866
0.0283203 0.0474533
0.0302734 0.0507186
0.0322266 0.0539825
0.0341797 0.057245
0.0361328 0.0605059
0.0380859 0.0637651
0.0400391 0.0670227
0.0419922 0.0702785
0.0439453 0.0735325
0.0458984 0.0767846
0.0478516 0.0800347
0.0498047 0.0832829
0.0517578 0.0865291
0.0537109 0.0897731
0.0556641 0.0930151
0.0576172 0.0962548
0.0595703 0.0994924
0.0615234 0.102728
0.0634766 0.105961
0.0654297 0.109191
0.0673828 0.11242
0.0693359 0.115646
0.0712891 0.118869
0.0732422 0.12209
0.0751953 0.125309
0.0771484 0.128525
0.0791016 0.131738
0.0810547 0.134949
0.0830078 0.138158
0.0849609 0.141364
0.0869141 0.144567
0.0888672 0.147768
0.0908203 0.150966
0.0927734 0.154161
0.0947266 0.157354
0.0966797 0.160544
0.0986328 0.163731
0.100586 0.166916
0.102539 0.170098
0.104492 0.173277
0.106445 0.176453
0.108398 0.179627
0.110352 0.182798
0.112305 0.185966
0.114258 0.189131
0.116211 0.192294
0.118164 0.195454
0.120117 0.198611
0.12207 0.201765
0.124023 0.204916
0.125977 0.208065
0.12793 0.21121
0.129883 0.214353
0.131836 0.217493
0.133789 0.22063
0.135742 0.223764
0.137695 0.226895
0.139648 0.230023
0.141602 0.233148
0.143555 0.236271
0.145508 0.23939
0.147461 0.242507
0.149414 0.24562
0.151367 0.248731
0.15332 0.251838
0.155273 0.254943
0.157227 0.258044
0.15918 0.261143
0.161133 0.264238
0.163086 0.267331
0.165039 0.27042
0.166992 0.273506
0.168945 0.27659
0.170898 0.27967
0.172852 0.282747
0.174805 0.285821
0.176758 0.288892
0.178711 0.291959
0.180664 0.295024
0.182617 0.298085
0.18457 0.301144
0.186523 0.304199
0.188477 0.307251
0.19043 0.3103
0.192383 0.313345
0.194336 0.316388
0.196289 0.319427
0.198242 0.322463
0.200195 0.325495
0.202148 0.328525
0.204102 0.331551
0.206055 0.334574
0.208008 0.337593
0.209961 0.34061
0.211914 0.343623
0.213867 0.346632
0.21582 0.349638
0.217773 0.352641
0.219727 0.355641
0.22168 0.358637
0.223633 0.36163
0.225586 0.364619
0.227539 0.367605
0.229492 0.370588
0.231445 0.373567
0.233398 0.376543
0.235352 0.379515
0.237305 0.382484
0.239258 0.385449
0.241211 0.388411
0.243164 0.391369
0.245117 0.394324
0.24707 0.397275
0.249023 0.400222
0.250977 0.403166
0.25293 0.406107
0.254883 0.409044
0.256836 0.411977
0.258789 0.414907
0.260742 0.417833
0.262695 0.420755
0.264648 0.423674
0.266602 0.426588
0.268555 0.4295
0.270508 0.432407
0.272461 0.435311
0.274414 0.438211
0.276367 0.441108
0.27832 0.444
0.280273 0.446889
0.282227 0.449774
0.28418 0.452655
0.286133 0.455533
0.288086 0.458406
0.290039 0.461276
0.291992 0.464142
0.293945 0.467004
0.295898 0.469862
0.297852 0.472716
0.299805 0.475566
0.301758 0.478412
0.303711 0.481255
0.305664 0.484093
0.307617 0.486927
0.30957 0.489758
0.311523 0.492584
0.313477 0.495406
0.31543 0.498224
0.317383 0.501038
0.319336 0.503848
0.321289 0.506654
0.323242 0.509456
0.325195 0.512253
0.327148 0.515047
0.329102 0.517836
0.331055 0.520621
0.333008 0.523402
0.334961 0.526178
0.336914 0.52895
0.338867 0.531718
0.34082 0.534482
0.342773 0.537241
0.344727 0.539997
0.34668 0.542747
0.348633 0.545494
0.350586 0.548236
0.352539 0.550973
0.354492 0.553706
0.356445 0.556435
0.358398 0.559159
0.360352 0.561879
0.362305 0.564594
0.364258 0.567305
0.366211 0.570011
0.368164 0.572713
0.370117 0.57541
0.37207 0.578102
0.374023 0.58079
0.375977 0.583473
0.37793 0.586152
0.379883 0.588826
0.381836 0.591495
0.383789 0.594159
0.385742 0.596819
0.387695 0.599473
0.389648 0.602124
0.391602 0.604769
0.393555 0.607409
0.395508 0.610045
0.397461 0.612675
0.399414 0.615301
0.401367 0.617922
0.40332 0.620538
0.405273 0.623149
0.407227 0.625754
0.40918 0.628355
0.411133 0.630951
0.413086 0.633542
0.415039 0.636127
0.416992 0.638708
0.418945 0.641283
0.420898 0.643854
0.422852 0.646419
0.424805 0.648978
0.426758 0.651533
0.428711 0.654082
0.430664 0.656626
0.432617 0.659165
0.43457 0.661698
0.436523 0.664226
0.438477 0.666748
0.44043 0.669265
0.442383 0.671777
0.444336 0.674283
0.446289 0.676784
0.448242 0.679279
0.450195 0.681768
0.452148 0.684252
0.454102 0.68673
0.456055 0.689203
0.458008 0.69167
0.459961 0.694131
0.461914 0.696586
0.463867 0.699036
0.46582 0.70148
0.467773 0.703918
0.469727 0.70635
0.47168 0.708776
0.473633 0.711197
0.475586 0.713611
0.477539 0.716019
0.479492 0.718422
0.481445 0.720818
0.483398 0.723208
0.485352 0.725592
0.487305 0.72797
0.489258 0.730342
0.491211 0.732707
0.493164 0.735066
0.495117 0.737419
0.49707 0.739766
0.499023 0.742106
0.500977 0.74444
0.50293 0.746767
0.504883 0.749088
0.506836 0.751403
0.508789 0.753711
0.510742 0.756012
0.512695 0.758307
0.514648 0.760595
0.516602 0.762876
0.518555 0.765151
0.520508 0.767418
0.522461 0.769679
0.524414 0.771934
0.526367 0.774181
0.52832 0.776421
0.530273 0.778654
0.532227 0.780881
0.53418 0.7831
0.536133 0.785312
0.538086 0.787517
0.540039 0.789715
0.541992 0.791906
0.543945 0.794089
0.545898 0.796265
0.547852 0.798434
0.549805 0.800595
0.551758 0.802749
0.553711 0.804895
0.555664 0.807034
0.557617 0.809165
0.55957 0.811288
0.561523 0.813404
0.563477 0.815512
0.56543 0.817612
0.567383 0.819705
0.569336 0.821789
0.571289 0.823866
0.573242 0.825934
0.575195 0.827995
0.577148 0.830047
0.579102 0.832091
0.581055 0.834128
0.583008 0.836155
0.584961 0.838175
0.586914 0.840186
0.588867 0.842189
0.59082 0.844183
0.592773 0.846169
0.594727 0.848146
0.59668 0.850114
0.598633 0.852074
0.600586 0.854025
0.602539 0.855967
0.604492 0.8579
0.606445 0.859824
0.608398 0.861739
0.610352 0.863645
0.612305 0.865542
0.614258 0.86743
0.616211 0.869308
0.618164 0.871177
0.620117 0.873037
0.62207 0.874887
0.624023 0.876728
0.625977 0.878559
0.62793 0.88038
0.629883 0.882192
0.631836 0.883993
0.633789 0.885785
0.635742 0.887567
0.637695 0.889338
0.639648 0.8911
0.641602 0.892851
0.643555 0.894592
0.645508 0.896323
0.647461 0.898043
0.649414 0.899752
0.651367 0.901451
0.65332 0.903139
0.655273 0.904817
0.657227 0.906483
0.65918 0.908139
0.661133 0.909783
0.663086 0.911417
0.665039 0.913039
0.666992 0.91465
0.668945 0.916249
0.670898 0.917837
0.672852 0.919413
0.674805 0.920978
0.676758 0.92253
0.678711 0.924071
0.680664 0.9256
0.682617 0.927116
0.68457 0.928621
0.686523 0.930113
0.688477 0.931592
0.69043 0.933059
0.692383 0.934514
0.694336 0.935956
0.696289 0.937384
0.698242 0.9388
0.700195 0.940203
0.702148 0.941592
0.704102 0.942968
0.706055 0.944331
0.708008 0.94568
0.709961 0.947015
0.711914 0.948336
0.713867 0.949643
0.71582 0.950937
0.717773 0.952215
0.719727 0.95348
0.72168 0.95473
0.723633 0.955965
0.725586 0.957186
0.727539 0.958391
0.729492 0.959582
0.731445 0.960757
0.733398 0.961916
0.735352 0.96306
0.737305 0.964189
0.739258 0.965301
0.741211 0.966397
0.743164 0.967477
0.745117 0.968541
0.74707 0.969588
0.749023 0.970619
0.750977 0.971632
0.75293 0.972628
0.754883 0.973607
0.756836 0.974568
0.758789 0.975512
0.760742 0.976438
0.762695 0.977346
0.764648 0.978235
0.766602 0.979106
0.768555 0.979958
0.770508 0.980791
0.772461 0.981605
0.774414 0.9824
0.776367 0.983175
0.77832 0.98393
0.780273 0.984665
0.782227 0.98538
0.78418 0.986074
0.786133 0.986747
0.788086 0.987399
0.790039 0.98803
0.791992 0.988639
0.793945 0.989226
0.795898 0.989791
0.797852 0.990334
0.799805 0.990853
0.801758 0.99135
0.803711 0.991823
0.805664 0.992273
0.807617 0.992698
0.80957 0.993099
0.811523 0.993476
0.813477 0.993827
0.81543 0.994153
0.817383 0.994453
0.819336 0.994727
0.821289 0.994974
0.823242 0.995195
0.825195 0.995388
0.827148 0.995554
0.829102 0.995691
0.831055 0.9958
0.833008 0.99588
0.834961 0.99593
0.836914 0.99595
0.838867 0.99594
0.84082 0.995899
0.842773 0.995827
0.844727 0.995722
0.84668 0.995586
0.848633 0.995416
0.850586 0.995212
0.852539 0.994975
0.854492 0.994703
0.856445 0.994395
0.858398 0.994051
0.860352 0.993671
0.862305 0.993253
0.864258 0.992798
0.866211 0.992303
0.868164 0.991769
0.870117 0.991195
0.87207 0.99058
0.874023 0.989923
0.875977 0.989223
0.87793 0.98848
0.879883 0.987692
0.881836 0.986859
0.883789 0.98598
0.885742 0.985053
0.887695 0.984078
0.889648 0.983053
0.891602 0.981978
0.893555 0.980851
0.895508 0.979671
0.897461 0.978437
0.899414 0.977148
0.901367 0.975801
0.90332 0.974396
0.905273 0.972932
0.907227 0.971406
0.90918 0.969818
0.911133 0.968164
0.913086 0.966445
0.915039 0.964657
0.916992 0.962799
0.918945 0.960869
0.920898 0.958865
0.922852 0.956785
0.924805 0.954625
0.926758 0.952385
0.928711 0.95006
0.930664 0.947649
0.932617 0.945149
0.93457 0.942556
0.936523 0.939867
0.938477 0.937079
0.94043 0.934188
0.942383 0.93119
0.944336 0.928081
0.946289 0.924857
0.948242 0.921513
0.950195 0.918044
0.952148 0.914444
0.954102 0.910708
0.956055 0.906829
0.958008 0.9028
0.959961 0.898614
0.961914 0.894263
0.963867 0.889737
0.96582 0.885028
0.967773 0.880125
0.969727 0.875016
0.97168 0.869687
0.973633 0.864124
0.975586 0.858311
0.977539 0.85223
0.979492 0.845858
0.981445 0.839173
0.983398 0.832144
0.985352 0.824737
0.987305 0.816897
0.989258 0.8085
0.991211 0.799042
0.993164 0.785769
0.995117 0.752909
0.99707 0.630676
0.999023 0.272149
1 0
