0 0
0.000976562 0.00159247
0.00292969 0.00477738
0.00488281 0.00796215
0.00683594 0.0111467
0.00878906 0.014331
0.0107422 0.0175148
0.0126953 0.0206982
0.0146484 0.023881
0.0166016 0.0270632
0.0185547 0.0302446
0.0205078 0.0334253
0.0224609 0.036605
0.0244141 0.0397838
0.0263672 0.0429615
0.0283203 0.0461382
0.0302734 0.0493136
0.0322266 0.0524878
0.0341797 0.0556607
0.0361328 0.0588321
0.0380859 0.0620022
0.0400391 0.0651707
0.0419922 0.0683376
0.0439453 0.0715029
0.0458984 0.0746665
0.0478516 0.0778284
0.0498047 0.0809885
0.0517578 0.0841468
0.0537109 0.0873032
0.0556641 0.0904577
0.0576172 0.0936102
0.0595703 0.0967607
0.0615234 0.0999092
0.0634766 0.103056
0.0654297 0.1062
0.0673828 0.109342
0.0693359 0.112482
0.0712891 0.11562
0.0732422 0.118755
0.0751953 0.121889
0.0771484 0.12502
0.0791016 0.128149
0.0810547 0.131275
0.0830078 0.134399
0.0849609 0.137521
0.0869141 0.14064
0.0888672 0.143757
0.0908203 0.146872
0.0927734 0.149984
0.0947266 0.153094
0.0966797 0.156201
0.0986328 0.159306
0.100586 0.162409
0.102539 0.165508
0.104492 0.168606
0.106445 0.171701
0.108398 0.174793
0.110352 0.177883
0.112305 0.18097
0.114258 0.184055
0.116211 0.187137
0.118164 0.190217
0.120117 0.193294
0.12207 0.196368
0.124023 0.19944
0.125977 0.202509
0.12793 0.205576
0.129883 0.20864
0.131836 0.211701
0.133789 0.21476
0.135742 0.217816
0.137695 0.22087
0.139648 0.22392
0.141602 0.226968
0.143555 0.230014
0.145508 0.233056
0.147461 0.236096
0.149414 0.239133
0.151367 0.242168
0.15332 0.2452
0.155273 0.248229
0.157227 0.251255
0.15918 0.254278
0.161133 0.257299
0.163086 0.260317
0.165039 0.263332
0.166992 0.266344
0.168945 0.269354
0.170898 0.27236
0.172852 0.275364
0.174805 0.278365
0.176758 0.281363
0.178711 0.284359
0.180664 0.287351
0.182617 0.290341
0.18457 0.293327
0.186523 0.296311
0.188477 0.299292
0.19043 0.30227
0.192383 0.305245
0.194336 0.308217
0.196289 0.311186
0.198242 0.314152
0.200195 0.317115
0.202148 0.320075
0.204102 0.323032
0.206055 0.325986
0.208008 0.328938
0.209961 0.331886
0.211914 0.334831
0.213867 0.337773
0.21582 0.340712
0.217773 0.343648
0.219727 0.346581
0.22168 0.34951
0.223633 0.352437
0.225586 0.35536
0.227539 0.358281
0.229492 0.361198
0.231445 0.364112
0.233398 0.367023
0.235352 0.369931
0.237305 0.372836
0.239258 0.375737
0.241211 0.378635
0.243164 0.38153
0.245117 0.384422
0.24707 0.38731
0.249023 0.390196
0.250977 0.393078
0.25293 0.395956
0.254883 0.398832
0.256836 0.401704
0.258789 0.404573
0.260742 0.407438
0.262695 0.4103
0.264648 0.413159
0.266602 0.416014
0.268555 0.418866
0.270508 0.421715
0.272461 0.42456
0.274414 0.427402
0.276367 0.430241
0.27832 0.433076
0.280273 0.435907
0.282227 0.438735
0.28418 0.44156
0.286133 0.444381
0.288086 0.447198
0.290039 0.450012
0.291992 0.452822
0.293945 0.455629
0.295898 0.458433
0.297852 0.461232
0.299805 0.464029
0.301758 0.466821
0.303711 0.46961
0.305664 0.472395
0.307617 0.475177
0.30957 0.477955
0.311523 0.480729
0.313477 0.4835
0.31543 0.486266
0.317383 0.48903
0.319336 0.491789
0.321289 0.494545
0.323242 0.497296
0.325195 0.500044
0.327148 0.502789
0.329102 0.505529
0.331055 0.508266
0.333008 0.510998
0.334961 0.513727
0.336914 0.516452
0.338867 0.519173
0.34082 0.52189
0.342773 0.524604
0.344727 0.527313
0.34668 0.530018
0.348633 0.532719
0.350586 0.535417
0.352539 0.53811
0.354492 0.540799
0.356445 0.543484
0.358398 0.546165
0.360352 0.548842
0.362305 0.551515
0.364258 0.554184
0.366211 0.556848
0.368164 0.559509
0.370117 0.562165
0.37207 0.564817
0.374023 0.567465
0.375977 0.570109
0.37793 0.572748
0.379883 0.575383
0.381836 0.578014
0.383789 0.58064
0.385742 0.583262
0.387695 0.58588
0.389648 0.588493
0.391602 0.591102
0.393555 0.593707
0.395508 0.596307
0.397461 0.598903
0.399414 0.601494
0.401367 0.604081
0.40332 0.606663
0.405273 0.609241
0.407227 0.611814
0.40918 0.614382
0.411133 0.616946
0.413086 0.619505
0.415039 0.62206
0.416992 0.62461
0.418945 0.627155
0.420898 0.629696
0.422852 0.632232
0.424805 0.634763
0.426758 0.637289
0.428711 0.639811
0.430664 0.642327
0.432617 0.644839
0.43457 0.647346
0.436523 0.649848
0.438477 0.652345
0.44043 0.654837
0.442383 0.657324
0.444336 0.659807
0.446289 0.662284
0.448242 0.664756
0.450195 0.667223
0.452148 0.669685
0.454102 0.672142
0.456055 0.674593
0.458008 0.67704
0.459961 0.679481
0.461914 0.681917
0.463867 0.684348
0.46582 0.686774
0.467773 0.689194
0.469727 0.691609
0.47168 0.694018
0.473633 0.696422
0.475586 0.698821
0.477539 0.701214
0.479492 0.703602
0.481445 0.705984
0.483398 0.708361
0.485352 0.710732
0.487305 0.713098
0.489258 0.715458
0.491211 0.717812
0.493164 0.72016
0.495117 0.722503
0.49707 0.72484
0.499023 0.727172
0.500977 0.729497
0.50293 0.731817
0.504883 0.734131
0.506836 0.736439
0.508789 0.738741
0.510742 0.741036
0.512695 0.743326
0.514648 0.74561
0.516602 0.747888
0.518555 0.75016
0.520508 0.752425
0.522461 0.754685
0.524414 0.756938
0.526367 0.759185
0.52832 0.761425
0.530273 0.763659
0.532227 0.765887
0.53418 0.768109
0.536133 0.770324
0.538086 0.772532
0.540039 0.774734
0.541992 0.77693
0.543945 0.779119
0.545898 0.781301
0.547852 0.783477
0.549805 0.785645
0.551758 0.787808
0.553711 0.789963
0.555664 0.792111
0.557617 0.794253
0.55957 0.796387
0.561523 0.798515
0.563477 0.800636
0.56543 0.802749
0.567383 0.804856
0.569336 0.806955
0.571289 0.809047
0.573242 0.811132
0.575195 0.81321
0.577148 0.81528
0.579102 0.817343
0.581055 0.819399
0.583008 0.821447
0.584961 0.823487
0.586914 0.82552
0.588867 0.827545
0.59082 0.829563
0.592773 0.831573
0.594727 0.833575
0.59668 0.835569
0.598633 0.837556
0.600586 0.839534
0.602539 0.841505
0.604492 0.843467
0.606445 0.845422
0.608398 0.847368
0.610352 0.849306
0.612305 0.851235
0.614258 0.853157
0.616211 0.85507
0.618164 0.856974
0.620117 0.85887
0.62207 0.860758
0.624023 0.862637
0.625977 0.864507
0.62793 0.866368
0.629883 0.868221
0.631836 0.870065
0.633789 0.871899
0.635742 0.873725
0.637695 0.875542
0.639648 0.877349
0.641602 0.879148
0.643555 0.880937
0.645508 0.882716
0.647461 0.884486
0.649414 0.886247
0.651367 0.887998
0.65332 0.88974
0.655273 0.891472
0.657227 0.893194
0.65918 0.894906
0.661133 0.896608
0.663086 0.8983
0.665039 0.899982
0.666992 0.901654
0.668945 0.903316
0.670898 0.904967
0.672852 0.906608
0.674805 0.908238
0.676758 0.909857
0.678711 0.911466
0.680664 0.913064
0.682617 0.914652
0.68457 0.916228
0.686523 0.917793
0.688477 0.919347
0.69043 0.92089
0.692383 0.922421
0.694336 0.923941
0.696289 0.92545
0.698242 0.926946
0.700195 0.928431
0.702148 0.929904
0.704102 0.931366
0.706055 0.932815
0.708008 0.934252
0.709961 0.935676
0.711914 0.937088
0.713867 0.938488
0.71582 0.939875
0.717773 0.941249
0.719727 0.94261
0.72168 0.943959
0.723633 0.945294
0.725586 0.946616
0.727539 0.947925
0.729492 0.94922
0.731445 0.950501
0.733398 0.951769
0.735352 0.953023
0.737305 0.954262
0.739258 0.955488
0.741211 0.956699
0.743164 0.957896
0.745117 0.959078
0.74707 0.960245
0.749023 0.961397
0.750977 0.962535
0.75293 0.963657
0.754883 0.964763
0.756836 0.965854
0.758789 0.96693
0.760742 0.967989
0.762695 0.969032
0.764648 0.970059
0.766602 0.97107
0.768555 0.972064
0.770508 0.973041
0.772461 0.974001
0.774414 0.974944
0.776367 0.97587
0.77832 0.976778
0.780273 0.977668
0.782227 0.97854
0.78418 0.979394
0.786133 0.980229
0.788086 0.981046
0.790039 0.981844
0.791992 0.982623
0.793945 0.983382
0.795898 0.984122
0.797852 0.984842
0.799805 0.985542
0.801758 0.986221
0.803711 0.98688
0.805664 0.987518
0.807617 0.988135
0.80957 0.98873
0.811523 0.989304
0.813477 0.989855
0.81543 0.990385
0.817383 0.990891
0.819336 0.991375
0.821289 0.991835
0.823242 0.992272
0.825195 0.992685
0.827148 0.993073
0.829102 0.993437
0.831055 0.993776
0.833008 0.99409
0.834961 0.994377
0.836914 0.994639
0.838867 0.994874
0.84082 0.995082
0.842773 0.995263
0.844727 0.995416
0.84668 0.995541
0.848633 0.995637
0.850586 0.995704
0.852539 0.995741
0.854492 0.995748
0.856445 0.995724
0.858398 0.995669
0.860352 0.995583
0.862305 0.995464
0.864258 0.995312
0.866211 0.995127
0.868164 0.994908
0.870117 0.994654
0.87207 0.994365
0.874023 0.99404
0.875977 0.993678
0.87793 0.993279
0.879883 0.992842
0.881836 0.992365
0.883789 0.99185
0.885742 0.991293
0.887695 0.990696
0.889648 0.990056
0.891602 0.989373
0.893555 0.988647
0.895508 0.987875
0.897461 0.987057
0.899414 0.986193
0.901367 0.98528
0.90332 0.984318
0.905273 0.983306
0.907227 0.982242
0.90918 0.981126
0.911133 0.979955
0.913086 0.978729
0.915039 0.977446
0.916992 0.976104
0.918945 0.974702
0.920898 0.973239
0.922852 0.971713
0.924805 0.970121
0.926758 0.968463
0.928711 0.966735
0.930664 0.964936
0.932617 0.963065
0.93457 0.961117
0.936523 0.959092
0.938477 0.956986
0.94043 0.954797
0.942383 0.952522
0.944336 0.950159
0.946289 0.947702
0.948242 0.945151
0.950195 0.942499
0.952148 0.939745
0.954102 0.936884
0.956055 0.933911
0.958008 0.930821
0.959961 0.92761
0.961914 0.924272
0.963867 0.920801
0.96582 0.917191
0.967773 0.913434
0.969727 0.909524
0.97168 0.905451
0.973633 0.901207
0.975586 0.896782
0.977539 0.892165
0.979492 0.887343
0.981445 0.882303
0.983398 0.877029
0.985352 0.871503
0.987305 0.865702
0.989258 0.85958
0.991211 0.85293
0.993164 0.844228
0.995117 0.821311
0.99707 0.711553
0.999023 0.320525
1 0
