0 0
0.000976562 0.00153961
0.00292969 0.0046188
0.00488281 0.00769787
0.00683594 0.0107768
0.00878906 0.0138554
0.0107422 0.0169337
0.0126953 0.0200115
0.0146484 0.0230889
0.0166016 0.0261657
0.0185547 0.0292419
0.0205078 0.0323174
0.0224609 0.0353921
0.0244141 0.038466
0.0263672 0.041539
0.0283203 0.044611
0.0302734 0.0476819
0.0322266 0.0507518
0.0341797 0.0538205
0.0361328 0.0568881
0.0380859 0.0599543
0.0400391 0.0630192
0.0419922 0.0660828
0.0439453 0.0691449
0.0458984 0.0722055
0.0478516 0.0752646
0.0498047 0.0783222
0.0517578 0.0813781
0.0537109 0.0844324
0.0556641 0.087485
0.0576172 0.0905359
0.0595703 0.093585
0.0615234 0.0966323
0.0634766 0.0996777
0.0654297 0.102721
0.0673828 0.105763
0.0693359 0.108803
0.0712891 0.111841
0.0732422 0.114876
0.0751953 0.11791
0.0771484 0.120942
0.0791016 0.123972
0.0810547 0.127
0.0830078 0.130025
0.0849609 0.133049
0.0869141 0.13607
0.0888672 0.13909
0.0908203 0.142107
0.0927734 0.145122
0.0947266 0.148135
0.0966797 0.151145
0.0986328 0.154154
0.100586 0.15716
0.102539 0.160164
0.104492 0.163165
0.106445 0.166165
0.108398 0.169162
0.110352 0.172157
0.112305 0.17515
0.114258 0.17814
0.116211 0.181128
0.118164 0.184114
0.120117 0.187097
0.12207 0.190078
0.124023 0.193057
0.125977 0.196033
0.12793 0.199007
0.129883 0.201979
0.131836 0.204948
0.133789 0.207915
0.135742 0.210879
0.137695 0.213842
0.139648 0.216801
0.141602 0.219759
0.143555 0.222713
0.145508 0.225666
0.147461 0.228616
0.149414 0.231563
0.151367 0.234508
0.15332 0.237451
0.155273 0.240391
0.157227 0.243329
0.15918 0.246264
0.161133 0.249196
0.163086 0.252127
0.165039 0.255054
0.166992 0.257979
0.168945 0.260902
0.170898 0.263822
0.172852 0.266739
0.174805 0.269654
0.176758 0.272567
0.178711 0.275476
0.180664 0.278383
0.182617 0.281288
0.18457 0.28419
0.186523 0.287089
0.188477 0.289986
0.19043 0.29288
0.192383 0.295772
0.194336 0.298661
0.196289 0.301547
0.198242 0.30443
0.200195 0.307311
0.202148 0.310189
0.204102 0.313065
0.206055 0.315937
0.208008 0.318808
0.209961 0.321675
0.211914 0.324539
0.213867 0.327401
0.21582 0.33026
0.217773 0.333117
0.219727 0.33597
0.22168 0.338821
0.223633 0.341669
0.225586 0.344514
0.227539 0.347357
0.229492 0.350196
0.231445 0.353033
0.233398 0.355867
0.235352 0.358698
0.237305 0.361526
0.239258 0.364351
0.241211 0.367174
0.243164 0.369993
0.245117 0.37281
0.24707 0.375624
0.249023 0.378434
0.250977 0.381242
0.25293 0.384047
0.254883 0.386849
0.256836 0.389648
0.258789 0.392444
0.260742 0.395237
0.262695 0.398027
0.264648 0.400814
0.266602 0.403598
0.268555 0.406379
0.270508 0.409157
0.272461 0.411932
0.274414 0.414703
0.276367 0.417472
0.27832 0.420238
0.280273 0.423
0.282227 0.425759
0.28418 0.428516
0.286133 0.431269
0.288086 0.434019
0.290039 0.436765
0.291992 0.439509
0.293945 0.442249
0.295898 0.444987
0.297852 0.447721
0.299805 0.450451
0.301758 0.453179
0.303711 0.455903
0.305664 0.458624
0.307617 0.461342
0.30957 0.464056
0.311523 0.466767
0.313477 0.469475
0.31543 0.47218
0.317383 0.474881
0.319336 0.477578
0.321289 0.480273
0.323242 0.482964
0.325195 0.485651
0.327148 0.488335
0.329102 0.491016
0.331055 0.493693
0.333008 0.496367
0.334961 0.499038
0.336914 0.501705
0.338867 0.504368
0.34082 0.507028
0.342773 0.509684
0.344727 0.512337
0.34668 0.514986
0.348633 0.517632
0.350586 0.520274
0.352539 0.522912
0.354492 0.525547
0.356445 0.528178
0.358398 0.530806
0.360352 0.53343
0.362305 0.53605
0.364258 0.538667
0.366211 0.541279
0.368164 0.543889
0.370117 0.546494
0.37207 0.549095
0.374023 0.551693
0.375977 0.554287
0.37793 0.556877
0.379883 0.559464
0.381836 0.562046
0.383789 0.564625
0.385742 0.5672
0.387695 0.569771
0.389648 0.572337
0.391602 0.5749
0.393555 0.57746
0.395508 0.580015
0.397461 0.582566
0.399414 0.585113
0.401367 0.587656
0.40332 0.590195
0.405273 0.59273
0.407227 0.595261
0.40918 0.597788
0.411133 0.60031
0.413086 0.602829
0.415039 0.605343
0.416992 0.607854
0.418945 0.61036
0.420898 0.612862
0.422852 0.615359
0.424805 0.617852
0.426758 0.620342
0.428711 0.622826
0.430664 0.625307
0.432617 0.627783
0.43457 0.630255
0.436523 0.632722
0.438477 0.635185
0.44043 0.637644
0.442383 0.640098
0.444336 0.642548
0.446289 0.644993
0.448242 0.647433
0.450195 0.64987
0.452148 0.652301
0.454102 0.654728
0.456055 0.657151
0.458008 0.659569
0.459961 0.661982
0.461914 0.66439
0.463867 0.666794
0.46582 0.669193
0.467773 0.671588
0.469727 0.673977
0.47168 0.676362
0.473633 0.678742
0.475586 0.681117
0.477539 0.683488
0.479492 0.685853
0.481445 0.688214
0.483398 0.690569
0.485352 0.69292
0.487305 0.695266
0.489258 0.697606
0.491211 0.699942
0.493164 0.702273
0.495117 0.704598
0.49707 0.706918
0.499023 0.709234
0.500977 0.711544
0.50293 0.713848
0.504883 0.716148
0.506836 0.718442
0.508789 0.720731
0.510742 0.723015
0.512695 0.725293
0.514648 0.727566
0.516602 0.729834
0.518555 0.732096
0.520508 0.734353
0.522461 0.736604
0.524414 0.738849
0.526367 0.74109
0.52832 0.743324
0.530273 0.745553
0.532227 0.747776
0.53418 0.749994
0.536133 0.752205
0.538086 0.754411
0.540039 0.756612
0.541992 0.758806
0.543945 0.760995
0.545898 0.763177
0.547852 0.765354
0.549805 0.767525
0.551758 0.769689
0.553711 0.771848
0.555664 0.774001
0.557617 0.776147
0.55957 0.778288
0.561523 0.780422
0.563477 0.78255
0.56543 0.784672
0.567383 0.786787
0.569336 0.788896
0.571289 0.790999
0.573242 0.793096
0.575195 0.795185
0.577148 0.797269
0.579102 0.799346
0.581055 0.801416
0.583008 0.80348
0.584961 0.805537
0.586914 0.807587
0.588867 0.80963
0.59082 0.811667
0.592773 0.813697
0.594727 0.81572
0.59668 0.817736
0.598633 0.819746
0.600586 0.821748
0.602539 0.823743
0.604492 0.825731
0.606445 0.827712
0.608398 0.829685
0.610352 0.831651
0.612305 0.833611
0.614258 0.835562
0.616211 0.837507
0.618164 0.839443
0.620117 0.841373
0.62207 0.843294
0.624023 0.845209
0.625977 0.847115
0.62793 0.849014
0.629883 0.850905
0.631836 0.852788
0.633789 0.854663
0.635742 0.856531
0.637695 0.85839
0.639648 0.860241
0.641602 0.862085
0.643555 0.86392
0.645508 0.865746
0.647461 0.867565
0.649414 0.869375
0.651367 0.871177
0.65332 0.87297
0.655273 0.874754
0.657227 0.87653
0.65918 0.878298
0.661133 0.880056
0.663086 0.881806
0.665039 0.883547
0.666992 0.885279
0.668945 0.887002
0.670898 0.888716
0.672852 0.890421
0.674805 0.892116
0.676758 0.893802
0.678711 0.895479
0.680664 0.897146
0.682617 0.898804
0.68457 0.900452
0.686523 0.90209
0.688477 0.903719
0.69043 0.905338
0.692383 0.906947
0.694336 0.908545
0.696289 0.910134
0.698242 0.911713
0.700195 0.913281
0.702148 0.914839
0.704102 0.916386
0.706055 0.917923
0.708008 0.919449
0.709961 0.920965
0.711914 0.922469
0.713867 0.923963
0.71582 0.925446
0.717773 0.926917
0.719727 0.928378
0.72168 0.929827
0.723633 0.931264
0.725586 0.93269
0.727539 0.934104
0.729492 0.935507
0.731445 0.936898
0.733398 0.938277
0.735352 0.939643
0.737305 0.940998
0.739258 0.94234
0.741211 0.943669
0.743164 0.944986
0.745117 0.946291
0.74707 0.947582
0.749023 0.948861
0.750977 0.950127
0.75293 0.951379
0.754883 0.952618
0.756836 0.953843
0.758789 0.955055
0.760742 0.956253
0.762695 0.957437
0.764648 0.958608
0.766602 0.959764
0.768555 0.960905
0.770508 0.962032
0.772461 0.963144
0.774414 0.964242
0.776367 0.965324
0.77832 0.966392
0.780273 0.967444
0.782227 0.96848
0.78418 0.969501
0.786133 0.970506
0.788086 0.971495
0.790039 0.972468
0.791992 0.973424
0.793945 0.974364
0.795898 0.975287
0.797852 0.976192
0.799805 0.977081
0.801758 0.977952
0.803711 0.978806
0.805664 0.979641
0.807617 0.980459
0.80957 0.981258
0.811523 0.982039
0.813477 0.9828
0.81543 0.983543
0.817383 0.984267
0.819336 0.984971
0.821289 0.985655
0.823242 0.986319
0.825195 0.986963
0.827148 0.987586
0.829102 0.988188
0.831055 0.988769
0.833008 0.989329
0.834961 0.989866
0.836914 0.990382
0.838867 0.990875
0.84082 0.991346
0.842773 0.991793
0.844727 0.992217
0.84668 0.992617
0.848633 0.992993
0.850586 0.993344
0.852539 0.993671
0.854492 0.993972
0.856445 0.994248
0.858398 0.994497
0.860352 0.99472
0.862305 0.994916
0.864258 0.995084
0.866211 0.995225
0.868164 0.995337
0.870117 0.99542
0.87207 0.995474
0.874023 0.995498
0.875977 0.995492
0.87793 0.995455
0.879883 0.995386
0.881836 0.995285
0.883789 0.995152
0.885742 0.994985
0.887695 0.994784
0.889648 0.994549
0.891602 0.994278
0.893555 0.993971
0.895508 0.993628
0.897461 0.993247
0.899414 0.992828
0.901367 0.992369
0.90332 0.991871
0.905273 0.991332
0.907227 0.990751
0.90918 0.990128
0.911133 0.989461
0.913086 0.98875
0.915039 0.987993
0.916992 0.987189
0.918945 0.986337
0.920898 0.985436
0.922852 0.984485
0.924805 0.983482
0.926758 0.982427
0.928711 0.981317
0.930664 0.980151
0.932617 0.978928
0.93457 0.977646
0.936523 0.976304
0.938477 0.974899
0.94043 0.97343
0.942383 0.971894
0.944336 0.970291
0.946289 0.968617
0.948242 0.96687
0.950195 0.965048
0.952148 0.963149
0.954102 0.961169
0.956055 0.959106
0.958008 0.956957
0.959961 0.954718
0.961914 0.952386
0.963867 0.949958
0.96582 0.947429
0.967773 0.944795
0.969727 0.942052
0.97168 0.939194
0.973633 0.936218
0.975586 0.933116
0.977539 0.929882
0.979492 0.926511
0.981445 0.922994
0.983398 0.919323
0.985352 0.91549
0.987305 0.911485
0.989258 0.90729
0.991211 0.902833
0.993164 0.897372
0.995117 0.882209
0.99707 0.785607
0.999023 0.368574
1 0
