0 0
0.000976562 0.00152039
0.00292969 0.00456113
0.00488281 0.00760177
0.00683594 0.0106422
0.00878906 0.0136824
0.0107422 0.0167223
0.0126953 0.0197618
0.0146484 0.0228008
0.0166016 0.0258393
0.0185547 0.0288772
0.0205078 0.0319145
0.0224609 0.034951
0.0244141 0.0379867
0.0263672 0.0410215
0.0283203 0.0440555
0.0302734 0.0470884
0.0322266 0.0501203
0.0341797 0.0531511
0.0361328 0.0561808
0.0380859 0.0592093
0.0400391 0.0622364
0.0419922 0.0652623
0.0439453 0.0682869
0.0458984 0.07131
0.0478516 0.0743317
0.0498047 0.0773518
0.0517578 0.0803705
0.0537109 0.0833875
0.0556641 0.086403
0.0576172 0.0894168
0.0595703 0.0924289
0.0615234 0.0954393
0.0634766 0.0984479
0.0654297 0.101455
0.0673828 0.10446
0.0693359 0.107463
0.0712891 0.110464
0.0732422 0.113464
0.0751953 0.116461
0.0771484 0.119457
0.0791016 0.122451
0.0810547 0.125442
0.0830078 0.128432
0.0849609 0.13142
0.0869141 0.134405
0.0888672 0.137389
0.0908203 0.14037
0.0927734 0.14335
0.0947266 0.146327
0.0966797 0.149303
0.0986328 0.152276
0.100586 0.155247
0.102539 0.158216
0.104492 0.161182
0.106445 0.164147
0.108398 0.167109
0.110352 0.170069
0.112305 0.173027
0.114258 0.175983
0.116211 0.178937
0.118164 0.181888
0.120117 0.184837
0.12207 0.187784
0.124023 0.190729
0.125977 0.193671
0.12793 0.196611
0.129883 0.199549
0.131836 0.202484
0.133789 0.205418
0.135742 0.208349
0.137695 0.211277
0.139648 0.214203
0.141602 0.217127
0.143555 0.220049
0.145508 0.222968
0.147461 0.225885
0.149414 0.2288
0.151367 0.231712
0.15332 0.234622
0.155273 0.23753
0.157227 0.240435
0.15918 0.243337
0.161133 0.246238
0.163086 0.249136
0.165039 0.252031
0.166992 0.254924
0.168945 0.257815
0.170898 0.260703
0.172852 0.263589
0.174805 0.266472
0.176758 0.269353
0.178711 0.272231
0.180664 0.275107
0.182617 0.27798
0.18457 0.280851
0.186523 0.283719
0.188477 0.286585
0.19043 0.289448
0.192383 0.292309
0.194336 0.295167
0.196289 0.298023
0.198242 0.300876
0.200195 0.303726
0.202148 0.306574
0.204102 0.309419
0.206055 0.312262
0.208008 0.315102
0.209961 0.31794
0.211914 0.320775
0.213867 0.323607
0.21582 0.326436
0.217773 0.329263
0.219727 0.332088
0.22168 0.334909
0.223633 0.337728
0.225586 0.340544
0.227539 0.343358
0.229492 0.346169
0.231445 0.348977
0.233398 0.351782
0.235352 0.354585
0.237305 0.357385
0.239258 0.360182
0.241211 0.362976
0.243164 0.365768
0.245117 0.368556
0.24707 0.371342
0.249023 0.374126
0.250977 0.376906
0.25293 0.379683
0.254883 0.382458
0.256836 0.38523
0.258789 0.387999
0.260742 0.390765
0.262695 0.393528
0.264648 0.396288
0.266602 0.399046
0.268555 0.4018
0.270508 0.404552
0.272461 0.4073
0.274414 0.410046
0.276367 0.412789
0.27832 0.415528
0.280273 0.418265
0.282227 0.420999
0.28418 0.42373
0.286133 0.426457
0.288086 0.429182
0.290039 0.431904
0.291992 0.434622
0.293945 0.437338
0.295898 0.44005
0.297852 0.44276
0.299805 0.445466
0.301758 0.448169
0.303711 0.450869
0.305664 0.453566
0.307617 0.45626
0.30957 0.45895
0.311523 0.461638
0.313477 0.464322
0.31543 0.467003
0.317383 0.469681
0.319336 0.472355
0.321289 0.475027
0.323242 0.477695
0.325195 0.48036
0.327148 0.483021
0.329102 0.485679
0.331055 0.488334
0.333008 0.490986
0.334961 0.493634
0.336914 0.496279
0.338867 0.498921
0.34082 0.501559
0.342773 0.504194
0.344727 0.506825
0.34668 0.509453
0.348633 0.512078
0.350586 0.514699
0.352539 0.517317
0.354492 0.519931
0.356445 0.522541
0.358398 0.525149
0.360352 0.527752
0.362305 0.530352
0.364258 0.532949
0.366211 0.535542
0.368164 0.538132
0.370117 0.540717
0.37207 0.5433
0.374023 0.545878
0.375977 0.548453
0.37793 0.551025
0.379883 0.553592
0.381836 0.556156
0.383789 0.558717
0.385742 0.561273
0.387695 0.563826
0.389648 0.566375
0.391602 0.56892
0.393555 0.571462
0.395508 0.573999
0.397461 0.576533
0.399414 0.579063
0.401367 0.581589
0.40332 0.584112
0.405273 0.58663
0.407227 0.589145
0.40918 0.591655
0.411133 0.594162
0.413086 0.596664
0.415039 0.599163
0.416992 0.601658
0.418945 0.604148
0.420898 0.606635
0.422852 0.609118
0.424805 0.611596
0.426758 0.61407
0.428711 0.616541
0.430664 0.619007
0.432617 0.621469
0.43457 0.623927
0.436523 0.62638
0.438477 0.62883
0.44043 0.631275
0.442383 0.633716
0.444336 0.636152
0.446289 0.638584
0.448242 0.641013
0.450195 0.643436
0.452148 0.645855
0.454102 0.64827
0.456055 0.650681
0.458008 0.653087
0.459961 0.655489
0.461914 0.657886
0.463867 0.660279
0.46582 0.662667
0.467773 0.66505
0.469727 0.667429
0.47168 0.669804
0.473633 0.672174
0.475586 0.674539
0.477539 0.6769
0.479492 0.679256
0.481445 0.681607
0.483398 0.683953
0.485352 0.686295
0.487305 0.688632
0.489258 0.690964
0.491211 0.693292
0.493164 0.695614
0.495117 0.697932
0.49707 0.700244
0.499023 0.702552
0.500977 0.704855
0.50293 0.707153
0.504883 0.709446
0.506836 0.711734
0.508789 0.714016
0.510742 0.716294
0.512695 0.718566
0.514648 0.720834
0.516602 0.723096
0.518555 0.725353
0.520508 0.727605
0.522461 0.729851
0.524414 0.732093
0.526367 0.734328
0.52832 0.736559
0.530273 0.738784
0.532227 0.741004
0.53418 0.743218
0.536133 0.745427
0.538086 0.74763
0.540039 0.749828
0.541992 0.75202
0.543945 0.754207
0.545898 0.756388
0.547852 0.758563
0.549805 0.760733
0.551758 0.762897
0.553711 0.765055
0.555664 0.767207
0.557617 0.769354
0.55957 0.771494
0.561523 0.773629
0.563477 0.775758
0.56543 0.777881
0.567383 0.779997
0.569336 0.782108
0.571289 0.784213
0.573242 0.786311
0.575195 0.788403
0.577148 0.79049
0.579102 0.792569
0.581055 0.794643
0.583008 0.79671
0.584961 0.798771
0.586914 0.800826
0.588867 0.802874
0.59082 0.804915
0.592773 0.80695
0.594727 0.808979
0.59668 0.811001
0.598633 0.813016
0.600586 0.815024
0.602539 0.817026
0.604492 0.819021
0.606445 0.821009
0.608398 0.822991
0.610352 0.824965
0.612305 0.826932
0.614258 0.828893
0.616211 0.830846
0.618164 0.832792
0.620117 0.834731
0.62207 0.836663
0.624023 0.838588
0.625977 0.840505
0.62793 0.842415
0.629883 0.844317
0.631836 0.846212
0.633789 0.8481
0.635742 0.84998
0.637695 0.851852
0.639648 0.853717
0.641602 0.855573
0.643555 0.857423
0.645508 0.859264
0.647461 0.861097
0.649414 0.862922
0.651367 0.86474
0.65332 0.866549
0.655273 0.86835
0.657227 0.870143
0.65918 0.871928
0.661133 0.873704
0.663086 0.875472
0.665039 0.877231
0.666992 0.878982
0.668945 0.880725
0.670898 0.882458
0.672852 0.884183
0.674805 0.885899
0.676758 0.887607
0.678711 0.889305
0.680664 0.890994
0.682617 0.892675
0.68457 0.894346
0.686523 0.896008
0.688477 0.89766
0.69043 0.899304
0.692383 0.900937
0.694336 0.902562
0.696289 0.904176
0.698242 0.905781
0.700195 0.907376
0.702148 0.908962
0.704102 0.910537
0.706055 0.912102
0.708008 0.913657
0.709961 0.915202
0.711914 0.916737
0.713867 0.918262
0.71582 0.919775
0.717773 0.921279
0.719727 0.922771
0.72168 0.924253
0.723633 0.925724
0.725586 0.927184
0.727539 0.928633
0.729492 0.930071
0.731445 0.931498
0.733398 0.932913
0.735352 0.934317
0.737305 0.935709
0.739258 0.93709
0.741211 0.938458
0.743164 0.939815
0.745117 0.94116
0.74707 0.942492
0.749023 0.943813
0.750977 0.94512
0.75293 0.946416
0.754883 0.947699
0.756836 0.948969
0.758789 0.950226
0.760742 0.95147
0.762695 0.952701
0.764648 0.953918
0.766602 0.955122
0.768555 0.956313
0.770508 0.95749
0.772461 0.958653
0.774414 0.959801
0.776367 0.960936
0.77832 0.962057
0.780273 0.963162
0.782227 0.964254
0.78418 0.96533
0.786133 0.966392
0.788086 0.967438
0.790039 0.968469
0.791992 0.969484
0.793945 0.970484
0.795898 0.971468
0.797852 0.972436
0.799805 0.973387
0.801758 0.974323
0.803711 0.975241
0.805664 0.976143
0.807617 0.977027
0.80957 0.977895
0.811523 0.978745
0.813477 0.979577
0.81543 0.980391
0.817383 0.981187
0.819336 0.981965
0.821289 0.982724
0.823242 0.983464
0.825195 0.984185
0.827148 0.984887
0.829102 0.985569
0.831055 0.986231
0.833008 0.986873
0.834961 0.987495
0.836914 0.988095
0.838867 0.988675
0.84082 0.989233
0.842773 0.98977
0.844727 0.990285
0.84668 0.990777
0.848633 0.991247
0.850586 0.991694
0.852539 0.992117
0.854492 0.992517
0.856445 0.992893
0.858398 0.993244
0.860352 0.993571
0.862305 0.993872
0.864258 0.994148
0.866211 0.994398
0.868164 0.994621
0.870117 0.994817
0.87207 0.994986
0.874023 0.995127
0.875977 0.99524
0.87793 0.995324
0.879883 0.995378
0.881836 0.995403
0.883789 0.995397
0.885742 0.995361
0.887695 0.995293
0.889648 0.995193
0.891602 0.99506
0.893555 0.994893
0.895508 0.994693
0.897461 0.994458
0.899414 0.994187
0.901367 0.99388
0.90332 0.993537
0.905273 0.993155
0.907227 0.992736
0.90918 0.992277
0.911133 0.991777
0.913086 0.991237
0.915039 0.990655
0.916992 0.990029
0.918945 0.98936
0.920898 0.988646
0.922852 0.987885
0.924805 0.987078
0.926758 0.986221
0.928711 0.985316
0.930664 0.984359
0.932617 0.98335
0.93457 0.982287
0.936523 0.981169
0.938477 0.979994
0.94043 0.978761
0.942383 0.977468
0.944336 0.976113
0.946289 0.974694
0.948242 0.97321
0.950195 0.971658
0.952148 0.970036
0.954102 0.968342
0.956055 0.966573
0.958008 0.964727
0.959961 0.962801
0.961914 0.960792
0.963867 0.958697
0.96582 0.956513
0.967773 0.954235
0.969727 0.951862
0.97168 0.949387
0.973633 0.946808
0.975586 0.944119
0.977539 0.941315
0.979492 0.938392
0.981445 0.935342
0.983398 0.93216
0.985352 0.928838
0.987305 0.925369
0.989258 0.921741
0.991211 0.917903
0.993164 0.913289
0.995117 0.900218
0.99707 0.807833
0.999023 0.383795
1 0
