0 0
0.000976562 0.00149473
0.00292969 0.00448416
0.00488281 0.00747349
0.00683594 0.0104626
0.00878906 0.0134516
0.0107422 0.0164402
0.0126953 0.0194285
0.0146484 0.0224163
0.0166016 0.0254036
0.0185547 0.0283904
0.0205078 0.0313766
0.0224609 0.0343621
0.0244141 0.0373468
0.0263672 0.0403308
0.0283203 0.0433139
0.0302734 0.046296
0.0322266 0.0492772
0.0341797 0.0522574
0.0361328 0.0552365
0.0380859 0.0582145
0.0400391 0.0611913
0.0419922 0.0641669
0.0439453 0.0671412
0.0458984 0.0701142
0.0478516 0.0730858
0.0498047 0.076056
0.0517578 0.0790248
0.0537109 0.0819921
0.0556641 0.0849579
0.0576172 0.0879222
0.0595703 0.0908849
0.0615234 0.0938459
0.0634766 0.0968053
0.0654297 0.0997631
0.0673828 0.102719
0.0693359 0.105673
0.0712891 0.108626
0.0732422 0.111577
0.0751953 0.114526
0.0771484 0.117473
0.0791016 0.120418
0.0810547 0.123362
0.0830078 0.126303
0.0849609 0.129243
0.0869141 0.13218
0.0888672 0.135116
0.0908203 0.13805
0.0927734 0.140982
0.0947266 0.143912
0.0966797 0.14684
0.0986328 0.149766
0.100586 0.15269
0.102539 0.155612
0.104492 0.158531
0.106445 0.161449
0.108398 0.164365
0.110352 0.167278
0.112305 0.17019
0.114258 0.1731
0.116211 0.176007
0.118164 0.178912
0.120117 0.181815
0.12207 0.184716
0.124023 0.187615
0.125977 0.190512
0.12793 0.193407
0.129883 0.196299
0.131836 0.199189
0.133789 0.202077
0.135742 0.204963
0.137695 0.207847
0.139648 0.210729
0.141602 0.213608
0.143555 0.216485
0.145508 0.21936
0.147461 0.222233
0.149414 0.225103
0.151367 0.227971
0.15332 0.230837
0.155273 0.233701
0.157227 0.236562
0.15918 0.239422
0.161133 0.242278
0.163086 0.245133
0.165039 0.247985
0.166992 0.250835
0.168945 0.253683
0.170898 0.256528
0.172852 0.259371
0.174805 0.262212
0.176758 0.26505
0.178711 0.267886
0.180664 0.27072
0.182617 0.273551
0.18457 0.27638
0.186523 0.279207
0.188477 0.282031
0.19043 0.284853
0.192383 0.287672
0.194336 0.290489
0.196289 0.293304
0.198242 0.296116
0.200195 0.298925
0.202148 0.301732
0.204102 0.304537
0.206055 0.307339
0.208008 0.310139
0.209961 0.312937
0.211914 0.315731
0.213867 0.318524
0.21582 0.321314
0.217773 0.324101
0.219727 0.326886
0.22168 0.329668
0.223633 0.332448
0.225586 0.335225
0.227539 0.337999
0.229492 0.340771
0.231445 0.343541
0.233398 0.346308
0.235352 0.349072
0.237305 0.351834
0.239258 0.354593
0.241211 0.357349
0.243164 0.360103
0.245117 0.362854
0.24707 0.365603
0.249023 0.368348
0.250977 0.371092
0.25293 0.373832
0.254883 0.37657
0.256836 0.379305
0.258789 0.382037
0.260742 0.384767
0.262695 0.387494
0.264648 0.390218
0.266602 0.392939
0.268555 0.395658
0.270508 0.398374
0.272461 0.401087
0.274414 0.403797
0.276367 0.406505
0.27832 0.40921
0.280273 0.411911
0.282227 0.41461
0.28418 0.417307
0.286133 0.42
0.288086 0.42269
0.290039 0.425378
0.291992 0.428063
0.293945 0.430745
0.295898 0.433423
0.297852 0.436099
0.299805 0.438772
0.301758 0.441442
0.303711 0.44411
0.305664 0.446774
0.307617 0.449435
0.30957 0.452093
0.311523 0.454748
0.313477 0.4574
0.31543 0.460049
0.317383 0.462695
0.319336 0.465339
0.321289 0.467978
0.323242 0.470615
0.325195 0.473249
0.327148 0.47588
0.329102 0.478507
0.331055 0.481132
0.333008 0.483753
0.334961 0.486371
0.336914 0.488986
0.338867 0.491598
0.34082 0.494207
0.342773 0.496812
0.344727 0.499414
0.34668 0.502013
0.348633 0.504609
0.350586 0.507201
0.352539 0.509791
0.354492 0.512377
0.356445 0.514959
0.358398 0.517538
0.360352 0.520114
0.362305 0.522687
0.364258 0.525256
0.366211 0.527822
0.368164 0.530385
0.370117 0.532944
0.37207 0.5355
0.374023 0.538052
0.375977 0.540601
0.37793 0.543146
0.379883 0.545688
0.381836 0.548226
0.383789 0.550761
0.385742 0.553293
0.387695 0.555821
0.389648 0.558345
0.391602 0.560866
0.393555 0.563383
0.395508 0.565896
0.397461 0.568406
0.399414 0.570913
0.401367 0.573415
0.40332 0.575914
0.405273 0.57841
0.407227 0.580901
0.40918 0.583389
0.411133 0.585874
0.413086 0.588354
0.415039 0.590831
0.416992 0.593304
0.418945 0.595773
0.420898 0.598238
0.422852 0.6007
0.424805 0.603157
0.426758 0.605611
0.428711 0.608061
0.430664 0.610507
0.432617 0.612949
0.43457 0.615387
0.436523 0.617821
0.438477 0.620252
0.44043 0.622678
0.442383 0.6251
0.444336 0.627518
0.446289 0.629932
0.448242 0.632342
0.450195 0.634748
0.452148 0.63715
0.454102 0.639548
0.456055 0.641941
0.458008 0.64433
0.459961 0.646716
0.461914 0.649096
0.463867 0.651473
0.46582 0.653846
0.467773 0.656214
0.469727 0.658578
0.47168 0.660937
0.473633 0.663292
0.475586 0.665643
0.477539 0.66799
0.479492 0.670332
0.481445 0.672669
0.483398 0.675002
0.485352 0.677331
0.487305 0.679655
0.489258 0.681975
0.491211 0.68429
0.493164 0.6866
0.495117 0.688906
0.49707 0.691208
0.499023 0.693504
0.500977 0.695796
0.50293 0.698083
0.504883 0.700366
0.506836 0.702644
0.508789 0.704917
0.510742 0.707185
0.512695 0.709449
0.514648 0.711707
0.516602 0.713961
0.518555 0.71621
0.520508 0.718454
0.522461 0.720692
0.524414 0.722926
0.526367 0.725155
0.52832 0.727379
0.530273 0.729598
0.532227 0.731812
0.53418 0.73402
0.536133 0.736224
0.538086 0.738422
0.540039 0.740615
0.541992 0.742803
0.543945 0.744986
0.545898 0.747163
0.547852 0.749335
0.549805 0.751501
0.551758 0.753662
0.553711 0.755818
0.555664 0.757968
0.557617 0.760113
0.55957 0.762253
0.561523 0.764386
0.563477 0.766514
0.56543 0.768637
0.567383 0.770754
0.569336 0.772865
0.571289 0.77497
0.573242 0.77707
0.575195 0.779164
0.577148 0.781252
0.579102 0.783334
0.581055 0.78541
0.583008 0.787481
0.584961 0.789545
0.586914 0.791603
0.588867 0.793656
0.59082 0.795702
0.592773 0.797742
0.594727 0.799776
0.59668 0.801804
0.598633 0.803825
0.600586 0.80584
0.602539 0.807849
0.604492 0.809852
0.606445 0.811848
0.608398 0.813837
0.610352 0.81582
0.612305 0.817797
0.614258 0.819767
0.616211 0.82173
0.618164 0.823687
0.620117 0.825637
0.62207 0.82758
0.624023 0.829517
0.625977 0.831446
0.62793 0.833369
0.629883 0.835285
0.631836 0.837193
0.633789 0.839095
0.635742 0.840989
0.637695 0.842877
0.639648 0.844757
0.641602 0.84663
0.643555 0.848496
0.645508 0.850354
0.647461 0.852205
0.649414 0.854048
0.651367 0.855884
0.65332 0.857713
0.655273 0.859534
0.657227 0.861347
0.65918 0.863152
0.661133 0.864949
0.663086 0.866739
0.665039 0.868521
0.666992 0.870295
0.668945 0.872061
0.670898 0.873818
0.672852 0.875568
0.674805 0.877309
0.676758 0.879042
0.678711 0.880767
0.680664 0.882483
0.682617 0.884191
0.68457 0.88589
0.686523 0.887581
0.688477 0.889263
0.69043 0.890936
0.692383 0.8926
0.694336 0.894255
0.696289 0.895902
0.698242 0.897539
0.700195 0.899168
0.702148 0.900787
0.704102 0.902397
0.706055 0.903997
0.708008 0.905588
0.709961 0.90717
0.711914 0.908742
0.713867 0.910304
0.71582 0.911856
0.717773 0.913399
0.719727 0.914932
0.72168 0.916454
0.723633 0.917967
0.725586 0.919469
0.727539 0.920961
0.729492 0.922443
0.731445 0.923914
0.733398 0.925375
0.735352 0.926825
0.737305 0.928264
0.739258 0.929693
0.741211 0.93111
0.743164 0.932516
0.745117 0.933911
0.74707 0.935295
0.749023 0.936668
0.750977 0.938028
0.75293 0.939378
0.754883 0.940715
0.756836 0.942041
0.758789 0.943355
0.760742 0.944656
0.762695 0.945946
0.764648 0.947223
0.766602 0.948487
0.768555 0.949739
0.770508 0.950978
0.772461 0.952205
0.774414 0.953418
0.776367 0.954618
0.77832 0.955805
0.780273 0.956979
0.782227 0.958139
0.78418 0.959285
0.786133 0.960418
0.788086 0.961536
0.790039 0.962641
0.791992 0.963731
0.793945 0.964806
0.795898 0.965867
0.797852 0.966913
0.799805 0.967944
0.801758 0.96896
0.803711 0.96996
0.805664 0.970945
0.807617 0.971914
0.80957 0.972867
0.811523 0.973805
0.813477 0.974725
0.81543 0.97563
0.817383 0.976517
0.819336 0.977388
0.821289 0.978242
0.823242 0.979078
0.825195 0.979897
0.827148 0.980697
0.829102 0.98148
0.831055 0.982245
0.833008 0.982991
0.834961 0.983718
0.836914 0.984426
0.838867 0.985115
0.84082 0.985785
0.842773 0.986434
0.844727 0.987063
0.84668 0.987672
0.848633 0.988261
0.850586 0.988828
0.852539 0.989374
0.854492 0.989898
0.856445 0.990401
0.858398 0.990881
0.860352 0.991338
0.862305 0.991773
0.864258 0.992184
0.866211 0.992571
0.868164 0.992935
0.870117 0.993274
0.87207 0.993588
0.874023 0.993876
0.875977 0.994139
0.87793 0.994376
0.879883 0.994587
0.881836 0.99477
0.883789 0.994926
0.885742 0.995053
0.887695 0.995152
0.889648 0.995223
0.891602 0.995263
0.893555 0.995274
0.895508 0.995253
0.897461 0.995202
0.899414 0.995119
0.901367 0.995003
0.90332 0.994854
0.905273 0.994671
0.907227 0.994453
0.90918 0.994201
0.911133 0.993912
0.913086 0.993587
0.915039 0.993224
0.916992 0.992823
0.918945 0.992383
0.920898 0.991902
0.922852 0.991381
0.924805 0.990818
0.926758 0.990211
0.928711 0.989561
0.930664 0.988865
0.932617 0.988123
0.93457 0.987334
0.936523 0.986497
0.938477 0.985609
0.94043 0.98467
0.942383 0.983679
0.944336 0.982633
0.946289 0.981532
0.948242 0.980373
0.950195 0.979156
0.952148 0.977878
0.954102 0.976537
0.956055 0.975132
0.958008 0.97366
0.959961 0.972119
0.961914 0.970507
0.963867 0.968821
0.96582 0.96706
0.967773 0.965219
0.969727 0.963296
0.97168 0.961288
0.973633 0.959192
0.975586 0.957004
0.977539 0.95472
0.979492 0.952336
0.981445 0.949848
0.983398 0.94725
0.985352 0.944539
0.987305 0.941707
0.989258 0.938747
0.991211 0.93563
0.993164 0.931956
0.995117 0.921214
0.99707 0.833926
0.999023 0.402191
1 0
