0 0
0.000976562 0.00143741
0.00292969 0.00431219
0.00488281 0.00718689
0.00683594 0.0100614
0.00878906 0.0129358
0.0107422 0.0158099
0.0126953 0.0186837
0.0146484 0.0215571
0.0166016 0.0244302
0.0185547 0.0273027
0.0205078 0.0301747
0.0224609 0.0330461
0.0244141 0.035917
0.0263672 0.0387871
0.0283203 0.0416565
0.0302734 0.0445251
0.0322266 0.0473929
0.0341797 0.0502598
0.0361328 0.0531258
0.0380859 0.0559909
0.0400391 0.0588549
0.0419922 0.0617179
0.0439453 0.0645798
0.0458984 0.0674405
0.0478516 0.0703001
0.0498047 0.0731585
0.0517578 0.0760157
0.0537109 0.0788716
0.0556641 0.0817262
0.0576172 0.0845794
0.0595703 0.0874313
0.0615234 0.0902818
0.0634766 0.0931309
0.0654297 0.0959785
0.0673828 0.0988246
0.0693359 0.101669
0.0712891 0.104512
0.0732422 0.107354
0.0751953 0.110194
0.0771484 0.113032
0.0791016 0.115869
0.0810547 0.118704
0.0830078 0.121538
0.0849609 0.12437
0.0869141 0.1272
0.0888672 0.130028
0.0908203 0.132855
0.0927734 0.13568
0.0947266 0.138503
0.0966797 0.141325
0.0986328 0.144145
0.100586 0.146963
0.102539 0.149779
0.104492 0.152593
0.106445 0.155406
0.108398 0.158217
0.110352 0.161026
0.112305 0.163833
0.114258 0.166638
0.116211 0.169442
0.118164 0.172243
0.120117 0.175043
0.12207 0.177841
0.124023 0.180637
0.125977 0.183431
0.12793 0.186223
0.129883 0.189013
0.131836 0.191802
0.133789 0.194588
0.135742 0.197373
0.137695 0.200155
0.139648 0.202936
0.141602 0.205715
0.143555 0.208491
0.145508 0.211266
0.147461 0.214039
0.149414 0.21681
0.151367 0.219578
0.15332 0.222345
0.155273 0.22511
0.157227 0.227873
0.15918 0.230634
0.161133 0.233392
0.163086 0.236149
0.165039 0.238904
0.166992 0.241657
0.168945 0.244407
0.170898 0.247156
0.172852 0.249902
0.174805 0.252647
0.176758 0.255389
0.178711 0.25813
0.180664 0.260868
0.182617 0.263604
0.18457 0.266338
0.186523 0.26907
0.188477 0.2718
0.19043 0.274528
0.192383 0.277253
0.194336 0.279977
0.196289 0.282698
0.198242 0.285417
0.200195 0.288134
0.202148 0.290849
0.204102 0.293562
0.206055 0.296272
0.208008 0.29898
0.209961 0.301686
0.211914 0.30439
0.213867 0.307092
0.21582 0.309792
0.217773 0.312489
0.219727 0.315184
0.22168 0.317877
0.223633 0.320567
0.225586 0.323255
0.227539 0.325942
0.229492 0.328625
0.231445 0.331307
0.233398 0.333986
0.235352 0.336663
0.237305 0.339337
0.239258 0.34201
0.241211 0.34468
0.243164 0.347347
0.245117 0.350013
0.24707 0.352676
0.249023 0.355336
0.250977 0.357995
0.25293 0.36065
0.254883 0.363304
0.256836 0.365955
0.258789 0.368604
0.260742 0.37125
0.262695 0.373894
0.264648 0.376536
0.266602 0.379175
0.268555 0.381811
0.270508 0.384446
0.272461 0.387077
0.274414 0.389707
0.276367 0.392333
0.27832 0.394958
0.280273 0.39758
0.282227 0.400199
0.28418 0.402816
0.286133 0.40543
0.288086 0.408042
0.290039 0.410651
0.291992 0.413258
0.293945 0.415862
0.295898 0.418463
0.297852 0.421062
0.299805 0.423659
0.301758 0.426253
0.303711 0.428844
0.305664 0.431432
0.307617 0.434018
0.30957 0.436602
0.311523 0.439182
0.313477 0.44176
0.31543 0.444336
0.317383 0.446909
0.319336 0.449478
0.321289 0.452046
0.323242 0.45461
0.325195 0.457172
0.327148 0.459731
0.329102 0.462288
0.331055 0.464841
0.333008 0.467392
0.334961 0.46994
0.336914 0.472486
0.338867 0.475028
0.34082 0.477568
0.342773 0.480105
0.344727 0.482639
0.34668 0.48517
0.348633 0.487698
0.350586 0.490224
0.352539 0.492747
0.354492 0.495266
0.356445 0.497783
0.358398 0.500297
0.360352 0.502808
0.362305 0.505316
0.364258 0.507821
0.366211 0.510324
0.368164 0.512823
0.370117 0.515319
0.37207 0.517812
0.374023 0.520302
0.375977 0.52279
0.37793 0.525274
0.379883 0.527755
0.381836 0.530233
0.383789 0.532708
0.385742 0.53518
0.387695 0.537648
0.389648 0.540114
0.391602 0.542577
0.393555 0.545036
0.395508 0.547492
0.397461 0.549945
0.399414 0.552395
0.401367 0.554842
0.40332 0.557285
0.405273 0.559726
0.407227 0.562163
0.40918 0.564597
0.411133 0.567027
0.413086 0.569454
0.415039 0.571878
0.416992 0.574299
0.418945 0.576716
0.420898 0.57913
0.422852 0.581541
0.424805 0.583948
0.426758 0.586352
0.428711 0.588752
0.430664 0.591149
0.432617 0.593543
0.43457 0.595933
0.436523 0.598319
0.438477 0.600703
0.44043 0.603082
0.442383 0.605459
0.444336 0.607831
0.446289 0.6102
0.448242 0.612566
0.450195 0.614928
0.452148 0.617286
0.454102 0.619641
0.456055 0.621992
0.458008 0.624339
0.459961 0.626683
0.461914 0.629023
0.463867 0.63136
0.46582 0.633692
0.467773 0.636021
0.469727 0.638347
0.47168 0.640668
0.473633 0.642986
0.475586 0.645299
0.477539 0.647609
0.479492 0.649916
0.481445 0.652218
0.483398 0.654516
0.485352 0.656811
0.487305 0.659101
0.489258 0.661388
0.491211 0.663671
0.493164 0.665949
0.495117 0.668224
0.49707 0.670494
0.499023 0.672761
0.500977 0.675024
0.50293 0.677282
0.504883 0.679536
0.506836 0.681786
0.508789 0.684032
0.510742 0.686274
0.512695 0.688512
0.514648 0.690745
0.516602 0.692975
0.518555 0.695199
0.520508 0.69742
0.522461 0.699636
0.524414 0.701848
0.526367 0.704056
0.52832 0.706259
0.530273 0.708458
0.532227 0.710653
0.53418 0.712842
0.536133 0.715028
0.538086 0.717209
0.540039 0.719385
0.541992 0.721557
0.543945 0.723725
0.545898 0.725887
0.547852 0.728045
0.549805 0.730199
0.551758 0.732348
0.553711 0.734492
0.555664 0.736631
0.557617 0.738766
0.55957 0.740895
0.561523 0.74302
0.563477 0.745141
0.56543 0.747256
0.567383 0.749366
0.569336 0.751472
0.571289 0.753572
0.573242 0.755667
0.575195 0.757758
0.577148 0.759843
0.579102 0.761924
0.581055 0.763999
0.583008 0.766069
0.584961 0.768134
0.586914 0.770194
0.588867 0.772248
0.59082 0.774297
0.592773 0.776341
0.594727 0.77838
0.59668 0.780413
0.598633 0.782441
0.600586 0.784463
0.602539 0.78648
0.604492 0.788492
0.606445 0.790498
0.608398 0.792498
0.610352 0.794493
0.612305 0.796482
0.614258 0.798465
0.616211 0.800443
0.618164 0.802415
0.620117 0.804381
0.62207 0.806342
0.624023 0.808296
0.625977 0.810245
0.62793 0.812187
0.629883 0.814124
0.631836 0.816055
0.633789 0.817979
0.635742 0.819898
0.637695 0.82181
0.639648 0.823716
0.641602 0.825616
0.643555 0.82751
0.645508 0.829397
0.647461 0.831278
0.649414 0.833153
0.651367 0.835021
0.65332 0.836883
0.655273 0.838738
0.657227 0.840587
0.65918 0.842429
0.661133 0.844264
0.663086 0.846092
0.665039 0.847914
0.666992 0.849729
0.668945 0.851537
0.670898 0.853338
0.672852 0.855132
0.674805 0.856919
0.676758 0.858699
0.678711 0.860472
0.680664 0.862238
0.682617 0.863997
0.68457 0.865748
0.686523 0.867492
0.688477 0.869228
0.69043 0.870957
0.692383 0.872678
0.694336 0.874392
0.696289 0.876098
0.698242 0.877797
0.700195 0.879488
0.702148 0.881171
0.704102 0.882846
0.706055 0.884513
0.708008 0.886172
0.709961 0.887823
0.711914 0.889466
0.713867 0.8911
0.71582 0.892726
0.717773 0.894344
0.719727 0.895954
0.72168 0.897555
0.723633 0.899147
0.725586 0.900731
0.727539 0.902306
0.729492 0.903873
0.731445 0.90543
0.733398 0.906979
0.735352 0.908518
0.737305 0.910049
0.739258 0.91157
0.741211 0.913082
0.743164 0.914584
0.745117 0.916078
0.74707 0.917561
0.749023 0.919035
0.750977 0.9205
0.75293 0.921954
0.754883 0.923399
0.756836 0.924834
0.758789 0.926258
0.760742 0.927673
0.762695 0.929077
0.764648 0.930471
0.766602 0.931854
0.768555 0.933227
0.770508 0.934589
0.772461 0.935941
0.774414 0.937281
0.776367 0.938611
0.77832 0.939929
0.780273 0.941237
0.782227 0.942533
0.78418 0.943817
0.786133 0.94509
0.788086 0.946352
0.790039 0.947601
0.791992 0.948839
0.793945 0.950064
0.795898 0.951277
0.797852 0.952478
0.799805 0.953667
0.801758 0.954843
0.803711 0.956006
0.805664 0.957156
0.807617 0.958294
0.80957 0.959418
0.811523 0.960529
0.813477 0.961626
0.81543 0.96271
0.817383 0.96378
0.819336 0.964836
0.821289 0.965878
0.823242 0.966906
0.825195 0.967919
0.827148 0.968918
0.829102 0.969901
0.831055 0.97087
0.833008 0.971824
0.834961 0.972762
0.836914 0.973685
0.838867 0.974592
0.84082 0.975483
0.842773 0.976358
0.844727 0.977216
0.84668 0.978058
0.848633 0.978883
0.850586 0.979691
0.852539 0.980481
0.854492 0.981254
0.856445 0.98201
0.858398 0.982747
0.860352 0.983466
0.862305 0.984167
0.864258 0.984849
0.866211 0.985511
0.868164 0.986155
0.870117 0.986778
0.87207 0.987382
0.874023 0.987965
0.875977 0.988528
0.87793 0.98907
0.879883 0.989591
0.881836 0.990091
0.883789 0.990568
0.885742 0.991023
0.887695 0.991456
0.889648 0.991866
0.891602 0.992252
0.893555 0.992615
0.895508 0.992953
0.897461 0.993267
0.899414 0.993556
0.901367 0.993819
0.90332 0.994057
0.905273 0.994268
0.907227 0.994452
0.90918 0.994609
0.911133 0.994738
0.913086 0.994839
0.915039 0.994911
0.916992 0.994953
0.918945 0.994965
0.920898 0.994946
0.922852 0.994896
0.924805 0.994814
0.926758 0.994699
0.928711 0.994551
0.930664 0.994369
0.932617 0.994152
0.93457 0.9939
0.936523 0.993611
0.938477 0.993284
0.94043 0.99292
0.942383 0.992516
0.944336 0.992073
0.946289 0.991589
0.948242 0.991062
0.950195 0.990493
0.952148 0.989879
0.954102 0.98922
0.956055 0.988514
0.958008 0.987761
0.959961 0.986958
0.961914 0.986105
0.963867 0.9852
0.96582 0.984241
0.967773 0.983227
0.969727 0.982156
0.97168 0.981026
0.973633 0.979836
0.975586 0.978583
0.977539 0.977265
0.979492 0.97588
0.981445 0.974426
0.983398 0.9729
0.985352 0.971299
0.987305 0.969621
0.989258 0.967862
0.991211 0.966012
0.993164 0.963888
0.995117 0.956879
0.99707 0.878718
0.999023 0.435237
1 0
