0 0
0.000976562 0.00140225
0.00292969 0.00420672
0.00488281 0.00701112
0.00683594 0.00981539
0.00878906 0.0126195
0.0107422 0.0154233
0.0126953 0.0182269
0.0146484 0.0210302
0.0166016 0.0238331
0.0185547 0.0266355
0.0205078 0.0294375
0.0224609 0.032239
0.0244141 0.0350399
0.0263672 0.0378401
0.0283203 0.0406398
0.0302734 0.0434387
0.0322266 0.0462368
0.0341797 0.0490342
0.0361328 0.0518308
0.0380859 0.0546265
0.0400391 0.0574212
0.0419922 0.060215
0.0439453 0.0630079
0.0458984 0.0657997
0.0478516 0.0685904
0.0498047 0.0713801
0.0517578 0.0741686
0.0537109 0.076956
0.0556641 0.0797422
0.0576172 0.0825272
0.0595703 0.0853109
0.0615234 0.0880933
0.0634766 0.0908745
0.0654297 0.0936543
0.0673828 0.0964328
0.0693359 0.0992099
0.0712891 0.101986
0.0732422 0.10476
0.0751953 0.107533
0.0771484 0.110304
0.0791016 0.113074
0.0810547 0.115843
0.0830078 0.118609
0.0849609 0.121375
0.0869141 0.124139
0.0888672 0.126901
0.0908203 0.129662
0.0927734 0.132421
0.0947266 0.135178
0.0966797 0.137934
0.0986328 0.140689
0.100586 0.143441
0.102539 0.146192
0.104492 0.148942
0.106445 0.151689
0.108398 0.154436
0.110352 0.15718
0.112305 0.159923
0.114258 0.162664
0.116211 0.165403
0.118164 0.16814
0.120117 0.170876
0.12207 0.17361
0.124023 0.176342
0.125977 0.179073
0.12793 0.181802
0.129883 0.184529
0.131836 0.187254
0.133789 0.189978
0.135742 0.192699
0.137695 0.195419
0.139648 0.198137
0.141602 0.200854
0.143555 0.203568
0.145508 0.206281
0.147461 0.208992
0.149414 0.211701
0.151367 0.214408
0.15332 0.217113
0.155273 0.219817
0.157227 0.222519
0.15918 0.225218
0.161133 0.227916
0.163086 0.230612
0.165039 0.233307
0.166992 0.235999
0.168945 0.238689
0.170898 0.241378
0.172852 0.244064
0.174805 0.246749
0.176758 0.249432
0.178711 0.252113
0.180664 0.254792
0.182617 0.257469
0.18457 0.260144
0.186523 0.262817
0.188477 0.265488
0.19043 0.268157
0.192383 0.270824
0.194336 0.273489
0.196289 0.276153
0.198242 0.278814
0.200195 0.281473
0.202148 0.28413
0.204102 0.286786
0.206055 0.289439
0.208008 0.29209
0.209961 0.294739
0.211914 0.297387
0.213867 0.300032
0.21582 0.302675
0.217773 0.305316
0.219727 0.307955
0.22168 0.310592
0.223633 0.313226
0.225586 0.315859
0.227539 0.31849
0.229492 0.321118
0.231445 0.323745
0.233398 0.326369
0.235352 0.328991
0.237305 0.331611
0.239258 0.334229
0.241211 0.336845
0.243164 0.339459
0.245117 0.34207
0.24707 0.34468
0.249023 0.347287
0.250977 0.349892
0.25293 0.352495
0.254883 0.355095
0.256836 0.357694
0.258789 0.36029
0.260742 0.362884
0.262695 0.365475
0.264648 0.368065
0.266602 0.370652
0.268555 0.373237
0.270508 0.37582
0.272461 0.3784
0.274414 0.380979
0.276367 0.383555
0.27832 0.386128
0.280273 0.3887
0.282227 0.391269
0.28418 0.393835
0.286133 0.3964
0.288086 0.398962
0.290039 0.401521
0.291992 0.404079
0.293945 0.406634
0.295898 0.409186
0.297852 0.411737
0.299805 0.414285
0.301758 0.41683
0.303711 0.419373
0.305664 0.421914
0.307617 0.424452
0.30957 0.426988
0.311523 0.429521
0.313477 0.432052
0.31543 0.434581
0.317383 0.437107
0.319336 0.43963
0.321289 0.442151
0.323242 0.44467
0.325195 0.447186
0.327148 0.449699
0.329102 0.45221
0.331055 0.454718
0.333008 0.457224
0.334961 0.459728
0.336914 0.462228
0.338867 0.464727
0.34082 0.467222
0.342773 0.469715
0.344727 0.472206
0.34668 0.474693
0.348633 0.477179
0.350586 0.479661
0.352539 0.482141
0.354492 0.484618
0.356445 0.487093
0.358398 0.489564
0.360352 0.492034
0.362305 0.4945
0.364258 0.496964
0.366211 0.499425
0.368164 0.501883
0.370117 0.504339
0.37207 0.506791
0.374023 0.509241
0.375977 0.511689
0.37793 0.514133
0.379883 0.516575
0.381836 0.519013
0.383789 0.521449
0.385742 0.523883
0.387695 0.526313
0.389648 0.52874
0.391602 0.531165
0.393555 0.533586
0.395508 0.536005
0.397461 0.538421
0.399414 0.540834
0.401367 0.543244
0.40332 0.545651
0.405273 0.548055
0.407227 0.550456
0.40918 0.552854
0.411133 0.555249
0.413086 0.557641
0.415039 0.56003
0.416992 0.562416
0.418945 0.564799
0.420898 0.567179
0.422852 0.569556
0.424805 0.571929
0.426758 0.5743
0.428711 0.576667
0.430664 0.579032
0.432617 0.581393
0.43457 0.583751
0.436523 0.586105
0.438477 0.588457
0.44043 0.590805
0.442383 0.593151
0.444336 0.595493
0.446289 0.597831
0.448242 0.600167
0.450195 0.602499
0.452148 0.604827
0.454102 0.607153
0.456055 0.609475
0.458008 0.611794
0.459961 0.614109
0.461914 0.616421
0.463867 0.61873
0.46582 0.621035
0.467773 0.623337
0.469727 0.625635
0.47168 0.62793
0.473633 0.630222
0.475586 0.63251
0.477539 0.634794
0.479492 0.637075
0.481445 0.639352
0.483398 0.641626
0.485352 0.643896
0.487305 0.646163
0.489258 0.648426
0.491211 0.650685
0.493164 0.652941
0.495117 0.655193
0.49707 0.657442
0.499023 0.659686
0.500977 0.661927
0.50293 0.664164
0.504883 0.666398
0.506836 0.668627
0.508789 0.670853
0.510742 0.673075
0.512695 0.675293
0.514648 0.677508
0.516602 0.679718
0.518555 0.681924
0.520508 0.684127
0.522461 0.686326
0.524414 0.68852
0.526367 0.690711
0.52832 0.692898
0.530273 0.69508
0.532227 0.697259
0.53418 0.699433
0.536133 0.701604
0.538086 0.70377
0.540039 0.705932
0.541992 0.708091
0.543945 0.710244
0.545898 0.712394
0.547852 0.714539
0.549805 0.716681
0.551758 0.718818
0.553711 0.72095
0.555664 0.723078
0.557617 0.725202
0.55957 0.727322
0.561523 0.729437
0.563477 0.731548
0.56543 0.733654
0.567383 0.735756
0.569336 0.737853
0.571289 0.739946
0.573242 0.742034
0.575195 0.744118
0.577148 0.746197
0.579102 0.748271
0.581055 0.750341
0.583008 0.752406
0.584961 0.754467
0.586914 0.756522
0.588867 0.758573
0.59082 0.760619
0.592773 0.762661
0.594727 0.764697
0.59668 0.766729
0.598633 0.768755
0.600586 0.770777
0.602539 0.772794
0.604492 0.774805
0.606445 0.776812
0.608398 0.778814
0.610352 0.78081
0.612305 0.782802
0.614258 0.784788
0.616211 0.786769
0.618164 0.788745
0.620117 0.790715
0.62207 0.792681
0.624023 0.794641
0.625977 0.796595
0.62793 0.798544
0.629883 0.800488
0.631836 0.802426
0.633789 0.804359
0.635742 0.806286
0.637695 0.808208
0.639648 0.810124
0.641602 0.812034
0.643555 0.813939
0.645508 0.815838
0.647461 0.817731
0.649414 0.819619
0.651367 0.8215
0.65332 0.823376
0.655273 0.825246
0.657227 0.82711
0.65918 0.828967
0.661133 0.830819
0.663086 0.832665
0.665039 0.834504
0.666992 0.836338
0.668945 0.838165
0.670898 0.839986
0.672852 0.8418
0.674805 0.843608
0.676758 0.84541
0.678711 0.847205
0.680664 0.848994
0.682617 0.850777
0.68457 0.852552
0.686523 0.854321
0.688477 0.856084
0.69043 0.857839
0.692383 0.859588
0.694336 0.86133
0.696289 0.863065
0.698242 0.864793
0.700195 0.866514
0.702148 0.868229
0.704102 0.869935
0.706055 0.871635
0.708008 0.873328
0.709961 0.875013
0.711914 0.876691
0.713867 0.878362
0.71582 0.880025
0.717773 0.88168
0.719727 0.883328
0.72168 0.884969
0.723633 0.886601
0.725586 0.888226
0.727539 0.889843
0.729492 0.891452
0.731445 0.893053
0.733398 0.894647
0.735352 0.896232
0.737305 0.897808
0.739258 0.899377
0.741211 0.900937
0.743164 0.902489
0.745117 0.904033
0.74707 0.905568
0.749023 0.907094
0.750977 0.908612
0.75293 0.910121
0.754883 0.911621
0.756836 0.913112
0.758789 0.914594
0.760742 0.916067
0.762695 0.917531
0.764648 0.918985
0.766602 0.920431
0.768555 0.921867
0.770508 0.923293
0.772461 0.92471
0.774414 0.926117
0.776367 0.927514
0.77832 0.928901
0.780273 0.930278
0.782227 0.931646
0.78418 0.933003
0.786133 0.934349
0.788086 0.935686
0.790039 0.937012
0.791992 0.938327
0.793945 0.939631
0.795898 0.940925
0.797852 0.942208
0.799805 0.94348
0.801758 0.94474
0.803711 0.94599
0.805664 0.947227
0.807617 0.948454
0.80957 0.949668
0.811523 0.950871
0.813477 0.952062
0.81543 0.953241
0.817383 0.954408
0.819336 0.955562
0.821289 0.956704
0.823242 0.957834
0.825195 0.95895
0.827148 0.960054
0.829102 0.961145
0.831055 0.962222
0.833008 0.963286
0.834961 0.964337
0.836914 0.965374
0.838867 0.966397
0.84082 0.967406
0.842773 0.9684
0.844727 0.969381
0.84668 0.970347
0.848633 0.971298
0.850586 0.972234
0.852539 0.973155
0.854492 0.974061
0.856445 0.974951
0.858398 0.975826
0.860352 0.976684
0.862305 0.977526
0.864258 0.978352
0.866211 0.979162
0.868164 0.979954
0.870117 0.98073
0.87207 0.981488
0.874023 0.982229
0.875977 0.982951
0.87793 0.983656
0.879883 0.984342
0.881836 0.98501
0.883789 0.985659
0.885742 0.986288
0.887695 0.986898
0.889648 0.987489
0.891602 0.988059
0.893555 0.988609
0.895508 0.989138
0.897461 0.989646
0.899414 0.990132
0.901367 0.990597
0.90332 0.991039
0.905273 0.991459
0.907227 0.991856
0.90918 0.99223
0.911133 0.99258
0.913086 0.992906
0.915039 0.993207
0.916992 0.993483
0.918945 0.993734
0.920898 0.993959
0.922852 0.994157
0.924805 0.994328
0.926758 0.994472
0.928711 0.994587
0.930664 0.994674
0.932617 0.994732
0.93457 0.99476
0.936523 0.994758
0.938477 0.994724
0.94043 0.994659
0.942383 0.994561
0.944336 0.99443
0.946289 0.994265
0.948242 0.994066
0.950195 0.993831
0.952148 0.99356
0.954102 0.993251
0.956055 0.992905
0.958008 0.992519
0.959961 0.992093
0.961914 0.991627
0.963867 0.991118
0.96582 0.990566
0.967773 0.989969
0.969727 0.989327
0.97168 0.988638
0.973633 0.9879
0.975586 0.987113
0.977539 0.986275
0.979492 0.985384
0.981445 0.984438
0.983398 0.983436
0.985352 0.982376
0.987305 0.981257
0.989258 0.980075
0.991211 0.978825
0.993164 0.97739
0.995117 0.971925
0.99707 0.897852
0.999023 0.450005
1 0
