0 0
0.000976562 0.00135546
0.00292969 0.00406635
0.00488281 0.00677717
0.00683594 0.00948788
0.00878906 0.0121984
0.0107422 0.0149088
0.0126953 0.0176189
0.0146484 0.0203288
0.0166016 0.0230383
0.0185547 0.0257474
0.0205078 0.0284561
0.0224609 0.0311644
0.0244141 0.0338722
0.0263672 0.0365794
0.0283203 0.0392861
0.0302734 0.0419922
0.0322266 0.0446976
0.0341797 0.0474023
0.0361328 0.0501063
0.0380859 0.0528096
0.0400391 0.055512
0.0419922 0.0582136
0.0439453 0.0609144
0.0458984 0.0636143
0.0478516 0.0663132
0.0498047 0.0690112
0.0517578 0.0717082
0.0537109 0.0744042
0.0556641 0.0770991
0.0576172 0.079793
0.0595703 0.0824857
0.0615234 0.0851774
0.0634766 0.0878679
0.0654297 0.0905572
0.0673828 0.0932454
0.0693359 0.0959323
0.0712891 0.098618
0.0732422 0.101302
0.0751953 0.103986
0.0771484 0.106668
0.0791016 0.109348
0.0810547 0.112027
0.0830078 0.114705
0.0849609 0.117382
0.0869141 0.120057
0.0888672 0.122731
0.0908203 0.125403
0.0927734 0.128074
0.0947266 0.130744
0.0966797 0.133412
0.0986328 0.136079
0.100586 0.138744
0.102539 0.141408
0.104492 0.14407
0.106445 0.146731
0.108398 0.14939
0.110352 0.152048
0.112305 0.154704
0.114258 0.157359
0.116211 0.160012
0.118164 0.162664
0.120117 0.165314
0.12207 0.167962
0.124023 0.17061
0.125977 0.173255
0.12793 0.175899
0.129883 0.178541
0.131836 0.181182
0.133789 0.183821
0.135742 0.186458
0.137695 0.189094
0.139648 0.191729
0.141602 0.194361
0.143555 0.196992
0.145508 0.199622
0.147461 0.202249
0.149414 0.204875
0.151367 0.2075
0.15332 0.210123
0.155273 0.212744
0.157227 0.215363
0.15918 0.217981
0.161133 0.220597
0.163086 0.223212
0.165039 0.225824
0.166992 0.228435
0.168945 0.231045
0.170898 0.233652
0.172852 0.236258
0.174805 0.238863
0.176758 0.241465
0.178711 0.244066
0.180664 0.246665
0.182617 0.249262
0.18457 0.251858
0.186523 0.254451
0.188477 0.257043
0.19043 0.259634
0.192383 0.262222
0.194336 0.264809
0.196289 0.267394
0.198242 0.269977
0.200195 0.272558
0.202148 0.275138
0.204102 0.277716
0.206055 0.280292
0.208008 0.282866
0.209961 0.285438
0.211914 0.288009
0.213867 0.290577
0.21582 0.293144
0.217773 0.295709
0.219727 0.298272
0.22168 0.300834
0.223633 0.303393
0.225586 0.305951
0.227539 0.308506
0.229492 0.31106
0.231445 0.313612
0.233398 0.316162
0.235352 0.31871
0.237305 0.321256
0.239258 0.323801
0.241211 0.326343
0.243164 0.328883
0.245117 0.331422
0.24707 0.333958
0.249023 0.336493
0.250977 0.339026
0.25293 0.341556
0.254883 0.344085
0.256836 0.346612
0.258789 0.349137
0.260742 0.351659
0.262695 0.35418
0.264648 0.356699
0.266602 0.359216
0.268555 0.36173
0.270508 0.364243
0.272461 0.366754
0.274414 0.369263
0.276367 0.371769
0.27832 0.374274
0.280273 0.376776
0.282227 0.379277
0.28418 0.381775
0.286133 0.384271
0.288086 0.386765
0.290039 0.389258
0.291992 0.391748
0.293945 0.394235
0.295898 0.396721
0.297852 0.399205
0.299805 0.401686
0.301758 0.404166
0.303711 0.406643
0.305664 0.409118
0.307617 0.411591
0.30957 0.414061
0.311523 0.41653
0.313477 0.418996
0.31543 0.42146
0.317383 0.423922
0.319336 0.426382
0.321289 0.428839
0.323242 0.431294
0.325195 0.433747
0.327148 0.436198
0.329102 0.438647
0.331055 0.441093
0.333008 0.443537
0.334961 0.445978
0.336914 0.448418
0.338867 0.450855
0.34082 0.45329
0.342773 0.455722
0.344727 0.458152
0.34668 0.46058
0.348633 0.463005
0.350586 0.465428
0.352539 0.467849
0.354492 0.470267
0.356445 0.472683
0.358398 0.475097
0.360352 0.477508
0.362305 0.479916
0.364258 0.482323
0.366211 0.484726
0.368164 0.487128
0.370117 0.489527
0.37207 0.491923
0.374023 0.494317
0.375977 0.496709
0.37793 0.499098
0.379883 0.501484
0.381836 0.503868
0.383789 0.50625
0.385742 0.508629
0.387695 0.511005
0.389648 0.513379
0.391602 0.51575
0.393555 0.518119
0.395508 0.520485
0.397461 0.522849
0.399414 0.52521
0.401367 0.527568
0.40332 0.529924
0.405273 0.532277
0.407227 0.534627
0.40918 0.536975
0.411133 0.53932
0.413086 0.541662
0.415039 0.544002
0.416992 0.546339
0.418945 0.548673
0.420898 0.551005
0.422852 0.553333
0.424805 0.555659
0.426758 0.557983
0.428711 0.560303
0.430664 0.562621
0.432617 0.564935
0.43457 0.567247
0.436523 0.569557
0.438477 0.571863
0.44043 0.574167
0.442383 0.576467
0.444336 0.578765
0.446289 0.58106
0.448242 0.583352
0.450195 0.585641
0.452148 0.587927
0.454102 0.59021
0.456055 0.59249
0.458008 0.594767
0.459961 0.597042
0.461914 0.599313
0.463867 0.601581
0.46582 0.603846
0.467773 0.606108
0.469727 0.608367
0.47168 0.610623
0.473633 0.612876
0.475586 0.615126
0.477539 0.617373
0.479492 0.619616
0.481445 0.621857
0.483398 0.624094
0.485352 0.626328
0.487305 0.628559
0.489258 0.630787
0.491211 0.633011
0.493164 0.635232
0.495117 0.63745
0.49707 0.639665
0.499023 0.641876
0.500977 0.644084
0.50293 0.646289
0.504883 0.648491
0.506836 0.650689
0.508789 0.652884
0.510742 0.655075
0.512695 0.657263
0.514648 0.659447
0.516602 0.661629
0.518555 0.663806
0.520508 0.66598
0.522461 0.668151
0.524414 0.670318
0.526367 0.672482
0.52832 0.674642
0.530273 0.676799
0.532227 0.678952
0.53418 0.681101
0.536133 0.683247
0.538086 0.685389
0.540039 0.687527
0.541992 0.689662
0.543945 0.691793
0.545898 0.693921
0.547852 0.696044
0.549805 0.698164
0.551758 0.700281
0.553711 0.702393
0.555664 0.704501
0.557617 0.706606
0.55957 0.708707
0.561523 0.710804
0.563477 0.712897
0.56543 0.714986
0.567383 0.717072
0.569336 0.719153
0.571289 0.72123
0.573242 0.723303
0.575195 0.725373
0.577148 0.727438
0.579102 0.729499
0.581055 0.731556
0.583008 0.733609
0.584961 0.735658
0.586914 0.737702
0.588867 0.739743
0.59082 0.741779
0.592773 0.743811
0.594727 0.745838
0.59668 0.747862
0.598633 0.749881
0.600586 0.751896
0.602539 0.753906
0.604492 0.755912
0.606445 0.757914
0.608398 0.759911
0.610352 0.761903
0.612305 0.763891
0.614258 0.765875
0.616211 0.767854
0.618164 0.769829
0.620117 0.771799
0.62207 0.773764
0.624023 0.775724
0.625977 0.77768
0.62793 0.779631
0.629883 0.781578
0.631836 0.783519
0.633789 0.785456
0.635742 0.787388
0.637695 0.789315
0.639648 0.791237
0.641602 0.793154
0.643555 0.795067
0.645508 0.796974
0.647461 0.798876
0.649414 0.800773
0.651367 0.802665
0.65332 0.804552
0.655273 0.806434
0.657227 0.80831
0.65918 0.810182
0.661133 0.812048
0.663086 0.813908
0.665039 0.815764
0.666992 0.817614
0.668945 0.819458
0.670898 0.821297
0.672852 0.823131
0.674805 0.824959
0.676758 0.826781
0.678711 0.828598
0.680664 0.830409
0.682617 0.832215
0.68457 0.834015
0.686523 0.835809
0.688477 0.837597
0.69043 0.839379
0.692383 0.841156
0.694336 0.842926
0.696289 0.844691
0.698242 0.846449
0.700195 0.848201
0.702148 0.849948
0.704102 0.851688
0.706055 0.853422
0.708008 0.855149
0.709961 0.856871
0.711914 0.858586
0.713867 0.860294
0.71582 0.861996
0.717773 0.863692
0.719727 0.865381
0.72168 0.867064
0.723633 0.868739
0.725586 0.870409
0.727539 0.872071
0.729492 0.873726
0.731445 0.875375
0.733398 0.877017
0.735352 0.878652
0.737305 0.880279
0.739258 0.8819
0.741211 0.883513
0.743164 0.88512
0.745117 0.886719
0.74707 0.88831
0.749023 0.889895
0.750977 0.891471
0.75293 0.893041
0.754883 0.894602
0.756836 0.896156
0.758789 0.897703
0.760742 0.899241
0.762695 0.900772
0.764648 0.902294
0.766602 0.903809
0.768555 0.905316
0.770508 0.906814
0.772461 0.908305
0.774414 0.909787
0.776367 0.91126
0.77832 0.912725
0.780273 0.914182
0.782227 0.91563
0.78418 0.91707
0.786133 0.9185
0.788086 0.919922
0.790039 0.921335
0.791992 0.922739
0.793945 0.924133
0.795898 0.925519
0.797852 0.926895
0.799805 0.928262
0.801758 0.929619
0.803711 0.930967
0.805664 0.932305
0.807617 0.933634
0.80957 0.934952
0.811523 0.936261
0.813477 0.937559
0.81543 0.938847
0.817383 0.940125
0.819336 0.941393
0.821289 0.94265
0.823242 0.943897
0.825195 0.945132
0.827148 0.946357
0.829102 0.947571
0.831055 0.948774
0.833008 0.949966
0.834961 0.951146
0.836914 0.952315
0.838867 0.953472
0.84082 0.954617
0.842773 0.955751
0.844727 0.956873
0.84668 0.957982
0.848633 0.959079
0.850586 0.960164
0.852539 0.961236
0.854492 0.962295
0.856445 0.963342
0.858398 0.964375
0.860352 0.965396
0.862305 0.966402
0.864258 0.967395
0.866211 0.968375
0.868164 0.96934
0.870117 0.970292
0.87207 0.971229
0.874023 0.972152
0.875977 0.97306
0.87793 0.973953
0.879883 0.974831
0.881836 0.975694
0.883789 0.976541
0.885742 0.977373
0.887695 0.978188
0.889648 0.978988
0.891602 0.979771
0.893555 0.980537
0.895508 0.981287
0.897461 0.982019
0.899414 0.982734
0.901367 0.983432
0.90332 0.984111
0.905273 0.984772
0.907227 0.985415
0.90918 0.986039
0.911133 0.986644
0.913086 0.987229
0.915039 0.987795
0.916992 0.988341
0.918945 0.988866
0.920898 0.989371
0.922852 0.989854
0.924805 0.990316
0.926758 0.990757
0.928711 0.991175
0.930664 0.99157
0.932617 0.991943
0.93457 0.992291
0.936523 0.992616
0.938477 0.992917
0.94043 0.993193
0.942383 0.993444
0.944336 0.993668
0.946289 0.993867
0.948242 0.994038
0.950195 0.994183
0.952148 0.994299
0.954102 0.994387
0.956055 0.994445
0.958008 0.994474
0.959961 0.994472
0.961914 0.994439
0.963867 0.994374
0.96582 0.994277
0.967773 0.994146
0.969727 0.993981
0.97168 0.993781
0.973633 0.993545
0.975586 0.993273
0.977539 0.992962
0.979492 0.992613
0.981445 0.992224
0.983398 0.991795
0.985352 0.991323
0.987305 0.990808
0.989258 0.990249
0.991211 0.989643
0.993164 0.988919
0.995117 0.98488
0.99707 0.91459
0.999023 0.463343
1 0
