0 0
0.000976562 0.00134239
0.00292969 0.00402715
0.00488281 0.00671185
0.00683594 0.00939645
0.00878906 0.0120809
0.0107422 0.0147651
0.0126953 0.0174492
0.0146484 0.0201329
0.0166016 0.0228164
0.0185547 0.0254994
0.0205078 0.0281821
0.0224609 0.0308644
0.0244141 0.0335462
0.0263672 0.0362274
0.0283203 0.0389081
0.0302734 0.0415883
0.0322266 0.0442678
0.0341797 0.0469466
0.0361328 0.0496248
0.0380859 0.0523022
0.0400391 0.0549788
0.0419922 0.0576547
0.0439453 0.0603297
0.0458984 0.0630039
0.0478516 0.0656771
0.0498047 0.0683495
0.0517578 0.0710209
0.0537109 0.0736913
0.0556641 0.0763607
0.0576172 0.0790291
0.0595703 0.0816965
0.0615234 0.0843627
0.0634766 0.0870279
0.0654297 0.0896919
0.0673828 0.0923548
0.0693359 0.0950165
0.0712891 0.097677
0.0732422 0.100336
0.0751953 0.102994
0.0771484 0.105651
0.0791016 0.108307
0.0810547 0.110961
0.0830078 0.113614
0.0849609 0.116266
0.0869141 0.118916
0.0888672 0.121565
0.0908203 0.124213
0.0927734 0.126859
0.0947266 0.129504
0.0966797 0.132148
0.0986328 0.13479
0.100586 0.13743
0.102539 0.14007
0.104492 0.142708
0.106445 0.145344
0.108398 0.147979
0.110352 0.150613
0.112305 0.153245
0.114258 0.155875
0.116211 0.158504
0.118164 0.161132
0.120117 0.163758
0.12207 0.166383
0.124023 0.169006
0.125977 0.171627
0.12793 0.174247
0.129883 0.176866
0.131836 0.179483
0.133789 0.182098
0.135742 0.184712
0.137695 0.187324
0.139648 0.189935
0.141602 0.192544
0.143555 0.195152
0.145508 0.197758
0.147461 0.200362
0.149414 0.202965
0.151367 0.205566
0.15332 0.208166
0.155273 0.210764
0.157227 0.21336
0.15918 0.215955
0.161133 0.218548
0.163086 0.221139
0.165039 0.223729
0.166992 0.226317
0.168945 0.228904
0.170898 0.231489
0.172852 0.234072
0.174805 0.236654
0.176758 0.239233
0.178711 0.241812
0.180664 0.244388
0.182617 0.246963
0.18457 0.249536
0.186523 0.252108
0.188477 0.254677
0.19043 0.257246
0.192383 0.259812
0.194336 0.262376
0.196289 0.264939
0.198242 0.267501
0.200195 0.27006
0.202148 0.272618
0.204102 0.275174
0.206055 0.277728
0.208008 0.28028
0.209961 0.282831
0.211914 0.28538
0.213867 0.287927
0.21582 0.290472
0.217773 0.293016
0.219727 0.295557
0.22168 0.298097
0.223633 0.300635
0.225586 0.303172
0.227539 0.305706
0.229492 0.308239
0.231445 0.31077
0.233398 0.313299
0.235352 0.315826
0.237305 0.318351
0.239258 0.320875
0.241211 0.323396
0.243164 0.325916
0.245117 0.328434
0.24707 0.33095
0.249023 0.333464
0.250977 0.335976
0.25293 0.338486
0.254883 0.340995
0.256836 0.343501
0.258789 0.346006
0.260742 0.348508
0.262695 0.351009
0.264648 0.353508
0.266602 0.356004
0.268555 0.358499
0.270508 0.360992
0.272461 0.363483
0.274414 0.365972
0.276367 0.368459
0.27832 0.370944
0.280273 0.373427
0.282227 0.375908
0.28418 0.378387
0.286133 0.380864
0.288086 0.383339
0.290039 0.385811
0.291992 0.388282
0.293945 0.390751
0.295898 0.393218
0.297852 0.395682
0.299805 0.398145
0.301758 0.400605
0.303711 0.403064
0.305664 0.40552
0.307617 0.407974
0.30957 0.410427
0.311523 0.412877
0.313477 0.415325
0.31543 0.41777
0.317383 0.420214
0.319336 0.422655
0.321289 0.425095
0.323242 0.427532
0.325195 0.429967
0.327148 0.4324
0.329102 0.43483
0.331055 0.437259
0.333008 0.439685
0.334961 0.442109
0.336914 0.444531
0.338867 0.44695
0.34082 0.449367
0.342773 0.451783
0.344727 0.454195
0.34668 0.456606
0.348633 0.459014
0.350586 0.46142
0.352539 0.463824
0.354492 0.466225
0.356445 0.468624
0.358398 0.471021
0.360352 0.473415
0.362305 0.475808
0.364258 0.478197
0.366211 0.480585
0.368164 0.48297
0.370117 0.485352
0.37207 0.487733
0.374023 0.490111
0.375977 0.492486
0.37793 0.494859
0.379883 0.49723
0.381836 0.499598
0.383789 0.501964
0.385742 0.504327
0.387695 0.506688
0.389648 0.509046
0.391602 0.511402
0.393555 0.513756
0.395508 0.516107
0.397461 0.518455
0.399414 0.520801
0.401367 0.523144
0.40332 0.525485
0.405273 0.527823
0.407227 0.530159
0.40918 0.532492
0.411133 0.534822
0.413086 0.53715
0.415039 0.539476
0.416992 0.541798
0.418945 0.544118
0.420898 0.546436
0.422852 0.54875
0.424805 0.551063
0.426758 0.553372
0.428711 0.555679
0.430664 0.557983
0.432617 0.560284
0.43457 0.562582
0.436523 0.564878
0.438477 0.567171
0.44043 0.569462
0.442383 0.571749
0.444336 0.574034
0.446289 0.576316
0.448242 0.578595
0.450195 0.580871
0.452148 0.583145
0.454102 0.585416
0.456055 0.587683
0.458008 0.589948
0.459961 0.59221
0.461914 0.594469
0.463867 0.596726
0.46582 0.598979
0.467773 0.601229
0.469727 0.603477
0.47168 0.605721
0.473633 0.607962
0.475586 0.610201
0.477539 0.612436
0.479492 0.614669
0.481445 0.616898
0.483398 0.619124
0.485352 0.621347
0.487305 0.623568
0.489258 0.625785
0.491211 0.627999
0.493164 0.630209
0.495117 0.632417
0.49707 0.634621
0.499023 0.636823
0.500977 0.639021
0.50293 0.641216
0.504883 0.643408
0.506836 0.645596
0.508789 0.647781
0.510742 0.649963
0.512695 0.652142
0.514648 0.654317
0.516602 0.656489
0.518555 0.658658
0.520508 0.660824
0.522461 0.662986
0.524414 0.665144
0.526367 0.667299
0.52832 0.669451
0.530273 0.6716
0.532227 0.673745
0.53418 0.675886
0.536133 0.678024
0.538086 0.680158
0.540039 0.682289
0.541992 0.684417
0.543945 0.68654
0.545898 0.688661
0.547852 0.690777
0.549805 0.69289
0.551758 0.695
0.553711 0.697105
0.555664 0.699207
0.557617 0.701306
0.55957 0.7034
0.561523 0.705491
0.563477 0.707578
0.56543 0.709662
0.567383 0.711741
0.569336 0.713817
0.571289 0.715889
0.573242 0.717957
0.575195 0.720021
0.577148 0.722081
0.579102 0.724138
0.581055 0.72619
0.583008 0.728238
0.584961 0.730283
0.586914 0.732323
0.588867 0.73436
0.59082 0.736392
0.592773 0.73842
0.594727 0.740444
0.59668 0.742464
0.598633 0.74448
0.600586 0.746491
0.602539 0.748499
0.604492 0.750502
0.606445 0.752501
0.608398 0.754495
0.610352 0.756486
0.612305 0.758472
0.614258 0.760453
0.616211 0.76243
0.618164 0.764403
0.620117 0.766372
0.62207 0.768336
0.624023 0.770295
0.625977 0.77225
0.62793 0.7742
0.629883 0.776146
0.631836 0.778087
0.633789 0.780024
0.635742 0.781956
0.637695 0.783883
0.639648 0.785805
0.641602 0.787723
0.643555 0.789636
0.645508 0.791544
0.647461 0.793447
0.649414 0.795345
0.651367 0.797239
0.65332 0.799127
0.655273 0.801011
0.657227 0.802889
0.65918 0.804763
0.661133 0.806631
0.663086 0.808495
0.665039 0.810353
0.666992 0.812206
0.668945 0.814054
0.670898 0.815896
0.672852 0.817733
0.674805 0.819565
0.676758 0.821392
0.678711 0.823213
0.680664 0.825029
0.682617 0.826839
0.68457 0.828644
0.686523 0.830443
0.688477 0.832237
0.69043 0.834025
0.692383 0.835807
0.694336 0.837584
0.696289 0.839355
0.698242 0.84112
0.700195 0.842879
0.702148 0.844633
0.704102 0.84638
0.706055 0.848122
0.708008 0.849857
0.709961 0.851587
0.711914 0.85331
0.713867 0.855027
0.71582 0.856738
0.717773 0.858443
0.719727 0.860142
0.72168 0.861834
0.723633 0.86352
0.725586 0.865199
0.727539 0.866872
0.729492 0.868538
0.731445 0.870198
0.733398 0.871851
0.735352 0.873498
0.737305 0.875138
0.739258 0.87677
0.741211 0.878396
0.743164 0.880016
0.745117 0.881628
0.74707 0.883233
0.749023 0.884831
0.750977 0.886422
0.75293 0.888006
0.754883 0.889582
0.756836 0.891151
0.758789 0.892713
0.760742 0.894267
0.762695 0.895814
0.764648 0.897353
0.766602 0.898885
0.768555 0.900409
0.770508 0.901925
0.772461 0.903433
0.774414 0.904933
0.776367 0.906425
0.77832 0.907909
0.780273 0.909386
0.782227 0.910853
0.78418 0.912313
0.786133 0.913764
0.788086 0.915207
0.790039 0.916641
0.791992 0.918066
0.793945 0.919483
0.795898 0.920891
0.797852 0.922291
0.799805 0.923681
0.801758 0.925062
0.803711 0.926434
0.805664 0.927797
0.807617 0.929151
0.80957 0.930495
0.811523 0.931829
0.813477 0.933154
0.81543 0.93447
0.817383 0.935775
0.819336 0.937071
0.821289 0.938357
0.823242 0.939632
0.825195 0.940898
0.827148 0.942153
0.829102 0.943397
0.831055 0.944631
0.833008 0.945855
0.834961 0.947067
0.836914 0.948269
0.838867 0.94946
0.84082 0.950639
0.842773 0.951807
0.844727 0.952964
0.84668 0.954109
0.848633 0.955243
0.850586 0.956365
0.852539 0.957475
0.854492 0.958572
0.856445 0.959658
0.858398 0.960731
0.860352 0.961791
0.862305 0.962839
0.864258 0.963874
0.866211 0.964896
0.868164 0.965905
0.870117 0.9669
0.87207 0.967882
0.874023 0.96885
0.875977 0.969805
0.87793 0.970745
0.879883 0.971671
0.881836 0.972583
0.883789 0.973479
0.885742 0.974361
0.887695 0.975229
0.889648 0.97608
0.891602 0.976917
0.893555 0.977737
0.895508 0.978542
0.897461 0.97933
0.899414 0.980102
0.901367 0.980858
0.90332 0.981597
0.905273 0.982318
0.907227 0.983022
0.90918 0.983708
0.911133 0.984377
0.913086 0.985027
0.915039 0.985659
0.916992 0.986272
0.918945 0.986865
0.920898 0.98744
0.922852 0.987994
0.924805 0.988529
0.926758 0.989043
0.928711 0.989536
0.930664 0.990008
0.932617 0.990458
0.93457 0.990887
0.936523 0.991293
0.938477 0.991676
0.94043 0.992037
0.942383 0.992373
0.944336 0.992686
0.946289 0.992974
0.948242 0.993237
0.950195 0.993475
0.952148 0.993687
0.954102 0.993872
0.956055 0.99403
0.958008 0.99416
0.959961 0.994262
0.961914 0.994336
0.963867 0.99438
0.96582 0.994393
0.967773 0.994376
0.969727 0.994327
0.97168 0.994246
0.973633 0.994132
0.975586 0.993984
0.977539 0.993802
0.979492 0.993584
0.981445 0.993329
0.983398 0.993037
0.985352 0.992707
0.987305 0.992337
0.989258 0.991927
0.991211 0.991473
0.993164 0.990914
0.995117 0.987169
0.99707 0.917619
0.999023 0.465822
1 0
