0 0
0.000976562 0.00129946
0.00292969 0.00389835
0.00488281 0.00649719
0.00683594 0.00909593
0.00878906 0.0116946
0.0107422 0.014293
0.0126953 0.0168913
0.0146484 0.0194893
0.0166016 0.022087
0.0185547 0.0246844
0.0205078 0.0272815
0.0224609 0.0298782
0.0244141 0.0324745
0.0263672 0.0350703
0.0283203 0.0376657
0.0302734 0.0402605
0.0322266 0.0428548
0.0341797 0.0454486
0.0361328 0.0480417
0.0380859 0.0506341
0.0400391 0.0532259
0.0419922 0.055817
0.0439453 0.0584074
0.0458984 0.060997
0.0478516 0.0635858
0.0498047 0.0661739
0.0517578 0.068761
0.0537109 0.0713474
0.0556641 0.0739328
0.0576172 0.0765173
0.0595703 0.0791009
0.0615234 0.0816836
0.0634766 0.0842652
0.0654297 0.0868459
0.0673828 0.0894255
0.0693359 0.0920041
0.0712891 0.0945817
0.0732422 0.0971582
0.0751953 0.0997336
0.0771484 0.102308
0.0791016 0.104881
0.0810547 0.107453
0.0830078 0.110024
0.0849609 0.112594
0.0869141 0.115162
0.0888672 0.117729
0.0908203 0.120296
0.0927734 0.12286
0.0947266 0.125424
0.0966797 0.127987
0.0986328 0.130548
0.100586 0.133108
0.102539 0.135666
0.104492 0.138224
0.106445 0.14078
0.108398 0.143334
0.110352 0.145888
0.112305 0.14844
0.114258 0.150991
0.116211 0.15354
0.118164 0.156088
0.120117 0.158635
0.12207 0.161181
0.124023 0.163725
0.125977 0.166267
0.12793 0.168809
0.129883 0.171348
0.131836 0.173887
0.133789 0.176424
0.135742 0.17896
0.137695 0.181494
0.139648 0.184027
0.141602 0.186559
0.143555 0.189089
0.145508 0.191617
0.147461 0.194145
0.149414 0.19667
0.151367 0.199195
0.15332 0.201718
0.155273 0.204239
0.157227 0.206759
0.15918 0.209277
0.161133 0.211794
0.163086 0.21431
0.165039 0.216824
0.166992 0.219337
0.168945 0.221848
0.170898 0.224357
0.172852 0.226866
0.174805 0.229372
0.176758 0.231877
0.178711 0.234381
0.180664 0.236883
0.182617 0.239384
0.18457 0.241883
0.186523 0.24438
0.188477 0.246876
0.19043 0.24937
0.192383 0.251863
0.194336 0.254355
0.196289 0.256844
0.198242 0.259333
0.200195 0.261819
0.202148 0.264304
0.204102 0.266788
0.206055 0.26927
0.208008 0.27175
0.209961 0.274229
0.211914 0.276706
0.213867 0.279181
0.21582 0.281655
0.217773 0.284128
0.219727 0.286598
0.22168 0.289067
0.223633 0.291535
0.225586 0.294001
0.227539 0.296465
0.229492 0.298927
0.231445 0.301388
0.233398 0.303847
0.235352 0.306305
0.237305 0.308761
0.239258 0.311215
0.241211 0.313668
0.243164 0.316118
0.245117 0.318568
0.24707 0.321015
0.249023 0.323461
0.250977 0.325905
0.25293 0.328347
0.254883 0.330788
0.256836 0.333227
0.258789 0.335664
0.260742 0.338099
0.262695 0.340533
0.264648 0.342965
0.266602 0.345395
0.268555 0.347824
0.270508 0.35025
0.272461 0.352675
0.274414 0.355098
0.276367 0.35752
0.27832 0.359939
0.280273 0.362357
0.282227 0.364773
0.28418 0.367187
0.286133 0.369599
0.288086 0.37201
0.290039 0.374419
0.291992 0.376825
0.293945 0.37923
0.295898 0.381633
0.297852 0.384035
0.299805 0.386434
0.301758 0.388832
0.303711 0.391227
0.305664 0.393621
0.307617 0.396013
0.30957 0.398403
0.311523 0.400791
0.313477 0.403178
0.31543 0.405562
0.317383 0.407944
0.319336 0.410325
0.321289 0.412703
0.323242 0.41508
0.325195 0.417455
0.327148 0.419827
0.329102 0.422198
0.331055 0.424567
0.333008 0.426933
0.334961 0.429298
0.336914 0.431661
0.338867 0.434022
0.34082 0.43638
0.342773 0.438737
0.344727 0.441092
0.34668 0.443445
0.348633 0.445795
0.350586 0.448144
0.352539 0.45049
0.354492 0.452835
0.356445 0.455177
0.358398 0.457518
0.360352 0.459856
0.362305 0.462192
0.364258 0.464526
0.366211 0.466858
0.368164 0.469188
0.370117 0.471516
0.37207 0.473841
0.374023 0.476164
0.375977 0.478486
0.37793 0.480805
0.379883 0.483122
0.381836 0.485437
0.383789 0.487749
0.385742 0.490059
0.387695 0.492368
0.389648 0.494674
0.391602 0.496977
0.393555 0.499279
0.395508 0.501578
0.397461 0.503875
0.399414 0.50617
0.401367 0.508462
0.40332 0.510752
0.405273 0.51304
0.407227 0.515326
0.40918 0.517609
0.411133 0.51989
0.413086 0.522169
0.415039 0.524445
0.416992 0.526719
0.418945 0.528991
0.420898 0.53126
0.422852 0.533527
0.424805 0.535791
0.426758 0.538054
0.428711 0.540313
0.430664 0.542571
0.432617 0.544825
0.43457 0.547078
0.436523 0.549328
0.438477 0.551575
0.44043 0.553821
0.442383 0.556063
0.444336 0.558303
0.446289 0.560541
0.448242 0.562776
0.450195 0.565009
0.452148 0.567239
0.454102 0.569466
0.456055 0.571691
0.458008 0.573913
0.459961 0.576133
0.461914 0.57835
0.463867 0.580565
0.46582 0.582777
0.467773 0.584986
0.469727 0.587193
0.47168 0.589397
0.473633 0.591599
0.475586 0.593798
0.477539 0.595994
0.479492 0.598187
0.481445 0.600378
0.483398 0.602566
0.485352 0.604751
0.487305 0.606933
0.489258 0.609113
0.491211 0.61129
0.493164 0.613464
0.495117 0.615636
0.49707 0.617804
0.499023 0.61997
0.500977 0.622133
0.50293 0.624293
0.504883 0.62645
0.506836 0.628605
0.508789 0.630756
0.510742 0.632905
0.512695 0.63505
0.514648 0.637193
0.516602 0.639333
0.518555 0.641469
0.520508 0.643603
0.522461 0.645734
0.524414 0.647862
0.526367 0.649986
0.52832 0.652108
0.530273 0.654227
0.532227 0.656343
0.53418 0.658455
0.536133 0.660564
0.538086 0.662671
0.540039 0.664774
0.541992 0.666874
0.543945 0.668971
0.545898 0.671065
0.547852 0.673155
0.549805 0.675243
0.551758 0.677327
0.553711 0.679408
0.555664 0.681485
0.557617 0.683559
0.55957 0.68563
0.561523 0.687698
0.563477 0.689763
0.56543 0.691824
0.567383 0.693881
0.569336 0.695936
0.571289 0.697987
0.573242 0.700034
0.575195 0.702078
0.577148 0.704119
0.579102 0.706156
0.581055 0.708189
0.583008 0.71022
0.584961 0.712246
0.586914 0.714269
0.588867 0.716289
0.59082 0.718304
0.592773 0.720317
0.594727 0.722325
0.59668 0.72433
0.598633 0.726332
0.600586 0.728329
0.602539 0.730323
0.604492 0.732313
0.606445 0.7343
0.608398 0.736283
0.610352 0.738261
0.612305 0.740236
0.614258 0.742208
0.616211 0.744175
0.618164 0.746138
0.620117 0.748098
0.62207 0.750054
0.624023 0.752005
0.625977 0.753953
0.62793 0.755897
0.629883 0.757836
0.631836 0.759772
0.633789 0.761703
0.635742 0.763631
0.637695 0.765554
0.639648 0.767473
0.641602 0.769388
0.643555 0.771299
0.645508 0.773205
0.647461 0.775108
0.649414 0.777006
0.651367 0.778899
0.65332 0.780789
0.655273 0.782674
0.657227 0.784554
0.65918 0.78643
0.661133 0.788302
0.663086 0.790169
0.665039 0.792032
0.666992 0.79389
0.668945 0.795744
0.670898 0.797593
0.672852 0.799438
0.674805 0.801277
0.676758 0.803113
0.678711 0.804943
0.680664 0.806769
0.682617 0.808589
0.68457 0.810406
0.686523 0.812217
0.688477 0.814023
0.69043 0.815824
0.692383 0.817621
0.694336 0.819412
0.696289 0.821199
0.698242 0.82298
0.700195 0.824757
0.702148 0.826528
0.704102 0.828294
0.706055 0.830055
0.708008 0.831811
0.709961 0.833561
0.711914 0.835306
0.713867 0.837046
0.71582 0.83878
0.717773 0.840509
0.719727 0.842233
0.72168 0.843951
0.723633 0.845663
0.725586 0.84737
0.727539 0.849071
0.729492 0.850767
0.731445 0.852457
0.733398 0.854141
0.735352 0.855819
0.737305 0.857492
0.739258 0.859158
0.741211 0.860819
0.743164 0.862474
0.745117 0.864122
0.74707 0.865765
0.749023 0.867401
0.750977 0.869032
0.75293 0.870656
0.754883 0.872273
0.756836 0.873885
0.758789 0.87549
0.760742 0.877089
0.762695 0.878681
0.764648 0.880266
0.766602 0.881846
0.768555 0.883418
0.770508 0.884984
0.772461 0.886543
0.774414 0.888095
0.776367 0.88964
0.77832 0.891178
0.780273 0.89271
0.782227 0.894234
0.78418 0.895751
0.786133 0.897261
0.788086 0.898764
0.790039 0.90026
0.791992 0.901748
0.793945 0.903228
0.795898 0.904701
0.797852 0.906167
0.799805 0.907625
0.801758 0.909075
0.803711 0.910518
0.805664 0.911952
0.807617 0.913379
0.80957 0.914797
0.811523 0.916208
0.813477 0.91761
0.81543 0.919004
0.817383 0.92039
0.819336 0.921767
0.821289 0.923136
0.823242 0.924497
0.825195 0.925848
0.827148 0.927191
0.829102 0.928525
0.831055 0.92985
0.833008 0.931166
0.834961 0.932473
0.836914 0.933771
0.838867 0.93506
0.84082 0.936339
0.842773 0.937608
0.844727 0.938868
0.84668 0.940119
0.848633 0.941359
0.850586 0.942589
0.852539 0.94381
0.854492 0.94502
0.856445 0.94622
0.858398 0.94741
0.860352 0.948589
0.862305 0.949757
0.864258 0.950915
0.866211 0.952062
0.868164 0.953198
0.870117 0.954323
0.87207 0.955436
0.874023 0.956539
0.875977 0.957629
0.87793 0.958708
0.879883 0.959775
0.881836 0.96083
0.883789 0.961873
0.885742 0.962904
0.887695 0.963922
0.889648 0.964928
0.891602 0.965921
0.893555 0.966901
0.895508 0.967868
0.897461 0.968821
0.899414 0.969761
0.901367 0.970688
0.90332 0.971601
0.905273 0.972499
0.907227 0.973384
0.90918 0.974254
0.911133 0.975109
0.913086 0.97595
0.915039 0.976775
0.916992 0.977585
0.918945 0.97838
0.920898 0.979159
0.922852 0.979922
0.924805 0.980669
0.926758 0.981399
0.928711 0.982113
0.930664 0.982809
0.932617 0.983489
0.93457 0.984151
0.936523 0.984794
0.938477 0.98542
0.94043 0.986028
0.942383 0.986616
0.944336 0.987186
0.946289 0.987736
0.948242 0.988266
0.950195 0.988777
0.952148 0.989266
0.954102 0.989735
0.956055 0.990183
0.958008 0.990609
0.959961 0.991013
0.961914 0.991395
0.963867 0.991754
0.96582 0.992089
0.967773 0.992401
0.969727 0.992688
0.97168 0.992951
0.973633 0.993188
0.975586 0.9934
0.977539 0.993585
0.979492 0.993743
0.981445 0.993873
0.983398 0.993975
0.985352 0.994049
0.987305 0.994093
0.989258 0.994107
0.991211 0.994089
0.993164 0.99399
0.995117 0.990944
0.99707 0.922929
0.999023 0.470336
1 0
