0 0
0.000976562 0.00127067
0.00292969 0.003812
0.00488281 0.00635328
0.00683594 0.00889447
0.00878906 0.0114355
0.0107422 0.0139765
0.0126953 0.0165172
0.0146484 0.0190577
0.0166016 0.021598
0.0185547 0.024138
0.0205078 0.0266777
0.0224609 0.029217
0.0244141 0.031756
0.0263672 0.0342945
0.0283203 0.0368326
0.0302734 0.0393703
0.0322266 0.0419074
0.0341797 0.044444
0.0361328 0.0469801
0.0380859 0.0495155
0.0400391 0.0520504
0.0419922 0.0545846
0.0439453 0.0571181
0.0458984 0.059651
0.0478516 0.0621831
0.0498047 0.0647145
0.0517578 0.0672452
0.0537109 0.069775
0.0556641 0.072304
0.0576172 0.0748322
0.0595703 0.0773596
0.0615234 0.079886
0.0634766 0.0824116
0.0654297 0.0849363
0.0673828 0.08746
0.0693359 0.0899827
0.0712891 0.0925045
0.0732422 0.0950253
0.0751953 0.0975451
0.0771484 0.100064
0.0791016 0.102582
0.0810547 0.105098
0.0830078 0.107614
0.0849609 0.110129
0.0869141 0.112642
0.0888672 0.115154
0.0908203 0.117666
0.0927734 0.120176
0.0947266 0.122685
0.0966797 0.125192
0.0986328 0.127699
0.100586 0.130205
0.102539 0.132709
0.104492 0.135212
0.106445 0.137714
0.108398 0.140215
0.110352 0.142714
0.112305 0.145212
0.114258 0.147709
0.116211 0.150205
0.118164 0.1527
0.120117 0.155193
0.12207 0.157685
0.124023 0.160176
0.125977 0.162665
0.12793 0.165154
0.129883 0.167641
0.131836 0.170126
0.133789 0.172611
0.135742 0.175094
0.137695 0.177575
0.139648 0.180056
0.141602 0.182535
0.143555 0.185013
0.145508 0.187489
0.147461 0.189964
0.149414 0.192438
0.151367 0.19491
0.15332 0.197381
0.155273 0.199851
0.157227 0.20232
0.15918 0.204787
0.161133 0.207252
0.163086 0.209716
0.165039 0.212179
0.166992 0.214641
0.168945 0.217101
0.170898 0.21956
0.172852 0.222017
0.174805 0.224473
0.176758 0.226927
0.178711 0.229381
0.180664 0.231832
0.182617 0.234283
0.18457 0.236731
0.186523 0.239179
0.188477 0.241625
0.19043 0.244069
0.192383 0.246512
0.194336 0.248954
0.196289 0.251394
0.198242 0.253833
0.200195 0.25627
0.202148 0.258706
0.204102 0.261141
0.206055 0.263574
0.208008 0.266005
0.209961 0.268435
0.211914 0.270863
0.213867 0.27329
0.21582 0.275716
0.217773 0.27814
0.219727 0.280562
0.22168 0.282983
0.223633 0.285403
0.225586 0.287821
0.227539 0.290237
0.229492 0.292652
0.231445 0.295065
0.233398 0.297477
0.235352 0.299887
0.237305 0.302296
0.239258 0.304703
0.241211 0.307109
0.243164 0.309513
0.245117 0.311915
0.24707 0.314316
0.249023 0.316715
0.250977 0.319113
0.25293 0.321509
0.254883 0.323903
0.256836 0.326296
0.258789 0.328688
0.260742 0.331077
0.262695 0.333465
0.264648 0.335852
0.266602 0.338236
0.268555 0.34062
0.270508 0.343001
0.272461 0.345381
0.274414 0.347759
0.276367 0.350136
0.27832 0.352511
0.280273 0.354884
0.282227 0.357255
0.28418 0.359625
0.286133 0.361993
0.288086 0.36436
0.290039 0.366725
0.291992 0.369088
0.293945 0.371449
0.295898 0.373809
0.297852 0.376167
0.299805 0.378523
0.301758 0.380877
0.303711 0.38323
0.305664 0.385581
0.307617 0.38793
0.30957 0.390278
0.311523 0.392623
0.313477 0.394967
0.31543 0.39731
0.317383 0.39965
0.319336 0.401988
0.321289 0.404325
0.323242 0.40666
0.325195 0.408993
0.327148 0.411325
0.329102 0.413654
0.331055 0.415982
0.333008 0.418308
0.334961 0.420632
0.336914 0.422954
0.338867 0.425274
0.34082 0.427593
0.342773 0.429909
0.344727 0.432224
0.34668 0.434537
0.348633 0.436848
0.350586 0.439157
0.352539 0.441464
0.354492 0.443769
0.356445 0.446072
0.358398 0.448373
0.360352 0.450673
0.362305 0.45297
0.364258 0.455266
0.366211 0.457559
0.368164 0.459851
0.370117 0.462141
0.37207 0.464428
0.374023 0.466714
0.375977 0.468997
0.37793 0.471279
0.379883 0.473559
0.381836 0.475836
0.383789 0.478112
0.385742 0.480385
0.387695 0.482657
0.389648 0.484926
0.391602 0.487194
0.393555 0.489459
0.395508 0.491722
0.397461 0.493984
0.399414 0.496243
0.401367 0.4985
0.40332 0.500754
0.405273 0.503007
0.407227 0.505258
0.40918 0.507506
0.411133 0.509753
0.413086 0.511997
0.415039 0.514239
0.416992 0.516479
0.418945 0.518716
0.420898 0.520952
0.422852 0.523185
0.424805 0.525416
0.426758 0.527645
0.428711 0.529872
0.430664 0.532096
0.432617 0.534318
0.43457 0.536538
0.436523 0.538756
0.438477 0.540971
0.44043 0.543184
0.442383 0.545395
0.444336 0.547604
0.446289 0.54981
0.448242 0.552014
0.450195 0.554215
0.452148 0.556415
0.454102 0.558612
0.456055 0.560806
0.458008 0.562998
0.459961 0.565188
0.461914 0.567375
0.463867 0.56956
0.46582 0.571743
0.467773 0.573923
0.469727 0.576101
0.47168 0.578276
0.473633 0.580449
0.475586 0.582619
0.477539 0.584787
0.479492 0.586952
0.481445 0.589115
0.483398 0.591275
0.485352 0.593433
0.487305 0.595589
0.489258 0.597741
0.491211 0.599892
0.493164 0.602039
0.495117 0.604184
0.49707 0.606327
0.499023 0.608467
0.500977 0.610604
0.50293 0.612738
0.504883 0.61487
0.506836 0.617
0.508789 0.619126
0.510742 0.62125
0.512695 0.623372
0.514648 0.62549
0.516602 0.627606
0.518555 0.629719
0.520508 0.631829
0.522461 0.633937
0.524414 0.636042
0.526367 0.638144
0.52832 0.640243
0.530273 0.64234
0.532227 0.644433
0.53418 0.646524
0.536133 0.648612
0.538086 0.650697
0.540039 0.652779
0.541992 0.654859
0.543945 0.656935
0.545898 0.659009
0.547852 0.661079
0.549805 0.663147
0.551758 0.665212
0.553711 0.667273
0.555664 0.669332
0.557617 0.671387
0.55957 0.67344
0.561523 0.67549
0.563477 0.677536
0.56543 0.67958
0.567383 0.68162
0.569336 0.683657
0.571289 0.685691
0.573242 0.687722
0.575195 0.68975
0.577148 0.691775
0.579102 0.693796
0.581055 0.695814
0.583008 0.697829
0.584961 0.699841
0.586914 0.70185
0.588867 0.703855
0.59082 0.705857
0.592773 0.707856
0.594727 0.709851
0.59668 0.711843
0.598633 0.713832
0.600586 0.715817
0.602539 0.717799
0.604492 0.719777
0.606445 0.721752
0.608398 0.723723
0.610352 0.725691
0.612305 0.727656
0.614258 0.729617
0.616211 0.731574
0.618164 0.733528
0.620117 0.735479
0.62207 0.737425
0.624023 0.739368
0.625977 0.741308
0.62793 0.743244
0.629883 0.745176
0.631836 0.747104
0.633789 0.749029
0.635742 0.75095
0.637695 0.752867
0.639648 0.75478
0.641602 0.75669
0.643555 0.758595
0.645508 0.760497
0.647461 0.762395
0.649414 0.764289
0.651367 0.766179
0.65332 0.768065
0.655273 0.769947
0.657227 0.771825
0.65918 0.773699
0.661133 0.77557
0.663086 0.777435
0.665039 0.779297
0.666992 0.781155
0.668945 0.783009
0.670898 0.784858
0.672852 0.786703
0.674805 0.788544
0.676758 0.790381
0.678711 0.792213
0.680664 0.794041
0.682617 0.795865
0.68457 0.797684
0.686523 0.799499
0.688477 0.801309
0.69043 0.803115
0.692383 0.804916
0.694336 0.806713
0.696289 0.808506
0.698242 0.810293
0.700195 0.812077
0.702148 0.813855
0.704102 0.815629
0.706055 0.817398
0.708008 0.819162
0.709961 0.820922
0.711914 0.822677
0.713867 0.824426
0.71582 0.826171
0.717773 0.827911
0.719727 0.829647
0.72168 0.831377
0.723633 0.833102
0.725586 0.834822
0.727539 0.836537
0.729492 0.838247
0.731445 0.839951
0.733398 0.841651
0.735352 0.843345
0.737305 0.845034
0.739258 0.846717
0.741211 0.848395
0.743164 0.850068
0.745117 0.851735
0.74707 0.853397
0.749023 0.855053
0.750977 0.856704
0.75293 0.858349
0.754883 0.859989
0.756836 0.861622
0.758789 0.86325
0.760742 0.864872
0.762695 0.866489
0.764648 0.868099
0.766602 0.869703
0.768555 0.871302
0.770508 0.872894
0.772461 0.874481
0.774414 0.876061
0.776367 0.877635
0.77832 0.879203
0.780273 0.880764
0.782227 0.882319
0.78418 0.883868
0.786133 0.88541
0.788086 0.886946
0.790039 0.888475
0.791992 0.889998
0.793945 0.891513
0.795898 0.893023
0.797852 0.894525
0.799805 0.89602
0.801758 0.897509
0.803711 0.898991
0.805664 0.900465
0.807617 0.901932
0.80957 0.903393
0.811523 0.904846
0.813477 0.906291
0.81543 0.90773
0.817383 0.909161
0.819336 0.910584
0.821289 0.912
0.823242 0.913408
0.825195 0.914808
0.827148 0.916201
0.829102 0.917585
0.831055 0.918962
0.833008 0.920331
0.834961 0.921691
0.836914 0.923044
0.838867 0.924388
0.84082 0.925724
0.842773 0.927051
0.844727 0.92837
0.84668 0.92968
0.848633 0.930981
0.850586 0.932273
0.852539 0.933557
0.854492 0.934832
0.856445 0.936097
0.858398 0.937354
0.860352 0.938601
0.862305 0.939838
0.864258 0.941066
0.866211 0.942285
0.868164 0.943494
0.870117 0.944693
0.87207 0.945882
0.874023 0.947061
0.875977 0.94823
0.87793 0.949388
0.879883 0.950536
0.881836 0.951674
0.883789 0.952801
0.885742 0.953917
0.887695 0.955022
0.889648 0.956117
0.891602 0.9572
0.893555 0.958271
0.895508 0.959331
0.897461 0.96038
0.899414 0.961417
0.901367 0.962442
0.90332 0.963455
0.905273 0.964455
0.907227 0.965443
0.90918 0.966419
0.911133 0.967382
0.913086 0.968332
0.915039 0.969269
0.916992 0.970193
0.918945 0.971103
0.920898 0.971999
0.922852 0.972882
0.924805 0.973751
0.926758 0.974605
0.928711 0.975446
0.930664 0.976271
0.932617 0.977081
0.93457 0.977877
0.936523 0.978657
0.938477 0.979422
0.94043 0.98017
0.942383 0.980903
0.944336 0.981619
0.946289 0.982319
0.948242 0.983002
0.950195 0.983667
0.952148 0.984316
0.954102 0.984946
0.956055 0.985559
0.958008 0.986153
0.959961 0.986729
0.961914 0.987285
0.963867 0.987822
0.96582 0.98834
0.967773 0.988838
0.969727 0.989315
0.97168 0.989771
0.973633 0.990206
0.975586 0.99062
0.977539 0.991011
0.979492 0.99138
0.981445 0.991726
0.983398 0.992049
0.985352 0.992347
0.987305 0.992622
0.989258 0.992871
0.991211 0.993094
0.993164 0.993244
0.995117 0.990466
0.99707 0.922761
0.999023 0.470407
1 0
