0 0
0.000976562 0.00124632
0.00292969 0.00373893
0.00488281 0.0062315
0.00683594 0.00872399
0.00878906 0.0112164
0.0107422 0.0137086
0.0126953 0.0162007
0.0146484 0.0186926
0.0166016 0.0211842
0.0185547 0.0236756
0.0205078 0.0261667
0.0224609 0.0286575
0.0244141 0.0311479
0.0263672 0.0336379
0.0283203 0.0361276
0.0302734 0.0386168
0.0322266 0.0411055
0.0341797 0.0435938
0.0361328 0.0460815
0.0380859 0.0485687
0.0400391 0.0510554
0.0419922 0.0535414
0.0439453 0.0560269
0.0458984 0.0585116
0.0478516 0.0609958
0.0498047 0.0634792
0.0517578 0.0659619
0.0537109 0.0684439
0.0556641 0.0709252
0.0576172 0.0734056
0.0595703 0.0758853
0.0615234 0.0783642
0.0634766 0.0808422
0.0654297 0.0833194
0.0673828 0.0857957
0.0693359 0.0882711
0.0712891 0.0907456
0.0732422 0.0932192
0.0751953 0.0956919
0.0771484 0.0981636
0.0791016 0.100634
0.0810547 0.103104
0.0830078 0.105573
0.0849609 0.108041
0.0869141 0.110507
0.0888672 0.112973
0.0908203 0.115438
0.0927734 0.117901
0.0947266 0.120364
0.0966797 0.122825
0.0986328 0.125286
0.100586 0.127745
0.102539 0.130203
0.104492 0.13266
0.106445 0.135116
0.108398 0.137571
0.110352 0.140025
0.112305 0.142477
0.114258 0.144929
0.116211 0.147379
0.118164 0.149828
0.120117 0.152276
0.12207 0.154723
0.124023 0.157168
0.125977 0.159612
0.12793 0.162056
0.129883 0.164497
0.131836 0.166938
0.133789 0.169378
0.135742 0.171816
0.137695 0.174253
0.139648 0.176689
0.141602 0.179123
0.143555 0.181557
0.145508 0.183989
0.147461 0.186419
0.149414 0.188849
0.151367 0.191277
0.15332 0.193704
0.155273 0.19613
0.157227 0.198554
0.15918 0.200978
0.161133 0.203399
0.163086 0.20582
0.165039 0.208239
0.166992 0.210657
0.168945 0.213074
0.170898 0.215489
0.172852 0.217904
0.174805 0.220316
0.176758 0.222728
0.178711 0.225138
0.180664 0.227547
0.182617 0.229954
0.18457 0.23236
0.186523 0.234765
0.188477 0.237168
0.19043 0.23957
0.192383 0.241971
0.194336 0.244371
0.196289 0.246768
0.198242 0.249165
0.200195 0.25156
0.202148 0.253954
0.204102 0.256347
0.206055 0.258738
0.208008 0.261128
0.209961 0.263516
0.211914 0.265903
0.213867 0.268288
0.21582 0.270673
0.217773 0.273055
0.219727 0.275437
0.22168 0.277816
0.223633 0.280195
0.225586 0.282572
0.227539 0.284947
0.229492 0.287322
0.231445 0.289694
0.233398 0.292066
0.235352 0.294435
0.237305 0.296804
0.239258 0.299171
0.241211 0.301536
0.243164 0.3039
0.245117 0.306262
0.24707 0.308623
0.249023 0.310983
0.250977 0.313341
0.25293 0.315697
0.254883 0.318052
0.256836 0.320406
0.258789 0.322758
0.260742 0.325108
0.262695 0.327457
0.264648 0.329805
0.266602 0.332151
0.268555 0.334495
0.270508 0.336838
0.272461 0.339179
0.274414 0.341519
0.276367 0.343857
0.27832 0.346194
0.280273 0.348529
0.282227 0.350862
0.28418 0.353194
0.286133 0.355524
0.288086 0.357853
0.290039 0.36018
0.291992 0.362506
0.293945 0.364829
0.295898 0.367152
0.297852 0.369472
0.299805 0.371792
0.301758 0.374109
0.303711 0.376425
0.305664 0.378739
0.307617 0.381051
0.30957 0.383362
0.311523 0.385672
0.313477 0.387979
0.31543 0.390285
0.317383 0.392589
0.319336 0.394892
0.321289 0.397193
0.323242 0.399492
0.325195 0.401789
0.327148 0.404085
0.329102 0.406379
0.331055 0.408671
0.333008 0.410962
0.334961 0.413251
0.336914 0.415538
0.338867 0.417823
0.34082 0.420107
0.342773 0.422389
0.344727 0.424669
0.34668 0.426947
0.348633 0.429224
0.350586 0.431499
0.352539 0.433772
0.354492 0.436043
0.356445 0.438312
0.358398 0.44058
0.360352 0.442846
0.362305 0.44511
0.364258 0.447372
0.366211 0.449632
0.368164 0.451891
0.370117 0.454147
0.37207 0.456402
0.374023 0.458655
0.375977 0.460906
0.37793 0.463155
0.379883 0.465402
0.381836 0.467648
0.383789 0.469891
0.385742 0.472133
0.387695 0.474373
0.389648 0.47661
0.391602 0.478846
0.393555 0.48108
0.395508 0.483312
0.397461 0.485542
0.399414 0.48777
0.401367 0.489996
0.40332 0.49222
0.405273 0.494442
0.407227 0.496663
0.40918 0.498881
0.411133 0.501097
0.413086 0.503311
0.415039 0.505523
0.416992 0.507733
0.418945 0.509941
0.420898 0.512147
0.422852 0.514351
0.424805 0.516553
0.426758 0.518753
0.428711 0.52095
0.430664 0.523146
0.432617 0.52534
0.43457 0.527531
0.436523 0.52972
0.438477 0.531908
0.44043 0.534093
0.442383 0.536276
0.444336 0.538456
0.446289 0.540635
0.448242 0.542811
0.450195 0.544986
0.452148 0.547158
0.454102 0.549328
0.456055 0.551495
0.458008 0.553661
0.459961 0.555824
0.461914 0.557985
0.463867 0.560144
0.46582 0.5623
0.467773 0.564455
0.469727 0.566607
0.47168 0.568756
0.473633 0.570904
0.475586 0.573049
0.477539 0.575192
0.479492 0.577332
0.481445 0.57947
0.483398 0.581606
0.485352 0.583739
0.487305 0.58587
0.489258 0.587999
0.491211 0.590125
0.493164 0.592249
0.495117 0.594371
0.49707 0.59649
0.499023 0.598607
0.500977 0.600721
0.50293 0.602833
0.504883 0.604942
0.506836 0.607049
0.508789 0.609153
0.510742 0.611255
0.512695 0.613354
0.514648 0.615451
0.516602 0.617546
0.518555 0.619637
0.520508 0.621727
0.522461 0.623813
0.524414 0.625897
0.526367 0.627979
0.52832 0.630058
0.530273 0.632134
0.532227 0.634208
0.53418 0.636278
0.536133 0.638347
0.538086 0.640412
0.540039 0.642475
0.541992 0.644536
0.543945 0.646593
0.545898 0.648648
0.547852 0.6507
0.549805 0.65275
0.551758 0.654796
0.553711 0.65684
0.555664 0.658881
0.557617 0.660919
0.55957 0.662955
0.561523 0.664988
0.563477 0.667017
0.56543 0.669044
0.567383 0.671068
0.569336 0.673089
0.571289 0.675108
0.573242 0.677123
0.575195 0.679135
0.577148 0.681145
0.579102 0.683151
0.581055 0.685155
0.583008 0.687155
0.584961 0.689153
0.586914 0.691147
0.588867 0.693139
0.59082 0.695127
0.592773 0.697112
0.594727 0.699095
0.59668 0.701074
0.598633 0.70305
0.600586 0.705023
0.602539 0.706992
0.604492 0.708959
0.606445 0.710922
0.608398 0.712882
0.610352 0.714839
0.612305 0.716793
0.614258 0.718743
0.616211 0.72069
0.618164 0.722634
0.620117 0.724574
0.62207 0.726512
0.624023 0.728445
0.625977 0.730376
0.62793 0.732303
0.629883 0.734226
0.631836 0.736146
0.633789 0.738063
0.635742 0.739976
0.637695 0.741886
0.639648 0.743792
0.641602 0.745695
0.643555 0.747594
0.645508 0.74949
0.647461 0.751382
0.649414 0.75327
0.651367 0.755155
0.65332 0.757036
0.655273 0.758913
0.657227 0.760787
0.65918 0.762657
0.661133 0.764523
0.663086 0.766385
0.665039 0.768244
0.666992 0.770099
0.668945 0.77195
0.670898 0.773797
0.672852 0.77564
0.674805 0.777479
0.676758 0.779315
0.678711 0.781146
0.680664 0.782973
0.682617 0.784797
0.68457 0.786616
0.686523 0.788431
0.688477 0.790242
0.69043 0.792049
0.692383 0.793852
0.694336 0.795651
0.696289 0.797446
0.698242 0.799236
0.700195 0.801022
0.702148 0.802804
0.704102 0.804581
0.706055 0.806354
0.708008 0.808123
0.709961 0.809887
0.711914 0.811647
0.713867 0.813402
0.71582 0.815153
0.717773 0.8169
0.719727 0.818641
0.72168 0.820379
0.723633 0.822111
0.725586 0.823839
0.727539 0.825563
0.729492 0.827281
0.731445 0.828995
0.733398 0.830704
0.735352 0.832408
0.737305 0.834107
0.739258 0.835802
0.741211 0.837491
0.743164 0.839176
0.745117 0.840855
0.74707 0.84253
0.749023 0.844199
0.750977 0.845864
0.75293 0.847523
0.754883 0.849177
0.756836 0.850826
0.758789 0.852469
0.760742 0.854107
0.762695 0.85574
0.764648 0.857367
0.766602 0.858989
0.768555 0.860606
0.770508 0.862217
0.772461 0.863822
0.774414 0.865422
0.776367 0.867016
0.77832 0.868605
0.780273 0.870187
0.782227 0.871764
0.78418 0.873335
0.786133 0.874901
0.788086 0.87646
0.790039 0.878013
0.791992 0.87956
0.793945 0.881101
0.795898 0.882636
0.797852 0.884165
0.799805 0.885688
0.801758 0.887204
0.803711 0.888714
0.805664 0.890217
0.807617 0.891714
0.80957 0.893205
0.811523 0.894689
0.813477 0.896166
0.81543 0.897636
0.817383 0.8991
0.819336 0.900557
0.821289 0.902007
0.823242 0.90345
0.825195 0.904886
0.827148 0.906315
0.829102 0.907737
0.831055 0.909152
0.833008 0.910559
0.834961 0.911959
0.836914 0.913352
0.838867 0.914737
0.84082 0.916115
0.842773 0.917485
0.844727 0.918847
0.84668 0.920201
0.848633 0.921548
0.850586 0.922886
0.852539 0.924217
0.854492 0.925539
0.856445 0.926853
0.858398 0.928159
0.860352 0.929457
0.862305 0.930746
0.864258 0.932027
0.866211 0.933298
0.868164 0.934562
0.870117 0.935816
0.87207 0.937061
0.874023 0.938298
0.875977 0.939525
0.87793 0.940743
0.879883 0.941952
0.881836 0.943151
0.883789 0.944341
0.885742 0.945521
0.887695 0.946691
0.889648 0.947852
0.891602 0.949002
0.893555 0.950142
0.895508 0.951272
0.897461 0.952392
0.899414 0.953501
0.901367 0.9546
0.90332 0.955688
0.905273 0.956765
0.907227 0.957831
0.90918 0.958885
0.911133 0.959929
0.913086 0.960961
0.915039 0.961981
0.916992 0.96299
0.918945 0.963987
0.920898 0.964971
0.922852 0.965944
0.924805 0.966904
0.926758 0.967852
0.928711 0.968786
0.930664 0.969708
0.932617 0.970617
0.93457 0.971512
0.936523 0.972394
0.938477 0.973262
0.94043 0.974117
0.942383 0.974957
0.944336 0.975783
0.946289 0.976595
0.948242 0.977391
0.950195 0.978173
0.952148 0.978939
0.954102 0.979691
0.956055 0.980426
0.958008 0.981145
0.959961 0.981848
0.961914 0.982535
0.963867 0.983205
0.96582 0.983858
0.967773 0.984493
0.969727 0.985111
0.97168 0.985711
0.973633 0.986293
0.975586 0.986856
0.977539 0.9874
0.979492 0.987925
0.981445 0.98843
0.983398 0.988915
0.985352 0.98938
0.987305 0.989824
0.989258 0.990246
0.991211 0.990647
0.993164 0.990975
0.995117 0.98831
0.99707 0.920453
0.999023 0.468747
1 0
