0 0
0.000976562 0.00122135
0.00292969 0.00366402
0.00488281 0.00610665
0.00683594 0.00854922
0.00878906 0.0109917
0.0107422 0.013434
0.0126953 0.0158762
0.0146484 0.0183182
0.0166016 0.02076
0.0185547 0.0232015
0.0205078 0.0256428
0.0224609 0.0280838
0.0244141 0.0305244
0.0263672 0.0329648
0.0283203 0.0354047
0.0302734 0.0378443
0.0322266 0.0402834
0.0341797 0.042722
0.0361328 0.0451602
0.0380859 0.0475979
0.0400391 0.0500351
0.0419922 0.0524717
0.0439453 0.0549078
0.0458984 0.0573433
0.0478516 0.0597781
0.0498047 0.0622124
0.0517578 0.0646459
0.0537109 0.0670788
0.0556641 0.069511
0.0576172 0.0719425
0.0595703 0.0743732
0.0615234 0.0768032
0.0634766 0.0792324
0.0654297 0.0816609
0.0673828 0.0840885
0.0693359 0.0865153
0.0712891 0.0889413
0.0732422 0.0913664
0.0751953 0.0937907
0.0771484 0.096214
0.0791016 0.0986365
0.0810547 0.101058
0.0830078 0.103479
0.0849609 0.105898
0.0869141 0.108317
0.0888672 0.110735
0.0908203 0.113152
0.0927734 0.115568
0.0947266 0.117982
0.0966797 0.120396
0.0986328 0.122809
0.100586 0.125221
0.102539 0.127632
0.104492 0.130042
0.106445 0.13245
0.108398 0.134858
0.110352 0.137264
0.112305 0.13967
0.114258 0.142074
0.116211 0.144478
0.118164 0.14688
0.120117 0.149281
0.12207 0.151681
0.124023 0.15408
0.125977 0.156478
0.12793 0.158875
0.129883 0.16127
0.131836 0.163665
0.133789 0.166058
0.135742 0.16845
0.137695 0.170841
0.139648 0.173231
0.141602 0.17562
0.143555 0.178007
0.145508 0.180393
0.147461 0.182779
0.149414 0.185162
0.151367 0.187545
0.15332 0.189927
0.155273 0.192307
0.157227 0.194687
0.15918 0.197065
0.161133 0.199441
0.163086 0.201817
0.165039 0.204191
0.166992 0.206564
0.168945 0.208936
0.170898 0.211307
0.172852 0.213677
0.174805 0.216045
0.176758 0.218412
0.178711 0.220778
0.180664 0.223142
0.182617 0.225505
0.18457 0.227867
0.186523 0.230228
0.188477 0.232588
0.19043 0.234946
0.192383 0.237303
0.194336 0.239659
0.196289 0.242013
0.198242 0.244366
0.200195 0.246718
0.202148 0.249069
0.204102 0.251418
0.206055 0.253766
0.208008 0.256112
0.209961 0.258458
0.211914 0.260802
0.213867 0.263144
0.21582 0.265486
0.217773 0.267826
0.219727 0.270165
0.22168 0.272502
0.223633 0.274838
0.225586 0.277173
0.227539 0.279506
0.229492 0.281838
0.231445 0.284169
0.233398 0.286498
0.235352 0.288826
0.237305 0.291153
0.239258 0.293478
0.241211 0.295802
0.243164 0.298125
0.245117 0.300446
0.24707 0.302765
0.249023 0.305084
0.250977 0.307401
0.25293 0.309716
0.254883 0.31203
0.256836 0.314343
0.258789 0.316654
0.260742 0.318964
0.262695 0.321273
0.264648 0.32358
0.266602 0.325885
0.268555 0.32819
0.270508 0.330492
0.272461 0.332793
0.274414 0.335093
0.276367 0.337392
0.27832 0.339689
0.280273 0.341984
0.282227 0.344278
0.28418 0.34657
0.286133 0.348861
0.288086 0.351151
0.290039 0.353439
0.291992 0.355725
0.293945 0.35801
0.295898 0.360294
0.297852 0.362576
0.299805 0.364856
0.301758 0.367135
0.303711 0.369413
0.305664 0.371689
0.307617 0.373963
0.30957 0.376236
0.311523 0.378507
0.313477 0.380777
0.31543 0.383045
0.317383 0.385312
0.319336 0.387577
0.321289 0.38984
0.323242 0.392102
0.325195 0.394362
0.327148 0.396621
0.329102 0.398878
0.331055 0.401133
0.333008 0.403387
0.334961 0.405639
0.336914 0.40789
0.338867 0.410139
0.34082 0.412386
0.342773 0.414632
0.344727 0.416876
0.34668 0.419119
0.348633 0.421359
0.350586 0.423598
0.352539 0.425836
0.354492 0.428072
0.356445 0.430306
0.358398 0.432538
0.360352 0.434769
0.362305 0.436998
0.364258 0.439225
0.366211 0.441451
0.368164 0.443674
0.370117 0.445897
0.37207 0.448117
0.374023 0.450336
0.375977 0.452552
0.37793 0.454768
0.379883 0.456981
0.381836 0.459193
0.383789 0.461403
0.385742 0.463611
0.387695 0.465817
0.389648 0.468021
0.391602 0.470224
0.393555 0.472425
0.395508 0.474624
0.397461 0.476821
0.399414 0.479017
0.401367 0.48121
0.40332 0.483402
0.405273 0.485592
0.407227 0.48778
0.40918 0.489966
0.411133 0.492151
0.413086 0.494333
0.415039 0.496514
0.416992 0.498692
0.418945 0.500869
0.420898 0.503044
0.422852 0.505217
0.424805 0.507388
0.426758 0.509557
0.428711 0.511724
0.430664 0.51389
0.432617 0.516053
0.43457 0.518214
0.436523 0.520374
0.438477 0.522531
0.44043 0.524686
0.442383 0.52684
0.444336 0.528991
0.446289 0.53114
0.448242 0.533288
0.450195 0.535433
0.452148 0.537576
0.454102 0.539718
0.456055 0.541857
0.458008 0.543994
0.459961 0.546129
0.461914 0.548262
0.463867 0.550393
0.46582 0.552522
0.467773 0.554648
0.469727 0.556773
0.47168 0.558895
0.473633 0.561016
0.475586 0.563134
0.477539 0.56525
0.479492 0.567364
0.481445 0.569475
0.483398 0.571585
0.485352 0.573692
0.487305 0.575797
0.489258 0.5779
0.491211 0.580001
0.493164 0.5821
0.495117 0.584196
0.49707 0.58629
0.499023 0.588382
0.500977 0.590471
0.50293 0.592558
0.504883 0.594643
0.506836 0.596726
0.508789 0.598806
0.510742 0.600884
0.512695 0.60296
0.514648 0.605033
0.516602 0.607104
0.518555 0.609173
0.520508 0.611239
0.522461 0.613303
0.524414 0.615364
0.526367 0.617423
0.52832 0.61948
0.530273 0.621534
0.532227 0.623586
0.53418 0.625635
0.536133 0.627682
0.538086 0.629726
0.540039 0.631768
0.541992 0.633808
0.543945 0.635844
0.545898 0.637879
0.547852 0.639911
0.549805 0.64194
0.551758 0.643967
0.553711 0.645991
0.555664 0.648012
0.557617 0.650031
0.55957 0.652048
0.561523 0.654061
0.563477 0.656072
0.56543 0.658081
0.567383 0.660087
0.569336 0.66209
0.571289 0.66409
0.573242 0.666088
0.575195 0.668083
0.577148 0.670075
0.579102 0.672065
0.581055 0.674052
0.583008 0.676036
0.584961 0.678017
0.586914 0.679995
0.588867 0.681971
0.59082 0.683944
0.592773 0.685914
0.594727 0.687881
0.59668 0.689845
0.598633 0.691806
0.600586 0.693765
0.602539 0.69572
0.604492 0.697673
0.606445 0.699622
0.608398 0.701569
0.610352 0.703512
0.612305 0.705453
0.614258 0.707391
0.616211 0.709325
0.618164 0.711257
0.620117 0.713185
0.62207 0.715111
0.624023 0.717033
0.625977 0.718952
0.62793 0.720868
0.629883 0.722781
0.631836 0.724691
0.633789 0.726598
0.635742 0.728501
0.637695 0.730401
0.639648 0.732298
0.641602 0.734192
0.643555 0.736082
0.645508 0.737969
0.647461 0.739853
0.649414 0.741733
0.651367 0.74361
0.65332 0.745484
0.655273 0.747354
0.657227 0.749221
0.65918 0.751085
0.661133 0.752945
0.663086 0.754801
0.665039 0.756654
0.666992 0.758504
0.668945 0.76035
0.670898 0.762192
0.672852 0.764031
0.674805 0.765866
0.676758 0.767698
0.678711 0.769526
0.680664 0.77135
0.682617 0.773171
0.68457 0.774988
0.686523 0.776801
0.688477 0.77861
0.69043 0.780416
0.692383 0.782218
0.694336 0.784016
0.696289 0.78581
0.698242 0.7876
0.700195 0.789386
0.702148 0.791169
0.704102 0.792947
0.706055 0.794722
0.708008 0.796492
0.709961 0.798258
0.711914 0.800021
0.713867 0.801779
0.71582 0.803533
0.717773 0.805283
0.719727 0.807029
0.72168 0.808771
0.723633 0.810508
0.725586 0.812241
0.727539 0.81397
0.729492 0.815694
0.731445 0.817414
0.733398 0.81913
0.735352 0.820842
0.737305 0.822548
0.739258 0.824251
0.741211 0.825949
0.743164 0.827642
0.745117 0.829331
0.74707 0.831015
0.749023 0.832695
0.750977 0.83437
0.75293 0.83604
0.754883 0.837706
0.756836 0.839366
0.758789 0.841022
0.760742 0.842673
0.762695 0.844319
0.764648 0.845961
0.766602 0.847597
0.768555 0.849228
0.770508 0.850855
0.772461 0.852476
0.774414 0.854092
0.776367 0.855703
0.77832 0.857309
0.780273 0.858909
0.782227 0.860505
0.78418 0.862095
0.786133 0.863679
0.788086 0.865258
0.790039 0.866832
0.791992 0.868401
0.793945 0.869963
0.795898 0.871521
0.797852 0.873072
0.799805 0.874618
0.801758 0.876158
0.803711 0.877693
0.805664 0.879221
0.807617 0.880744
0.80957 0.882261
0.811523 0.883772
0.813477 0.885277
0.81543 0.886776
0.817383 0.888268
0.819336 0.889755
0.821289 0.891235
0.823242 0.892709
0.825195 0.894177
0.827148 0.895638
0.829102 0.897093
0.831055 0.898541
0.833008 0.899983
0.834961 0.901418
0.836914 0.902847
0.838867 0.904268
0.84082 0.905683
0.842773 0.907091
0.844727 0.908492
0.84668 0.909887
0.848633 0.911273
0.850586 0.912653
0.852539 0.914026
0.854492 0.915391
0.856445 0.916749
0.858398 0.9181
0.860352 0.919443
0.862305 0.920778
0.864258 0.922106
0.866211 0.923426
0.868164 0.924738
0.870117 0.926042
0.87207 0.927339
0.874023 0.928627
0.875977 0.929907
0.87793 0.931179
0.879883 0.932442
0.881836 0.933697
0.883789 0.934944
0.885742 0.936182
0.887695 0.937411
0.889648 0.938632
0.891602 0.939843
0.893555 0.941046
0.895508 0.942239
0.897461 0.943423
0.899414 0.944598
0.901367 0.945764
0.90332 0.94692
0.905273 0.948066
0.907227 0.949203
0.90918 0.95033
0.911133 0.951446
0.913086 0.952553
0.915039 0.953649
0.916992 0.954735
0.918945 0.955811
0.920898 0.956875
0.922852 0.957929
0.924805 0.958973
0.926758 0.960005
0.928711 0.961025
0.930664 0.962035
0.932617 0.963033
0.93457 0.964019
0.936523 0.964994
0.938477 0.965956
0.94043 0.966907
0.942383 0.967845
0.944336 0.96877
0.946289 0.969683
0.948242 0.970583
0.950195 0.97147
0.952148 0.972344
0.954102 0.973204
0.956055 0.974051
0.958008 0.974884
0.959961 0.975703
0.961914 0.976507
0.963867 0.977297
0.96582 0.978073
0.967773 0.978833
0.969727 0.979578
0.97168 0.980308
0.973633 0.981022
0.975586 0.98172
0.977539 0.982402
0.979492 0.983067
0.981445 0.983715
0.983398 0.984347
0.985352 0.984961
0.987305 0.985557
0.989258 0.986135
0.991211 0.986694
0.993164 0.987177
0.995117 0.984527
0.99707 0.916147
0.999023 0.465517
1 0
