0 0
0.000976562 0.00120774
0.00292969 0.00362319
0.00488281 0.00603861
0.00683594 0.00845396
0.00878906 0.0108692
0.0107422 0.0132843
0.0126953 0.0156993
0.0146484 0.0181141
0.0166016 0.0205287
0.0185547 0.0229431
0.0205078 0.0253572
0.0224609 0.0277711
0.0244141 0.0301846
0.0263672 0.0325978
0.0283203 0.0350107
0.0302734 0.0374231
0.0322266 0.0398352
0.0341797 0.0422468
0.0361328 0.044658
0.0380859 0.0470687
0.0400391 0.0494789
0.0419922 0.0518886
0.0439453 0.0542977
0.0458984 0.0567063
0.0478516 0.0591143
0.0498047 0.0615217
0.0517578 0.0639284
0.0537109 0.0663345
0.0556641 0.06874
0.0576172 0.0711447
0.0595703 0.0735488
0.0615234 0.0759521
0.0634766 0.0783547
0.0654297 0.0807565
0.0673828 0.0831576
0.0693359 0.0855579
0.0712891 0.0879574
0.0732422 0.090356
0.0751953 0.0927538
0.0771484 0.0951508
0.0791016 0.0975469
0.0810547 0.0999422
0.0830078 0.102337
0.0849609 0.10473
0.0869141 0.107123
0.0888672 0.109514
0.0908203 0.111905
0.0927734 0.114295
0.0947266 0.116683
0.0966797 0.119071
0.0986328 0.121458
0.100586 0.123844
0.102539 0.126229
0.104492 0.128613
0.106445 0.130996
0.108398 0.133378
0.110352 0.135758
0.112305 0.138138
0.114258 0.140517
0.116211 0.142895
0.118164 0.145271
0.120117 0.147647
0.12207 0.150022
0.124023 0.152395
0.125977 0.154767
0.12793 0.157139
0.129883 0.159509
0.131836 0.161878
0.133789 0.164246
0.135742 0.166613
0.137695 0.168979
0.139648 0.171344
0.141602 0.173707
0.143555 0.17607
0.145508 0.178431
0.147461 0.180791
0.149414 0.18315
0.151367 0.185508
0.15332 0.187865
0.155273 0.190221
0.157227 0.192575
0.15918 0.194928
0.161133 0.19728
0.163086 0.199631
0.165039 0.201981
0.166992 0.20433
0.168945 0.206677
0.170898 0.209024
0.172852 0.211369
0.174805 0.213713
0.176758 0.216055
0.178711 0.218397
0.180664 0.220737
0.182617 0.223076
0.18457 0.225414
0.186523 0.227751
0.188477 0.230086
0.19043 0.23242
0.192383 0.234753
0.194336 0.237085
0.196289 0.239416
0.198242 0.241745
0.200195 0.244073
0.202148 0.2464
0.204102 0.248725
0.206055 0.25105
0.208008 0.253373
0.209961 0.255694
0.211914 0.258015
0.213867 0.260334
0.21582 0.262652
0.217773 0.264969
0.219727 0.267284
0.22168 0.269598
0.223633 0.271911
0.225586 0.274223
0.227539 0.276533
0.229492 0.278842
0.231445 0.28115
0.233398 0.283456
0.235352 0.285761
0.237305 0.288065
0.239258 0.290367
0.241211 0.292668
0.243164 0.294968
0.245117 0.297266
0.24707 0.299563
0.249023 0.301859
0.250977 0.304154
0.25293 0.306447
0.254883 0.308738
0.256836 0.311029
0.258789 0.313317
0.260742 0.315605
0.262695 0.317891
0.264648 0.320176
0.266602 0.32246
0.268555 0.324742
0.270508 0.327022
0.272461 0.329301
0.274414 0.331579
0.276367 0.333856
0.27832 0.336131
0.280273 0.338404
0.282227 0.340677
0.28418 0.342948
0.286133 0.345217
0.288086 0.347485
0.290039 0.349751
0.291992 0.352016
0.293945 0.35428
0.295898 0.356542
0.297852 0.358803
0.299805 0.361062
0.301758 0.36332
0.303711 0.365576
0.305664 0.367831
0.307617 0.370084
0.30957 0.372336
0.311523 0.374586
0.313477 0.376835
0.31543 0.379083
0.317383 0.381328
0.319336 0.383573
0.321289 0.385816
0.323242 0.388057
0.325195 0.390297
0.327148 0.392535
0.329102 0.394771
0.331055 0.397007
0.333008 0.39924
0.334961 0.401472
0.336914 0.403703
0.338867 0.405932
0.34082 0.408159
0.342773 0.410385
0.344727 0.412609
0.34668 0.414831
0.348633 0.417052
0.350586 0.419272
0.352539 0.421489
0.354492 0.423706
0.356445 0.42592
0.358398 0.428133
0.360352 0.430344
0.362305 0.432554
0.364258 0.434762
0.366211 0.436968
0.368164 0.439173
0.370117 0.441376
0.37207 0.443577
0.374023 0.445777
0.375977 0.447975
0.37793 0.450171
0.379883 0.452366
0.381836 0.454559
0.383789 0.45675
0.385742 0.45894
0.387695 0.461127
0.389648 0.463313
0.391602 0.465498
0.393555 0.46768
0.395508 0.469861
0.397461 0.47204
0.399414 0.474218
0.401367 0.476393
0.40332 0.478567
0.405273 0.480739
0.407227 0.482909
0.40918 0.485078
0.411133 0.487244
0.413086 0.489409
0.415039 0.491572
0.416992 0.493734
0.418945 0.495893
0.420898 0.498051
0.422852 0.500206
0.424805 0.50236
0.426758 0.504512
0.428711 0.506662
0.430664 0.508811
0.432617 0.510957
0.43457 0.513101
0.436523 0.515244
0.438477 0.517385
0.44043 0.519524
0.442383 0.52166
0.444336 0.523795
0.446289 0.525928
0.448242 0.52806
0.450195 0.530189
0.452148 0.532316
0.454102 0.534441
0.456055 0.536564
0.458008 0.538686
0.459961 0.540805
0.461914 0.542922
0.463867 0.545037
0.46582 0.547151
0.467773 0.549262
0.469727 0.551371
0.47168 0.553478
0.473633 0.555583
0.475586 0.557686
0.477539 0.559787
0.479492 0.561886
0.481445 0.563983
0.483398 0.566078
0.485352 0.568171
0.487305 0.570261
0.489258 0.572349
0.491211 0.574436
0.493164 0.57652
0.495117 0.578602
0.49707 0.580682
0.499023 0.582759
0.500977 0.584835
0.50293 0.586908
0.504883 0.588979
0.506836 0.591048
0.508789 0.593115
0.510742 0.595179
0.512695 0.597241
0.514648 0.599301
0.516602 0.601359
0.518555 0.603415
0.520508 0.605468
0.522461 0.607519
0.524414 0.609567
0.526367 0.611614
0.52832 0.613657
0.530273 0.615699
0.532227 0.617738
0.53418 0.619775
0.536133 0.62181
0.538086 0.623842
0.540039 0.625872
0.541992 0.627899
0.543945 0.629924
0.545898 0.631947
0.547852 0.633967
0.549805 0.635985
0.551758 0.638
0.553711 0.640013
0.555664 0.642023
0.557617 0.644031
0.55957 0.646036
0.561523 0.648039
0.563477 0.650039
0.56543 0.652037
0.567383 0.654032
0.569336 0.656025
0.571289 0.658015
0.573242 0.660003
0.575195 0.661987
0.577148 0.66397
0.579102 0.665949
0.581055 0.667926
0.583008 0.669901
0.584961 0.671872
0.586914 0.673841
0.588867 0.675808
0.59082 0.677771
0.592773 0.679732
0.594727 0.68169
0.59668 0.683645
0.598633 0.685598
0.600586 0.687548
0.602539 0.689495
0.604492 0.691439
0.606445 0.69338
0.608398 0.695319
0.610352 0.697255
0.612305 0.699188
0.614258 0.701117
0.616211 0.703045
0.618164 0.704969
0.620117 0.70689
0.62207 0.708808
0.624023 0.710723
0.625977 0.712636
0.62793 0.714545
0.629883 0.716451
0.631836 0.718354
0.633789 0.720255
0.635742 0.722152
0.637695 0.724046
0.639648 0.725937
0.641602 0.727825
0.643555 0.729709
0.645508 0.731591
0.647461 0.733469
0.649414 0.735345
0.651367 0.737217
0.65332 0.739085
0.655273 0.740951
0.657227 0.742813
0.65918 0.744672
0.661133 0.746528
0.663086 0.74838
0.665039 0.750229
0.666992 0.752075
0.668945 0.753917
0.670898 0.755756
0.672852 0.757592
0.674805 0.759424
0.676758 0.761252
0.678711 0.763078
0.680664 0.764899
0.682617 0.766717
0.68457 0.768532
0.686523 0.770343
0.688477 0.77215
0.69043 0.773954
0.692383 0.775754
0.694336 0.777551
0.696289 0.779343
0.698242 0.781132
0.700195 0.782918
0.702148 0.784699
0.704102 0.786477
0.706055 0.788251
0.708008 0.790022
0.709961 0.791788
0.711914 0.79355
0.713867 0.795309
0.71582 0.797064
0.717773 0.798815
0.719727 0.800561
0.72168 0.802304
0.723633 0.804043
0.725586 0.805777
0.727539 0.807508
0.729492 0.809234
0.731445 0.810957
0.733398 0.812675
0.735352 0.814389
0.737305 0.816099
0.739258 0.817804
0.741211 0.819505
0.743164 0.821202
0.745117 0.822895
0.74707 0.824583
0.749023 0.826267
0.750977 0.827946
0.75293 0.829621
0.754883 0.831291
0.756836 0.832957
0.758789 0.834618
0.760742 0.836275
0.762695 0.837927
0.764648 0.839574
0.766602 0.841217
0.768555 0.842855
0.770508 0.844488
0.772461 0.846116
0.774414 0.847739
0.776367 0.849358
0.77832 0.850972
0.780273 0.85258
0.782227 0.854184
0.78418 0.855783
0.786133 0.857376
0.788086 0.858965
0.790039 0.860548
0.791992 0.862126
0.793945 0.863699
0.795898 0.865266
0.797852 0.866829
0.799805 0.868385
0.801758 0.869937
0.803711 0.871483
0.805664 0.873023
0.807617 0.874558
0.80957 0.876088
0.811523 0.877611
0.813477 0.879129
0.81543 0.880642
0.817383 0.882148
0.819336 0.883649
0.821289 0.885144
0.823242 0.886632
0.825195 0.888115
0.827148 0.889592
0.829102 0.891063
0.831055 0.892527
0.833008 0.893986
0.834961 0.895438
0.836914 0.896883
0.838867 0.898323
0.84082 0.899756
0.842773 0.901182
0.844727 0.902602
0.84668 0.904015
0.848633 0.905422
0.850586 0.906822
0.852539 0.908215
0.854492 0.909601
0.856445 0.91098
0.858398 0.912353
0.860352 0.913718
0.862305 0.915076
0.864258 0.916427
0.866211 0.91777
0.868164 0.919106
0.870117 0.920435
0.87207 0.921756
0.874023 0.92307
0.875977 0.924376
0.87793 0.925674
0.879883 0.926964
0.881836 0.928247
0.883789 0.929521
0.885742 0.930788
0.887695 0.932046
0.889648 0.933296
0.891602 0.934538
0.893555 0.935771
0.895508 0.936995
0.897461 0.938212
0.899414 0.939419
0.901367 0.940617
0.90332 0.941807
0.905273 0.942987
0.907227 0.944159
0.90918 0.945321
0.911133 0.946474
0.913086 0.947617
0.915039 0.948751
0.916992 0.949875
0.918945 0.950989
0.920898 0.952094
0.922852 0.953188
0.924805 0.954272
0.926758 0.955346
0.928711 0.956409
0.930664 0.957462
0.932617 0.958504
0.93457 0.959535
0.936523 0.960556
0.938477 0.961565
0.94043 0.962562
0.942383 0.963549
0.944336 0.964524
0.946289 0.965487
0.948242 0.966438
0.950195 0.967377
0.952148 0.968303
0.954102 0.969217
0.956055 0.970119
0.958008 0.971008
0.959961 0.971884
0.961914 0.972746
0.963867 0.973596
0.96582 0.974431
0.967773 0.975253
0.969727 0.976061
0.97168 0.976854
0.973633 0.977633
0.975586 0.978398
0.977539 0.979147
0.979492 0.979881
0.981445 0.9806
0.983398 0.981303
0.985352 0.98199
0.987305 0.982661
0.989258 0.983315
0.991211 0.983952
0.993164 0.984509
0.995117 0.981824
0.99707 0.913011
0.999023 0.463145
1 0
