0 0
0.000976562 0.00118284
0.00292969 0.00354851
0.00488281 0.00591414
0.00683594 0.0082797
0.00878906 0.0106452
0.0107422 0.0130106
0.0126953 0.0153758
0.0146484 0.0177409
0.0166016 0.0201057
0.0185547 0.0224704
0.0205078 0.0248349
0.0224609 0.027199
0.0244141 0.029563
0.0263672 0.0319266
0.0283203 0.0342898
0.0302734 0.0366528
0.0322266 0.0390153
0.0341797 0.0413775
0.0361328 0.0437392
0.0380859 0.0461005
0.0400391 0.0484614
0.0419922 0.0508217
0.0439453 0.0531816
0.0458984 0.0555409
0.0478516 0.0578997
0.0498047 0.060258
0.0517578 0.0626156
0.0537109 0.0649727
0.0556641 0.0673292
0.0576172 0.069685
0.0595703 0.0720402
0.0615234 0.0743947
0.0634766 0.0767485
0.0654297 0.0791017
0.0673828 0.0814541
0.0693359 0.0838058
0.0712891 0.0861567
0.0732422 0.0885069
0.0751953 0.0908563
0.0771484 0.093205
0.0791016 0.0955528
0.0810547 0.0978999
0.0830078 0.100246
0.0849609 0.102591
0.0869141 0.104936
0.0888672 0.10728
0.0908203 0.109622
0.0927734 0.111964
0.0947266 0.114305
0.0966797 0.116646
0.0986328 0.118985
0.100586 0.121323
0.102539 0.123661
0.104492 0.125997
0.106445 0.128333
0.108398 0.130667
0.110352 0.133001
0.112305 0.135334
0.114258 0.137665
0.116211 0.139996
0.118164 0.142326
0.120117 0.144655
0.12207 0.146982
0.124023 0.149309
0.125977 0.151635
0.12793 0.15396
0.129883 0.156284
0.131836 0.158606
0.133789 0.160928
0.135742 0.163249
0.137695 0.165568
0.139648 0.167887
0.141602 0.170204
0.143555 0.172521
0.145508 0.174836
0.147461 0.177151
0.149414 0.179464
0.151367 0.181776
0.15332 0.184088
0.155273 0.186398
0.157227 0.188707
0.15918 0.191015
0.161133 0.193321
0.163086 0.195627
0.165039 0.197932
0.166992 0.200235
0.168945 0.202538
0.170898 0.204839
0.172852 0.20714
0.174805 0.209439
0.176758 0.211737
0.178711 0.214034
0.180664 0.216329
0.182617 0.218624
0.18457 0.220917
0.186523 0.22321
0.188477 0.225501
0.19043 0.227791
0.192383 0.23008
0.194336 0.232368
0.196289 0.234654
0.198242 0.23694
0.200195 0.239224
0.202148 0.241507
0.204102 0.243789
0.206055 0.24607
0.208008 0.24835
0.209961 0.250628
0.211914 0.252905
0.213867 0.255182
0.21582 0.257456
0.217773 0.25973
0.219727 0.262003
0.22168 0.264274
0.223633 0.266544
0.225586 0.268813
0.227539 0.271081
0.229492 0.273347
0.231445 0.275612
0.233398 0.277876
0.235352 0.280139
0.237305 0.282401
0.239258 0.284661
0.241211 0.28692
0.243164 0.289178
0.245117 0.291434
0.24707 0.29369
0.249023 0.295944
0.250977 0.298197
0.25293 0.300448
0.254883 0.302698
0.256836 0.304947
0.258789 0.307195
0.260742 0.309442
0.262695 0.311687
0.264648 0.313931
0.266602 0.316173
0.268555 0.318415
0.270508 0.320655
0.272461 0.322893
0.274414 0.325131
0.276367 0.327367
0.27832 0.329601
0.280273 0.331835
0.282227 0.334067
0.28418 0.336298
0.286133 0.338527
0.288086 0.340755
0.290039 0.342982
0.291992 0.345207
0.293945 0.347432
0.295898 0.349654
0.297852 0.351876
0.299805 0.354096
0.301758 0.356314
0.303711 0.358531
0.305664 0.360747
0.307617 0.362962
0.30957 0.365175
0.311523 0.367386
0.313477 0.369597
0.31543 0.371806
0.317383 0.374013
0.319336 0.376219
0.321289 0.378424
0.323242 0.380627
0.325195 0.382829
0.327148 0.385029
0.329102 0.387228
0.331055 0.389426
0.333008 0.391622
0.334961 0.393816
0.336914 0.396009
0.338867 0.398201
0.34082 0.400391
0.342773 0.40258
0.344727 0.404767
0.34668 0.406953
0.348633 0.409137
0.350586 0.41132
0.352539 0.413501
0.354492 0.415681
0.356445 0.417859
0.358398 0.420036
0.360352 0.422211
0.362305 0.424385
0.364258 0.426557
0.366211 0.428728
0.368164 0.430897
0.370117 0.433065
0.37207 0.435231
0.374023 0.437395
0.375977 0.439558
0.37793 0.441719
0.379883 0.443879
0.381836 0.446037
0.383789 0.448194
0.385742 0.450349
0.387695 0.452502
0.389648 0.454654
0.391602 0.456804
0.393555 0.458953
0.395508 0.461099
0.397461 0.463245
0.399414 0.465388
0.401367 0.46753
0.40332 0.469671
0.405273 0.471809
0.407227 0.473946
0.40918 0.476082
0.411133 0.478216
0.413086 0.480348
0.415039 0.482478
0.416992 0.484606
0.418945 0.486733
0.420898 0.488859
0.422852 0.490982
0.424805 0.493104
0.426758 0.495224
0.428711 0.497342
0.430664 0.499459
0.432617 0.501574
0.43457 0.503687
0.436523 0.505798
0.438477 0.507908
0.44043 0.510016
0.442383 0.512122
0.444336 0.514226
0.446289 0.516328
0.448242 0.518429
0.450195 0.520528
0.452148 0.522625
0.454102 0.52472
0.456055 0.526813
0.458008 0.528905
0.459961 0.530994
0.461914 0.533082
0.463867 0.535168
0.46582 0.537252
0.467773 0.539334
0.469727 0.541415
0.47168 0.543493
0.473633 0.545569
0.475586 0.547644
0.477539 0.549717
0.479492 0.551787
0.481445 0.553856
0.483398 0.555923
0.485352 0.557988
0.487305 0.560051
0.489258 0.562112
0.491211 0.564171
0.493164 0.566228
0.495117 0.568283
0.49707 0.570336
0.499023 0.572387
0.500977 0.574436
0.50293 0.576483
0.504883 0.578528
0.506836 0.580571
0.508789 0.582612
0.510742 0.584651
0.512695 0.586687
0.514648 0.588722
0.516602 0.590754
0.518555 0.592785
0.520508 0.594813
0.522461 0.596839
0.524414 0.598863
0.526367 0.600885
0.52832 0.602905
0.530273 0.604923
0.532227 0.606938
0.53418 0.608952
0.536133 0.610963
0.538086 0.612972
0.540039 0.614978
0.541992 0.616983
0.543945 0.618985
0.545898 0.620985
0.547852 0.622983
0.549805 0.624978
0.551758 0.626972
0.553711 0.628963
0.555664 0.630951
0.557617 0.632938
0.55957 0.634922
0.561523 0.636903
0.563477 0.638883
0.56543 0.64086
0.567383 0.642834
0.569336 0.644807
0.571289 0.646777
0.573242 0.648744
0.575195 0.650709
0.577148 0.652672
0.579102 0.654632
0.581055 0.65659
0.583008 0.658546
0.584961 0.660499
0.586914 0.662449
0.588867 0.664397
0.59082 0.666343
0.592773 0.668286
0.594727 0.670226
0.59668 0.672164
0.598633 0.674099
0.600586 0.676032
0.602539 0.677962
0.604492 0.67989
0.606445 0.681815
0.608398 0.683737
0.610352 0.685657
0.612305 0.687574
0.614258 0.689489
0.616211 0.6914
0.618164 0.69331
0.620117 0.695216
0.62207 0.69712
0.624023 0.699021
0.625977 0.700919
0.62793 0.702814
0.629883 0.704707
0.631836 0.706597
0.633789 0.708484
0.635742 0.710368
0.637695 0.71225
0.639648 0.714128
0.641602 0.716004
0.643555 0.717877
0.645508 0.719747
0.647461 0.721614
0.649414 0.723478
0.651367 0.725339
0.65332 0.727197
0.655273 0.729052
0.657227 0.730905
0.65918 0.732754
0.661133 0.7346
0.663086 0.736443
0.665039 0.738283
0.666992 0.74012
0.668945 0.741954
0.670898 0.743785
0.672852 0.745612
0.674805 0.747437
0.676758 0.749258
0.678711 0.751076
0.680664 0.752891
0.682617 0.754703
0.68457 0.756511
0.686523 0.758316
0.688477 0.760118
0.69043 0.761917
0.692383 0.763712
0.694336 0.765504
0.696289 0.767292
0.698242 0.769077
0.700195 0.770859
0.702148 0.772637
0.704102 0.774412
0.706055 0.776183
0.708008 0.777951
0.709961 0.779715
0.711914 0.781476
0.713867 0.783233
0.71582 0.784987
0.717773 0.786737
0.719727 0.788483
0.72168 0.790226
0.723633 0.791965
0.725586 0.7937
0.727539 0.795432
0.729492 0.79716
0.731445 0.798884
0.733398 0.800604
0.735352 0.80232
0.737305 0.804033
0.739258 0.805742
0.741211 0.807446
0.743164 0.809147
0.745117 0.810844
0.74707 0.812537
0.749023 0.814226
0.750977 0.815911
0.75293 0.817592
0.754883 0.819268
0.756836 0.820941
0.758789 0.822609
0.760742 0.824273
0.762695 0.825933
0.764648 0.827589
0.766602 0.82924
0.768555 0.830888
0.770508 0.83253
0.772461 0.834169
0.774414 0.835803
0.776367 0.837432
0.77832 0.839058
0.780273 0.840678
0.782227 0.842294
0.78418 0.843906
0.786133 0.845513
0.788086 0.847115
0.790039 0.848713
0.791992 0.850305
0.793945 0.851894
0.795898 0.853477
0.797852 0.855055
0.799805 0.856629
0.801758 0.858198
0.803711 0.859762
0.805664 0.861321
0.807617 0.862874
0.80957 0.864423
0.811523 0.865967
0.813477 0.867505
0.81543 0.869039
0.817383 0.870567
0.819336 0.87209
0.821289 0.873607
0.823242 0.87512
0.825195 0.876627
0.827148 0.878128
0.829102 0.879624
0.831055 0.881114
0.833008 0.882599
0.834961 0.884078
0.836914 0.885552
0.838867 0.887019
0.84082 0.888481
0.842773 0.889937
0.844727 0.891387
0.84668 0.892832
0.848633 0.89427
0.850586 0.895702
0.852539 0.897128
0.854492 0.898548
0.856445 0.899962
0.858398 0.90137
0.860352 0.902771
0.862305 0.904165
0.864258 0.905554
0.866211 0.906936
0.868164 0.908311
0.870117 0.909679
0.87207 0.911041
0.874023 0.912396
0.875977 0.913744
0.87793 0.915086
0.879883 0.91642
0.881836 0.917747
0.883789 0.919068
0.885742 0.920381
0.887695 0.921686
0.889648 0.922985
0.891602 0.924276
0.893555 0.925559
0.895508 0.926835
0.897461 0.928103
0.899414 0.929364
0.901367 0.930617
0.90332 0.931861
0.905273 0.933098
0.907227 0.934327
0.90918 0.935548
0.911133 0.93676
0.913086 0.937964
0.915039 0.939159
0.916992 0.940346
0.918945 0.941524
0.920898 0.942694
0.922852 0.943855
0.924805 0.945006
0.926758 0.946149
0.928711 0.947283
0.930664 0.948407
0.932617 0.949522
0.93457 0.950627
0.936523 0.951723
0.938477 0.952808
0.94043 0.953885
0.942383 0.954951
0.944336 0.956006
0.946289 0.957052
0.948242 0.958087
0.950195 0.959112
0.952148 0.960126
0.954102 0.961129
0.956055 0.962121
0.958008 0.963103
0.959961 0.964072
0.961914 0.965031
0.963867 0.965978
0.96582 0.966913
0.967773 0.967836
0.969727 0.968747
0.97168 0.969645
0.973633 0.970532
0.975586 0.971405
0.977539 0.972266
0.979492 0.973114
0.981445 0.973948
0.983398 0.974769
0.985352 0.975577
0.987305 0.97637
0.989258 0.97715
0.991211 0.977913
0.993164 0.978585
0.995117 0.975762
0.99707 0.905904
0.999023 0.45776
1 0
