0 0
0.000976562 0.00116171
0.00292969 0.00348512
0.00488281 0.0058085
0.00683594 0.00813182
0.00878906 0.0104551
0.0107422 0.0127782
0.0126953 0.0151012
0.0146484 0.0174241
0.0166016 0.0197467
0.0185547 0.0220692
0.0205078 0.0243915
0.0224609 0.0267136
0.0244141 0.0290353
0.0263672 0.0313568
0.0283203 0.033678
0.0302734 0.0359989
0.0322266 0.0383194
0.0341797 0.0406396
0.0361328 0.0429593
0.0380859 0.0452787
0.0400391 0.0475976
0.0419922 0.0499161
0.0439453 0.0522341
0.0458984 0.0545517
0.0478516 0.0568687
0.0498047 0.0591852
0.0517578 0.0615012
0.0537109 0.0638166
0.0556641 0.0661315
0.0576172 0.0684457
0.0595703 0.0707594
0.0615234 0.0730724
0.0634766 0.0753848
0.0654297 0.0776966
0.0673828 0.0800077
0.0693359 0.0823181
0.0712891 0.0846278
0.0732422 0.0869368
0.0751953 0.0892451
0.0771484 0.0915526
0.0791016 0.0938594
0.0810547 0.0961655
0.0830078 0.0984707
0.0849609 0.100775
0.0869141 0.103079
0.0888672 0.105382
0.0908203 0.107684
0.0927734 0.109985
0.0947266 0.112286
0.0966797 0.114585
0.0986328 0.116884
0.100586 0.119182
0.102539 0.121479
0.104492 0.123775
0.106445 0.12607
0.108398 0.128365
0.110352 0.130658
0.112305 0.132951
0.114258 0.135243
0.116211 0.137533
0.118164 0.139823
0.120117 0.142112
0.12207 0.1444
0.124023 0.146687
0.125977 0.148973
0.12793 0.151258
0.129883 0.153543
0.131836 0.155826
0.133789 0.158108
0.135742 0.160389
0.137695 0.16267
0.139648 0.164949
0.141602 0.167227
0.143555 0.169505
0.145508 0.171781
0.147461 0.174056
0.149414 0.176331
0.151367 0.178604
0.15332 0.180876
0.155273 0.183148
0.157227 0.185418
0.15918 0.187687
0.161133 0.189955
0.163086 0.192223
0.165039 0.194489
0.166992 0.196754
0.168945 0.199018
0.170898 0.201281
0.172852 0.203543
0.174805 0.205804
0.176758 0.208064
0.178711 0.210323
0.180664 0.212581
0.182617 0.214837
0.18457 0.217093
0.186523 0.219347
0.188477 0.221601
0.19043 0.223853
0.192383 0.226105
0.194336 0.228355
0.196289 0.230604
0.198242 0.232852
0.200195 0.235099
0.202148 0.237345
0.204102 0.23959
0.206055 0.241833
0.208008 0.244076
0.209961 0.246317
0.211914 0.248558
0.213867 0.250797
0.21582 0.253035
0.217773 0.255272
0.219727 0.257508
0.22168 0.259742
0.223633 0.261976
0.225586 0.264208
0.227539 0.26644
0.229492 0.26867
0.231445 0.270899
0.233398 0.273126
0.235352 0.275353
0.237305 0.277578
0.239258 0.279803
0.241211 0.282026
0.243164 0.284248
0.245117 0.286469
0.24707 0.288688
0.249023 0.290907
0.250977 0.293124
0.25293 0.29534
0.254883 0.297555
0.256836 0.299769
0.258789 0.301981
0.260742 0.304192
0.262695 0.306402
0.264648 0.308611
0.266602 0.310819
0.268555 0.313025
0.270508 0.31523
0.272461 0.317434
0.274414 0.319637
0.276367 0.321838
0.27832 0.324039
0.280273 0.326237
0.282227 0.328435
0.28418 0.330632
0.286133 0.332827
0.288086 0.335021
0.290039 0.337214
0.291992 0.339405
0.293945 0.341595
0.295898 0.343784
0.297852 0.345971
0.299805 0.348158
0.301758 0.350343
0.303711 0.352526
0.305664 0.354709
0.307617 0.35689
0.30957 0.35907
0.311523 0.361248
0.313477 0.363425
0.31543 0.365601
0.317383 0.367776
0.319336 0.369949
0.321289 0.372121
0.323242 0.374291
0.325195 0.37646
0.327148 0.378628
0.329102 0.380795
0.331055 0.38296
0.333008 0.385124
0.334961 0.387286
0.336914 0.389447
0.338867 0.391606
0.34082 0.393765
0.342773 0.395922
0.344727 0.398077
0.34668 0.400231
0.348633 0.402384
0.350586 0.404535
0.352539 0.406685
0.354492 0.408833
0.356445 0.41098
0.358398 0.413126
0.360352 0.41527
0.362305 0.417413
0.364258 0.419554
0.366211 0.421694
0.368164 0.423832
0.370117 0.425969
0.37207 0.428105
0.374023 0.430239
0.375977 0.432371
0.37793 0.434502
0.379883 0.436632
0.381836 0.43876
0.383789 0.440887
0.385742 0.443012
0.387695 0.445135
0.389648 0.447257
0.391602 0.449378
0.393555 0.451497
0.395508 0.453614
0.397461 0.45573
0.399414 0.457845
0.401367 0.459958
0.40332 0.462069
0.405273 0.464179
0.407227 0.466287
0.40918 0.468394
0.411133 0.470499
0.413086 0.472602
0.415039 0.474704
0.416992 0.476805
0.418945 0.478904
0.420898 0.481001
0.422852 0.483096
0.424805 0.48519
0.426758 0.487282
0.428711 0.489373
0.430664 0.491462
0.432617 0.49355
0.43457 0.495635
0.436523 0.497719
0.438477 0.499802
0.44043 0.501883
0.442383 0.503962
0.444336 0.506039
0.446289 0.508115
0.448242 0.510189
0.450195 0.512261
0.452148 0.514332
0.454102 0.516401
0.456055 0.518468
0.458008 0.520533
0.459961 0.522597
0.461914 0.524659
0.463867 0.526719
0.46582 0.528778
0.467773 0.530835
0.469727 0.53289
0.47168 0.534943
0.473633 0.536994
0.475586 0.539044
0.477539 0.541092
0.479492 0.543138
0.481445 0.545182
0.483398 0.547224
0.485352 0.549265
0.487305 0.551304
0.489258 0.553341
0.491211 0.555376
0.493164 0.557409
0.495117 0.55944
0.49707 0.561469
0.499023 0.563497
0.500977 0.565523
0.50293 0.567546
0.504883 0.569568
0.506836 0.571588
0.508789 0.573606
0.510742 0.575622
0.512695 0.577636
0.514648 0.579649
0.516602 0.581659
0.518555 0.583667
0.520508 0.585673
0.522461 0.587678
0.524414 0.58968
0.526367 0.59168
0.52832 0.593679
0.530273 0.595675
0.532227 0.597669
0.53418 0.599661
0.536133 0.601652
0.538086 0.60364
0.540039 0.605626
0.541992 0.60761
0.543945 0.609592
0.545898 0.611571
0.547852 0.613549
0.549805 0.615525
0.551758 0.617498
0.553711 0.61947
0.555664 0.621439
0.557617 0.623406
0.55957 0.625371
0.561523 0.627333
0.563477 0.629294
0.56543 0.631252
0.567383 0.633208
0.569336 0.635162
0.571289 0.637114
0.573242 0.639064
0.575195 0.641011
0.577148 0.642956
0.579102 0.644898
0.581055 0.646839
0.583008 0.648777
0.584961 0.650713
0.586914 0.652646
0.588867 0.654578
0.59082 0.656507
0.592773 0.658433
0.594727 0.660357
0.59668 0.662279
0.598633 0.664198
0.600586 0.666116
0.602539 0.66803
0.604492 0.669942
0.606445 0.671852
0.608398 0.67376
0.610352 0.675664
0.612305 0.677567
0.614258 0.679467
0.616211 0.681364
0.618164 0.683259
0.620117 0.685152
0.62207 0.687042
0.624023 0.688929
0.625977 0.690814
0.62793 0.692696
0.629883 0.694576
0.631836 0.696453
0.633789 0.698327
0.635742 0.700199
0.637695 0.702068
0.639648 0.703935
0.641602 0.705799
0.643555 0.70766
0.645508 0.709518
0.647461 0.711374
0.649414 0.713227
0.651367 0.715078
0.65332 0.716925
0.655273 0.71877
0.657227 0.720612
0.65918 0.722451
0.661133 0.724288
0.663086 0.726121
0.665039 0.727952
0.666992 0.72978
0.668945 0.731605
0.670898 0.733427
0.672852 0.735246
0.674805 0.737063
0.676758 0.738876
0.678711 0.740686
0.680664 0.742494
0.682617 0.744298
0.68457 0.746099
0.686523 0.747898
0.688477 0.749693
0.69043 0.751485
0.692383 0.753274
0.694336 0.75506
0.696289 0.756843
0.698242 0.758623
0.700195 0.760399
0.702148 0.762173
0.704102 0.763943
0.706055 0.76571
0.708008 0.767474
0.709961 0.769234
0.711914 0.770991
0.713867 0.772745
0.71582 0.774496
0.717773 0.776243
0.719727 0.777987
0.72168 0.779728
0.723633 0.781465
0.725586 0.783198
0.727539 0.784929
0.729492 0.786655
0.731445 0.788379
0.733398 0.790098
0.735352 0.791815
0.737305 0.793527
0.739258 0.795236
0.741211 0.796942
0.743164 0.798644
0.745117 0.800342
0.74707 0.802036
0.749023 0.803727
0.750977 0.805414
0.75293 0.807097
0.754883 0.808777
0.756836 0.810453
0.758789 0.812124
0.760742 0.813792
0.762695 0.815457
0.764648 0.817117
0.766602 0.818773
0.768555 0.820425
0.770508 0.822074
0.772461 0.823718
0.774414 0.825358
0.776367 0.826994
0.77832 0.828627
0.780273 0.830254
0.782227 0.831878
0.78418 0.833498
0.786133 0.835113
0.788086 0.836724
0.790039 0.838331
0.791992 0.839933
0.793945 0.841531
0.795898 0.843125
0.797852 0.844714
0.799805 0.846299
0.801758 0.847879
0.803711 0.849455
0.805664 0.851026
0.807617 0.852593
0.80957 0.854155
0.811523 0.855712
0.813477 0.857265
0.81543 0.858813
0.817383 0.860356
0.819336 0.861894
0.821289 0.863428
0.823242 0.864956
0.825195 0.86648
0.827148 0.867998
0.829102 0.869512
0.831055 0.87102
0.833008 0.872524
0.834961 0.874022
0.836914 0.875515
0.838867 0.877003
0.84082 0.878485
0.842773 0.879963
0.844727 0.881435
0.84668 0.882901
0.848633 0.884362
0.850586 0.885818
0.852539 0.887267
0.854492 0.888712
0.856445 0.89015
0.858398 0.891583
0.860352 0.893011
0.862305 0.894432
0.864258 0.895848
0.866211 0.897257
0.868164 0.898661
0.870117 0.900058
0.87207 0.90145
0.874023 0.902835
0.875977 0.904215
0.87793 0.905587
0.879883 0.906954
0.881836 0.908314
0.883789 0.909668
0.885742 0.911015
0.887695 0.912356
0.889648 0.91369
0.891602 0.915017
0.893555 0.916338
0.895508 0.917652
0.897461 0.918959
0.899414 0.920258
0.901367 0.921551
0.90332 0.922837
0.905273 0.924115
0.907227 0.925386
0.90918 0.92665
0.911133 0.927907
0.913086 0.929156
0.915039 0.930397
0.916992 0.93163
0.918945 0.932856
0.920898 0.934074
0.922852 0.935284
0.924805 0.936486
0.926758 0.93768
0.928711 0.938866
0.930664 0.940043
0.932617 0.941212
0.93457 0.942373
0.936523 0.943525
0.938477 0.944668
0.94043 0.945802
0.942383 0.946928
0.944336 0.948044
0.946289 0.949151
0.948242 0.950249
0.950195 0.951338
0.952148 0.952417
0.954102 0.953486
0.956055 0.954546
0.958008 0.955596
0.959961 0.956636
0.961914 0.957666
0.963867 0.958685
0.96582 0.959695
0.967773 0.960693
0.969727 0.961681
0.97168 0.962658
0.973633 0.963624
0.975586 0.964579
0.977539 0.965523
0.979492 0.966455
0.981445 0.967376
0.983398 0.968284
0.985352 0.969181
0.987305 0.970066
0.989258 0.970938
0.991211 0.971796
0.993164 0.972546
0.995117 0.969529
0.99707 0.898542
0.999023 0.452201
1 0
