0 0
0.000976562 0.00115484
0.00292969 0.0034645
0.00488281 0.00577412
0.00683594 0.00808369
0.00878906 0.0103932
0.0107422 0.0127026
0.0126953 0.0150118
0.0146484 0.017321
0.0166016 0.0196299
0.0185547 0.0219387
0.0205078 0.0242472
0.0224609 0.0265556
0.0244141 0.0288636
0.0263672 0.0311714
0.0283203 0.0334789
0.0302734 0.0357861
0.0322266 0.0380929
0.0341797 0.0403994
0.0361328 0.0427055
0.0380859 0.0450112
0.0400391 0.0473165
0.0419922 0.0496214
0.0439453 0.0519258
0.0458984 0.0542297
0.0478516 0.0565331
0.0498047 0.0588361
0.0517578 0.0611385
0.0537109 0.0634403
0.0556641 0.0657416
0.0576172 0.0680423
0.0595703 0.0703425
0.0615234 0.072642
0.0634766 0.0749409
0.0654297 0.0772392
0.0673828 0.0795368
0.0693359 0.0818338
0.0712891 0.08413
0.0732422 0.0864256
0.0751953 0.0887205
0.0771484 0.0910147
0.0791016 0.0933081
0.0810547 0.0956008
0.0830078 0.0978928
0.0849609 0.100184
0.0869141 0.102474
0.0888672 0.104764
0.0908203 0.107053
0.0927734 0.109341
0.0947266 0.111628
0.0966797 0.113914
0.0986328 0.1162
0.100586 0.118485
0.102539 0.120769
0.104492 0.123052
0.106445 0.125334
0.108398 0.127615
0.110352 0.129895
0.112305 0.132175
0.114258 0.134454
0.116211 0.136731
0.118164 0.139008
0.120117 0.141284
0.12207 0.143559
0.124023 0.145833
0.125977 0.148106
0.12793 0.150379
0.129883 0.15265
0.131836 0.15492
0.133789 0.15719
0.135742 0.159458
0.137695 0.161725
0.139648 0.163992
0.141602 0.166258
0.143555 0.168522
0.145508 0.170786
0.147461 0.173048
0.149414 0.17531
0.151367 0.177571
0.15332 0.17983
0.155273 0.182089
0.157227 0.184347
0.15918 0.186603
0.161133 0.188859
0.163086 0.191113
0.165039 0.193367
0.166992 0.19562
0.168945 0.197871
0.170898 0.200122
0.172852 0.202371
0.174805 0.20462
0.176758 0.206867
0.178711 0.209114
0.180664 0.211359
0.182617 0.213603
0.18457 0.215847
0.186523 0.218089
0.188477 0.22033
0.19043 0.22257
0.192383 0.224809
0.194336 0.227047
0.196289 0.229284
0.198242 0.23152
0.200195 0.233755
0.202148 0.235988
0.204102 0.238221
0.206055 0.240452
0.208008 0.242683
0.209961 0.244912
0.211914 0.247141
0.213867 0.249368
0.21582 0.251594
0.217773 0.253819
0.219727 0.256042
0.22168 0.258265
0.223633 0.260487
0.225586 0.262707
0.227539 0.264927
0.229492 0.267145
0.231445 0.269362
0.233398 0.271578
0.235352 0.273793
0.237305 0.276006
0.239258 0.278219
0.241211 0.28043
0.243164 0.282641
0.245117 0.28485
0.24707 0.287058
0.249023 0.289264
0.250977 0.29147
0.25293 0.293674
0.254883 0.295878
0.256836 0.29808
0.258789 0.300281
0.260742 0.30248
0.262695 0.304679
0.264648 0.306876
0.266602 0.309072
0.268555 0.311267
0.270508 0.313461
0.272461 0.315654
0.274414 0.317845
0.276367 0.320035
0.27832 0.322224
0.280273 0.324412
0.282227 0.326598
0.28418 0.328783
0.286133 0.330967
0.288086 0.33315
0.290039 0.335332
0.291992 0.337512
0.293945 0.339691
0.295898 0.341869
0.297852 0.344045
0.299805 0.34622
0.301758 0.348394
0.303711 0.350567
0.305664 0.352739
0.307617 0.354909
0.30957 0.357078
0.311523 0.359245
0.313477 0.361411
0.31543 0.363576
0.317383 0.36574
0.319336 0.367903
0.321289 0.370064
0.323242 0.372223
0.325195 0.374382
0.327148 0.376539
0.329102 0.378695
0.331055 0.380849
0.333008 0.383002
0.334961 0.385154
0.336914 0.387305
0.338867 0.389454
0.34082 0.391602
0.342773 0.393748
0.344727 0.395893
0.34668 0.398037
0.348633 0.400179
0.350586 0.40232
0.352539 0.404459
0.354492 0.406597
0.356445 0.408734
0.358398 0.41087
0.360352 0.413004
0.362305 0.415136
0.364258 0.417267
0.366211 0.419397
0.368164 0.421525
0.370117 0.423652
0.37207 0.425778
0.374023 0.427902
0.375977 0.430024
0.37793 0.432145
0.379883 0.434265
0.381836 0.436383
0.383789 0.4385
0.385742 0.440615
0.387695 0.442729
0.389648 0.444841
0.391602 0.446952
0.393555 0.449061
0.395508 0.451169
0.397461 0.453275
0.399414 0.45538
0.401367 0.457484
0.40332 0.459585
0.405273 0.461686
0.407227 0.463784
0.40918 0.465882
0.411133 0.467977
0.413086 0.470071
0.415039 0.472164
0.416992 0.474255
0.418945 0.476344
0.420898 0.478432
0.422852 0.480519
0.424805 0.482603
0.426758 0.484686
0.428711 0.486768
0.430664 0.488848
0.432617 0.490926
0.43457 0.493003
0.436523 0.495078
0.438477 0.497152
0.44043 0.499223
0.442383 0.501294
0.444336 0.503362
0.446289 0.505429
0.448242 0.507494
0.450195 0.509558
0.452148 0.51162
0.454102 0.51368
0.456055 0.515739
0.458008 0.517796
0.459961 0.519851
0.461914 0.521904
0.463867 0.523956
0.46582 0.526006
0.467773 0.528054
0.469727 0.530101
0.47168 0.532146
0.473633 0.534189
0.475586 0.53623
0.477539 0.53827
0.479492 0.540308
0.481445 0.542344
0.483398 0.544378
0.485352 0.54641
0.487305 0.548441
0.489258 0.55047
0.491211 0.552497
0.493164 0.554522
0.495117 0.556546
0.49707 0.558567
0.499023 0.560587
0.500977 0.562605
0.50293 0.564621
0.504883 0.566635
0.506836 0.568647
0.508789 0.570658
0.510742 0.572666
0.512695 0.574673
0.514648 0.576677
0.516602 0.57868
0.518555 0.580681
0.520508 0.58268
0.522461 0.584677
0.524414 0.586672
0.526367 0.588665
0.52832 0.590656
0.530273 0.592645
0.532227 0.594633
0.53418 0.596618
0.536133 0.598601
0.538086 0.600582
0.540039 0.602561
0.541992 0.604538
0.543945 0.606513
0.545898 0.608486
0.547852 0.610457
0.549805 0.612426
0.551758 0.614393
0.553711 0.616358
0.555664 0.618321
0.557617 0.620281
0.55957 0.62224
0.561523 0.624196
0.563477 0.62615
0.56543 0.628102
0.567383 0.630052
0.569336 0.632
0.571289 0.633945
0.573242 0.635889
0.575195 0.63783
0.577148 0.639769
0.579102 0.641706
0.581055 0.64364
0.583008 0.645572
0.584961 0.647502
0.586914 0.64943
0.588867 0.651356
0.59082 0.653279
0.592773 0.6552
0.594727 0.657118
0.59668 0.659035
0.598633 0.660949
0.600586 0.66286
0.602539 0.66477
0.604492 0.666677
0.606445 0.668581
0.608398 0.670484
0.610352 0.672383
0.612305 0.674281
0.614258 0.676176
0.616211 0.678068
0.618164 0.679958
0.620117 0.681846
0.62207 0.683731
0.624023 0.685614
0.625977 0.687494
0.62793 0.689372
0.629883 0.691247
0.631836 0.693119
0.633789 0.694989
0.635742 0.696857
0.637695 0.698722
0.639648 0.700584
0.641602 0.702444
0.643555 0.704301
0.645508 0.706156
0.647461 0.708007
0.649414 0.709857
0.651367 0.711703
0.65332 0.713547
0.655273 0.715388
0.657227 0.717227
0.65918 0.719062
0.661133 0.720895
0.663086 0.722725
0.665039 0.724553
0.666992 0.726377
0.668945 0.728199
0.670898 0.730018
0.672852 0.731834
0.674805 0.733647
0.676758 0.735458
0.678711 0.737265
0.680664 0.73907
0.682617 0.740871
0.68457 0.74267
0.686523 0.744466
0.688477 0.746259
0.69043 0.748048
0.692383 0.749835
0.694336 0.751619
0.696289 0.7534
0.698242 0.755177
0.700195 0.756952
0.702148 0.758723
0.704102 0.760492
0.706055 0.762257
0.708008 0.764019
0.709961 0.765778
0.711914 0.767533
0.713867 0.769286
0.71582 0.771035
0.717773 0.772781
0.719727 0.774523
0.72168 0.776263
0.723633 0.777999
0.725586 0.779732
0.727539 0.781461
0.729492 0.783187
0.731445 0.78491
0.733398 0.786629
0.735352 0.788344
0.737305 0.790057
0.739258 0.791765
0.741211 0.793471
0.743164 0.795172
0.745117 0.79687
0.74707 0.798565
0.749023 0.800256
0.750977 0.801943
0.75293 0.803627
0.754883 0.805307
0.756836 0.806983
0.758789 0.808656
0.760742 0.810324
0.762695 0.811989
0.764648 0.813651
0.766602 0.815308
0.768555 0.816961
0.770508 0.818611
0.772461 0.820257
0.774414 0.821898
0.776367 0.823536
0.77832 0.82517
0.780273 0.8268
0.782227 0.828425
0.78418 0.830047
0.786133 0.831664
0.788086 0.833278
0.790039 0.834887
0.791992 0.836492
0.793945 0.838093
0.795898 0.839689
0.797852 0.841281
0.799805 0.842869
0.801758 0.844452
0.803711 0.846031
0.805664 0.847606
0.807617 0.849176
0.80957 0.850742
0.811523 0.852303
0.813477 0.853859
0.81543 0.855411
0.817383 0.856959
0.819336 0.858501
0.821289 0.860039
0.823242 0.861572
0.825195 0.863101
0.827148 0.864624
0.829102 0.866143
0.831055 0.867656
0.833008 0.869165
0.834961 0.870669
0.836914 0.872168
0.838867 0.873661
0.84082 0.87515
0.842773 0.876633
0.844727 0.878111
0.84668 0.879584
0.848633 0.881052
0.850586 0.882514
0.852539 0.883971
0.854492 0.885422
0.856445 0.886868
0.858398 0.888309
0.860352 0.889744
0.862305 0.891173
0.864258 0.892596
0.866211 0.894014
0.868164 0.895426
0.870117 0.896832
0.87207 0.898232
0.874023 0.899627
0.875977 0.901015
0.87793 0.902397
0.879883 0.903773
0.881836 0.905143
0.883789 0.906507
0.885742 0.907864
0.887695 0.909216
0.889648 0.91056
0.891602 0.911898
0.893555 0.91323
0.895508 0.914555
0.897461 0.915873
0.899414 0.917185
0.901367 0.918489
0.90332 0.919787
0.905273 0.921078
0.907227 0.922362
0.90918 0.923639
0.911133 0.924908
0.913086 0.92617
0.915039 0.927425
0.916992 0.928673
0.918945 0.929913
0.920898 0.931145
0.922852 0.93237
0.924805 0.933587
0.926758 0.934797
0.928711 0.935998
0.930664 0.937191
0.932617 0.938376
0.93457 0.939553
0.936523 0.940722
0.938477 0.941882
0.94043 0.943034
0.942383 0.944177
0.944336 0.945312
0.946289 0.946437
0.948242 0.947554
0.950195 0.948662
0.952148 0.949761
0.954102 0.95085
0.956055 0.95193
0.958008 0.953001
0.959961 0.954061
0.961914 0.955113
0.963867 0.956154
0.96582 0.957185
0.967773 0.958207
0.969727 0.959218
0.97168 0.960218
0.973633 0.961208
0.975586 0.962187
0.977539 0.963156
0.979492 0.964113
0.981445 0.96506
0.983398 0.965995
0.985352 0.966918
0.987305 0.96783
0.989258 0.96873
0.991211 0.969616
0.993164 0.970388
0.995117 0.967292
0.99707 0.895893
0.999023 0.450209
1 0
