0 0
0.000976562 0.00112423
0.00292969 0.00337268
0.00488281 0.0056211
0.00683594 0.00786947
0.00878906 0.0101178
0.0107422 0.012366
0.0126953 0.0146141
0.0146484 0.016862
0.0166016 0.0191099
0.0185547 0.0213575
0.0205078 0.023605
0.0224609 0.0258522
0.0244141 0.0280992
0.0263672 0.030346
0.0283203 0.0325925
0.0302734 0.0348388
0.0322266 0.0370847
0.0341797 0.0393303
0.0361328 0.0415756
0.0380859 0.0438205
0.0400391 0.046065
0.0419922 0.0483091
0.0439453 0.0505529
0.0458984 0.0527962
0.0478516 0.0550391
0.0498047 0.0572815
0.0517578 0.0595234
0.0537109 0.0617649
0.0556641 0.0640058
0.0576172 0.0662463
0.0595703 0.0684862
0.0615234 0.0707255
0.0634766 0.0729643
0.0654297 0.0752025
0.0673828 0.0774402
0.0693359 0.0796772
0.0712891 0.0819136
0.0732422 0.0841494
0.0751953 0.0863846
0.0771484 0.0886191
0.0791016 0.0908529
0.0810547 0.0930861
0.0830078 0.0953186
0.0849609 0.0975505
0.0869141 0.0997816
0.0888672 0.102012
0.0908203 0.104242
0.0927734 0.106471
0.0947266 0.108699
0.0966797 0.110926
0.0986328 0.113153
0.100586 0.115379
0.102539 0.117604
0.104492 0.119829
0.106445 0.122052
0.108398 0.124275
0.110352 0.126497
0.112305 0.128718
0.114258 0.130939
0.116211 0.133158
0.118164 0.135377
0.120117 0.137595
0.12207 0.139812
0.124023 0.142028
0.125977 0.144244
0.12793 0.146458
0.129883 0.148672
0.131836 0.150885
0.133789 0.153097
0.135742 0.155308
0.137695 0.157518
0.139648 0.159727
0.141602 0.161936
0.143555 0.164143
0.145508 0.16635
0.147461 0.168556
0.149414 0.17076
0.151367 0.172964
0.15332 0.175167
0.155273 0.17737
0.157227 0.179571
0.15918 0.181771
0.161133 0.18397
0.163086 0.186169
0.165039 0.188366
0.166992 0.190563
0.168945 0.192759
0.170898 0.194953
0.172852 0.197147
0.174805 0.19934
0.176758 0.201532
0.178711 0.203723
0.180664 0.205913
0.182617 0.208102
0.18457 0.21029
0.186523 0.212477
0.188477 0.214663
0.19043 0.216848
0.192383 0.219032
0.194336 0.221215
0.196289 0.223397
0.198242 0.225579
0.200195 0.227759
0.202148 0.229938
0.204102 0.232116
0.206055 0.234293
0.208008 0.23647
0.209961 0.238645
0.211914 0.240819
0.213867 0.242992
0.21582 0.245165
0.217773 0.247336
0.219727 0.249506
0.22168 0.251675
0.223633 0.253843
0.225586 0.25601
0.227539 0.258176
0.229492 0.260341
0.231445 0.262505
0.233398 0.264668
0.235352 0.26683
0.237305 0.268991
0.239258 0.271151
0.241211 0.27331
0.243164 0.275468
0.245117 0.277624
0.24707 0.27978
0.249023 0.281934
0.250977 0.284088
0.25293 0.28624
0.254883 0.288392
0.256836 0.290542
0.258789 0.292691
0.260742 0.294839
0.262695 0.296986
0.264648 0.299132
0.266602 0.301277
0.268555 0.303421
0.270508 0.305563
0.272461 0.307705
0.274414 0.309845
0.276367 0.311984
0.27832 0.314123
0.280273 0.31626
0.282227 0.318396
0.28418 0.32053
0.286133 0.322664
0.288086 0.324797
0.290039 0.326928
0.291992 0.329058
0.293945 0.331187
0.295898 0.333315
0.297852 0.335442
0.299805 0.337568
0.301758 0.339692
0.303711 0.341816
0.305664 0.343938
0.307617 0.346059
0.30957 0.348179
0.311523 0.350297
0.313477 0.352415
0.31543 0.354531
0.317383 0.356646
0.319336 0.35876
0.321289 0.360873
0.323242 0.362984
0.325195 0.365095
0.327148 0.367204
0.329102 0.369312
0.331055 0.371418
0.333008 0.373524
0.334961 0.375628
0.336914 0.377731
0.338867 0.379833
0.34082 0.381933
0.342773 0.384033
0.344727 0.386131
0.34668 0.388227
0.348633 0.390323
0.350586 0.392417
0.352539 0.39451
0.354492 0.396602
0.356445 0.398692
0.358398 0.400782
0.360352 0.402869
0.362305 0.404956
0.364258 0.407041
0.366211 0.409125
0.368164 0.411208
0.370117 0.41329
0.37207 0.41537
0.374023 0.417449
0.375977 0.419526
0.37793 0.421602
0.379883 0.423677
0.381836 0.425751
0.383789 0.427823
0.385742 0.429894
0.387695 0.431963
0.389648 0.434032
0.391602 0.436098
0.393555 0.438164
0.395508 0.440228
0.397461 0.442291
0.399414 0.444352
0.401367 0.446412
0.40332 0.448471
0.405273 0.450528
0.407227 0.452584
0.40918 0.454638
0.411133 0.456691
0.413086 0.458743
0.415039 0.460793
0.416992 0.462841
0.418945 0.464889
0.420898 0.466935
0.422852 0.468979
0.424805 0.471022
0.426758 0.473064
0.428711 0.475104
0.430664 0.477143
0.432617 0.47918
0.43457 0.481216
0.436523 0.48325
0.438477 0.485283
0.44043 0.487314
0.442383 0.489344
0.444336 0.491372
0.446289 0.493399
0.448242 0.495424
0.450195 0.497448
0.452148 0.49947
0.454102 0.501491
0.456055 0.50351
0.458008 0.505528
0.459961 0.507544
0.461914 0.509559
0.463867 0.511572
0.46582 0.513583
0.467773 0.515593
0.469727 0.517601
0.47168 0.519608
0.473633 0.521613
0.475586 0.523617
0.477539 0.525619
0.479492 0.527619
0.481445 0.529618
0.483398 0.531615
0.485352 0.533611
0.487305 0.535605
0.489258 0.537597
0.491211 0.539587
0.493164 0.541576
0.495117 0.543564
0.49707 0.545549
0.499023 0.547533
0.500977 0.549516
0.50293 0.551496
0.504883 0.553475
0.506836 0.555452
0.508789 0.557428
0.510742 0.559402
0.512695 0.561374
0.514648 0.563344
0.516602 0.565313
0.518555 0.567279
0.520508 0.569244
0.522461 0.571208
0.524414 0.573169
0.526367 0.575129
0.52832 0.577087
0.530273 0.579044
0.532227 0.580998
0.53418 0.582951
0.536133 0.584901
0.538086 0.58685
0.540039 0.588798
0.541992 0.590743
0.543945 0.592686
0.545898 0.594628
0.547852 0.596568
0.549805 0.598506
0.551758 0.600442
0.553711 0.602376
0.555664 0.604308
0.557617 0.606239
0.55957 0.608167
0.561523 0.610094
0.563477 0.612018
0.56543 0.613941
0.567383 0.615862
0.569336 0.617781
0.571289 0.619697
0.573242 0.621612
0.575195 0.623525
0.577148 0.625436
0.579102 0.627345
0.581055 0.629252
0.583008 0.631157
0.584961 0.633059
0.586914 0.63496
0.588867 0.636859
0.59082 0.638756
0.592773 0.64065
0.594727 0.642543
0.59668 0.644433
0.598633 0.646322
0.600586 0.648208
0.602539 0.650092
0.604492 0.651974
0.606445 0.653854
0.608398 0.655732
0.610352 0.657607
0.612305 0.659481
0.614258 0.661352
0.616211 0.663221
0.618164 0.665088
0.620117 0.666952
0.62207 0.668815
0.624023 0.670675
0.625977 0.672533
0.62793 0.674388
0.629883 0.676242
0.631836 0.678093
0.633789 0.679942
0.635742 0.681788
0.637695 0.683633
0.639648 0.685474
0.641602 0.687314
0.643555 0.689151
0.645508 0.690986
0.647461 0.692818
0.649414 0.694649
0.651367 0.696476
0.65332 0.698301
0.655273 0.700124
0.657227 0.701945
0.65918 0.703763
0.661133 0.705578
0.663086 0.707391
0.665039 0.709202
0.666992 0.71101
0.668945 0.712815
0.670898 0.714618
0.672852 0.716419
0.674805 0.718216
0.676758 0.720012
0.678711 0.721804
0.680664 0.723595
0.682617 0.725382
0.68457 0.727167
0.686523 0.728949
0.688477 0.730729
0.69043 0.732506
0.692383 0.73428
0.694336 0.736051
0.696289 0.73782
0.698242 0.739586
0.700195 0.741349
0.702148 0.74311
0.704102 0.744868
0.706055 0.746622
0.708008 0.748375
0.709961 0.750124
0.711914 0.75187
0.713867 0.753614
0.71582 0.755354
0.717773 0.757092
0.719727 0.758827
0.72168 0.760559
0.723633 0.762288
0.725586 0.764014
0.727539 0.765737
0.729492 0.767457
0.731445 0.769174
0.733398 0.770888
0.735352 0.772599
0.737305 0.774306
0.739258 0.776011
0.741211 0.777713
0.743164 0.779411
0.745117 0.781106
0.74707 0.782798
0.749023 0.784487
0.750977 0.786173
0.75293 0.787855
0.754883 0.789534
0.756836 0.79121
0.758789 0.792883
0.760742 0.794552
0.762695 0.796218
0.764648 0.79788
0.766602 0.799539
0.768555 0.801195
0.770508 0.802847
0.772461 0.804496
0.774414 0.806141
0.776367 0.807783
0.77832 0.809421
0.780273 0.811056
0.782227 0.812687
0.78418 0.814315
0.786133 0.815939
0.788086 0.817559
0.790039 0.819175
0.791992 0.820788
0.793945 0.822397
0.795898 0.824003
0.797852 0.825604
0.799805 0.827202
0.801758 0.828796
0.803711 0.830386
0.805664 0.831972
0.807617 0.833554
0.80957 0.835132
0.811523 0.836706
0.813477 0.838277
0.81543 0.839843
0.817383 0.841405
0.819336 0.842963
0.821289 0.844517
0.823242 0.846066
0.825195 0.847612
0.827148 0.849153
0.829102 0.85069
0.831055 0.852223
0.833008 0.853751
0.834961 0.855275
0.836914 0.856795
0.838867 0.85831
0.84082 0.859821
0.842773 0.861327
0.844727 0.862828
0.84668 0.864325
0.848633 0.865818
0.850586 0.867306
0.852539 0.868789
0.854492 0.870267
0.856445 0.87174
0.858398 0.873209
0.860352 0.874673
0.862305 0.876132
0.864258 0.877586
0.866211 0.879035
0.868164 0.880479
0.870117 0.881918
0.87207 0.883352
0.874023 0.884781
0.875977 0.886204
0.87793 0.887623
0.879883 0.889036
0.881836 0.890443
0.883789 0.891846
0.885742 0.893242
0.887695 0.894634
0.889648 0.896019
0.891602 0.8974
0.893555 0.898774
0.895508 0.900143
0.897461 0.901506
0.899414 0.902863
0.901367 0.904215
0.90332 0.90556
0.905273 0.9069
0.907227 0.908233
0.90918 0.909561
0.911133 0.910882
0.913086 0.912197
0.915039 0.913506
0.916992 0.914808
0.918945 0.916104
0.920898 0.917394
0.922852 0.918677
0.924805 0.919953
0.926758 0.921223
0.928711 0.922486
0.930664 0.923742
0.932617 0.924992
0.93457 0.926234
0.936523 0.927469
0.938477 0.928697
0.94043 0.929918
0.942383 0.931132
0.944336 0.932338
0.946289 0.933537
0.948242 0.934729
0.950195 0.935912
0.952148 0.937088
0.954102 0.938257
0.956055 0.939417
0.958008 0.940569
0.959961 0.941714
0.961914 0.94285
0.963867 0.943978
0.96582 0.945097
0.967773 0.946208
0.969727 0.947311
0.97168 0.948405
0.973633 0.94949
0.975586 0.950566
0.977539 0.951633
0.979492 0.952691
0.981445 0.95374
0.983398 0.954779
0.985352 0.955809
0.987305 0.956829
0.989258 0.95784
0.991211 0.958836
0.993164 0.959684
0.995117 0.956144
0.99707 0.882657
0.999023 0.440328
1 0
