0 0
0.000976562 0.00108909
0.00292969 0.00326728
0.00488281 0.00544543
0.00683594 0.00762354
0.00878906 0.00980159
0.0107422 0.0119796
0.0126953 0.0141574
0.0146484 0.0163352
0.0166016 0.0185128
0.0185547 0.0206903
0.0205078 0.0228676
0.0224609 0.0250447
0.0244141 0.0272217
0.0263672 0.0293984
0.0283203 0.0315749
0.0302734 0.0337511
0.0322266 0.0359271
0.0341797 0.0381027
0.0361328 0.0402781
0.0380859 0.0424532
0.0400391 0.044628
0.0419922 0.0468024
0.0439453 0.0489764
0.0458984 0.0511501
0.0478516 0.0533233
0.0498047 0.0554962
0.0517578 0.0576687
0.0537109 0.0598407
0.0556641 0.0620123
0.0576172 0.0641834
0.0595703 0.0663541
0.0615234 0.0685243
0.0634766 0.0706939
0.0654297 0.0728631
0.0673828 0.0750318
0.0693359 0.0771999
0.0712891 0.0793675
0.0732422 0.0815345
0.0751953 0.083701
0.0771484 0.0858669
0.0791016 0.0880322
0.0810547 0.0901969
0.0830078 0.092361
0.0849609 0.0945245
0.0869141 0.0966873
0.0888672 0.0988496
0.0908203 0.101011
0.0927734 0.103172
0.0947266 0.105332
0.0966797 0.107492
0.0986328 0.109651
0.100586 0.111809
0.102539 0.113967
0.104492 0.116124
0.106445 0.11828
0.108398 0.120435
0.110352 0.12259
0.112305 0.124744
0.114258 0.126897
0.116211 0.12905
0.118164 0.131202
0.120117 0.133353
0.12207 0.135503
0.124023 0.137653
0.125977 0.139802
0.12793 0.14195
0.129883 0.144097
0.131836 0.146243
0.133789 0.148389
0.135742 0.150534
0.137695 0.152678
0.139648 0.154822
0.141602 0.156964
0.143555 0.159106
0.145508 0.161247
0.147461 0.163387
0.149414 0.165526
0.151367 0.167665
0.15332 0.169802
0.155273 0.171939
0.157227 0.174075
0.15918 0.176211
0.161133 0.178345
0.163086 0.180479
0.165039 0.182611
0.166992 0.184743
0.168945 0.186874
0.170898 0.189004
0.172852 0.191134
0.174805 0.193262
0.176758 0.19539
0.178711 0.197516
0.180664 0.199642
0.182617 0.201767
0.18457 0.203891
0.186523 0.206015
0.188477 0.208137
0.19043 0.210259
0.192383 0.212379
0.194336 0.214499
0.196289 0.216618
0.198242 0.218736
0.200195 0.220853
0.202148 0.222969
0.204102 0.225084
0.206055 0.227199
0.208008 0.229312
0.209961 0.231425
0.211914 0.233537
0.213867 0.235647
0.21582 0.237757
0.217773 0.239866
0.219727 0.241974
0.22168 0.244081
0.223633 0.246188
0.225586 0.248293
0.227539 0.250397
0.229492 0.252501
0.231445 0.254603
0.233398 0.256705
0.235352 0.258805
0.237305 0.260905
0.239258 0.263003
0.241211 0.265101
0.243164 0.267198
0.245117 0.269294
0.24707 0.271389
0.249023 0.273483
0.250977 0.275576
0.25293 0.277668
0.254883 0.279759
0.256836 0.281849
0.258789 0.283938
0.260742 0.286026
0.262695 0.288113
0.264648 0.290199
0.266602 0.292284
0.268555 0.294368
0.270508 0.296451
0.272461 0.298534
0.274414 0.300615
0.276367 0.302695
0.27832 0.304774
0.280273 0.306852
0.282227 0.308929
0.28418 0.311005
0.286133 0.313081
0.288086 0.315155
0.290039 0.317228
0.291992 0.3193
0.293945 0.321371
0.295898 0.323441
0.297852 0.32551
0.299805 0.327578
0.301758 0.329644
0.303711 0.33171
0.305664 0.333775
0.307617 0.335839
0.30957 0.337901
0.311523 0.339963
0.313477 0.342023
0.31543 0.344083
0.317383 0.346141
0.319336 0.348199
0.321289 0.350255
0.323242 0.35231
0.325195 0.354364
0.327148 0.356417
0.329102 0.358469
0.331055 0.36052
0.333008 0.362569
0.334961 0.364618
0.336914 0.366665
0.338867 0.368712
0.34082 0.370757
0.342773 0.372801
0.344727 0.374844
0.34668 0.376886
0.348633 0.378927
0.350586 0.380967
0.352539 0.383005
0.354492 0.385043
0.356445 0.387079
0.358398 0.389114
0.360352 0.391148
0.362305 0.393181
0.364258 0.395212
0.366211 0.397243
0.368164 0.399272
0.370117 0.4013
0.37207 0.403327
0.374023 0.405353
0.375977 0.407377
0.37793 0.409401
0.379883 0.411423
0.381836 0.413444
0.383789 0.415464
0.385742 0.417483
0.387695 0.4195
0.389648 0.421516
0.391602 0.423531
0.393555 0.425545
0.395508 0.427558
0.397461 0.429569
0.399414 0.431579
0.401367 0.433588
0.40332 0.435596
0.405273 0.437602
0.407227 0.439607
0.40918 0.441611
0.411133 0.443614
0.413086 0.445615
0.415039 0.447615
0.416992 0.449614
0.418945 0.451611
0.420898 0.453608
0.422852 0.455603
0.424805 0.457596
0.426758 0.459589
0.428711 0.46158
0.430664 0.46357
0.432617 0.465558
0.43457 0.467545
0.436523 0.469531
0.438477 0.471516
0.44043 0.473499
0.442383 0.475481
0.444336 0.477461
0.446289 0.479441
0.448242 0.481418
0.450195 0.483395
0.452148 0.48537
0.454102 0.487344
0.456055 0.489316
0.458008 0.491287
0.459961 0.493257
0.461914 0.495225
0.463867 0.497192
0.46582 0.499158
0.467773 0.501122
0.469727 0.503084
0.47168 0.505046
0.473633 0.507005
0.475586 0.508964
0.477539 0.510921
0.479492 0.512876
0.481445 0.514831
0.483398 0.516783
0.485352 0.518735
0.487305 0.520684
0.489258 0.522633
0.491211 0.52458
0.493164 0.526525
0.495117 0.528469
0.49707 0.530411
0.499023 0.532352
0.500977 0.534292
0.50293 0.53623
0.504883 0.538166
0.506836 0.540101
0.508789 0.542034
0.510742 0.543966
0.512695 0.545897
0.514648 0.547825
0.516602 0.549753
0.518555 0.551678
0.520508 0.553602
0.522461 0.555525
0.524414 0.557446
0.526367 0.559366
0.52832 0.561283
0.530273 0.5632
0.532227 0.565114
0.53418 0.567027
0.536133 0.568939
0.538086 0.570849
0.540039 0.572757
0.541992 0.574663
0.543945 0.576568
0.545898 0.578472
0.547852 0.580373
0.549805 0.582273
0.551758 0.584172
0.553711 0.586068
0.555664 0.587963
0.557617 0.589857
0.55957 0.591748
0.561523 0.593638
0.563477 0.595526
0.56543 0.597413
0.567383 0.599297
0.569336 0.60118
0.571289 0.603062
0.573242 0.604941
0.575195 0.606819
0.577148 0.608695
0.579102 0.610569
0.581055 0.612442
0.583008 0.614312
0.584961 0.616181
0.586914 0.618048
0.588867 0.619913
0.59082 0.621777
0.592773 0.623638
0.594727 0.625498
0.59668 0.627356
0.598633 0.629212
0.600586 0.631066
0.602539 0.632919
0.604492 0.634769
0.606445 0.636618
0.608398 0.638464
0.610352 0.640309
0.612305 0.642152
0.614258 0.643993
0.616211 0.645832
0.618164 0.647669
0.620117 0.649504
0.62207 0.651337
0.624023 0.653168
0.625977 0.654998
0.62793 0.656825
0.629883 0.65865
0.631836 0.660473
0.633789 0.662294
0.635742 0.664113
0.637695 0.66593
0.639648 0.667746
0.641602 0.669559
0.643555 0.671369
0.645508 0.673178
0.647461 0.674985
0.649414 0.67679
0.651367 0.678592
0.65332 0.680393
0.655273 0.682191
0.657227 0.683987
0.65918 0.685781
0.661133 0.687573
0.663086 0.689362
0.665039 0.69115
0.666992 0.692935
0.668945 0.694718
0.670898 0.696499
0.672852 0.698278
0.674805 0.700054
0.676758 0.701828
0.678711 0.7036
0.680664 0.705369
0.682617 0.707137
0.68457 0.708902
0.686523 0.710664
0.688477 0.712424
0.69043 0.714182
0.692383 0.715938
0.694336 0.717691
0.696289 0.719442
0.698242 0.721191
0.700195 0.722937
0.702148 0.72468
0.704102 0.726421
0.706055 0.72816
0.708008 0.729896
0.709961 0.73163
0.711914 0.733361
0.713867 0.73509
0.71582 0.736816
0.717773 0.73854
0.719727 0.740261
0.72168 0.74198
0.723633 0.743696
0.725586 0.74541
0.727539 0.74712
0.729492 0.748829
0.731445 0.750534
0.733398 0.752237
0.735352 0.753938
0.737305 0.755635
0.739258 0.75733
0.741211 0.759022
0.743164 0.760712
0.745117 0.762398
0.74707 0.764082
0.749023 0.765764
0.750977 0.767442
0.75293 0.769117
0.754883 0.77079
0.756836 0.77246
0.758789 0.774127
0.760742 0.775791
0.762695 0.777452
0.764648 0.779111
0.766602 0.780766
0.768555 0.782418
0.770508 0.784068
0.772461 0.785714
0.774414 0.787357
0.776367 0.788998
0.77832 0.790635
0.780273 0.792269
0.782227 0.7939
0.78418 0.795528
0.786133 0.797153
0.788086 0.798775
0.790039 0.800394
0.791992 0.802009
0.793945 0.803621
0.795898 0.80523
0.797852 0.806836
0.799805 0.808438
0.801758 0.810037
0.803711 0.811633
0.805664 0.813225
0.807617 0.814814
0.80957 0.816399
0.811523 0.817982
0.813477 0.81956
0.81543 0.821135
0.817383 0.822707
0.819336 0.824275
0.821289 0.82584
0.823242 0.827401
0.825195 0.828958
0.827148 0.830512
0.829102 0.832062
0.831055 0.833609
0.833008 0.835152
0.834961 0.836691
0.836914 0.838226
0.838867 0.839758
0.84082 0.841285
0.842773 0.842809
0.844727 0.844329
0.84668 0.845845
0.848633 0.847357
0.850586 0.848866
0.852539 0.85037
0.854492 0.85187
0.856445 0.853366
0.858398 0.854858
0.860352 0.856346
0.862305 0.85783
0.864258 0.859309
0.866211 0.860785
0.868164 0.862256
0.870117 0.863722
0.87207 0.865185
0.874023 0.866643
0.875977 0.868097
0.87793 0.869546
0.879883 0.870991
0.881836 0.872431
0.883789 0.873867
0.885742 0.875298
0.887695 0.876724
0.889648 0.878146
0.891602 0.879563
0.893555 0.880976
0.895508 0.882383
0.897461 0.883786
0.899414 0.885184
0.901367 0.886577
0.90332 0.887965
0.905273 0.889348
0.907227 0.890726
0.90918 0.892099
0.911133 0.893466
0.913086 0.894829
0.915039 0.896186
0.916992 0.897538
0.918945 0.898885
0.920898 0.900226
0.922852 0.901562
0.924805 0.902892
0.926758 0.904217
0.928711 0.905536
0.930664 0.90685
0.932617 0.908158
0.93457 0.90946
0.936523 0.910756
0.938477 0.912046
0.94043 0.913331
0.942383 0.914609
0.944336 0.915882
0.946289 0.917148
0.948242 0.918408
0.950195 0.919662
0.952148 0.920909
0.954102 0.92215
0.956055 0.923385
0.958008 0.924613
0.959961 0.925834
0.961914 0.927049
0.963867 0.928257
0.96582 0.929458
0.967773 0.930652
0.969727 0.93184
0.97168 0.93302
0.973633 0.934193
0.975586 0.935359
0.977539 0.936518
0.979492 0.937669
0.981445 0.938813
0.983398 0.939949
0.985352 0.941077
0.987305 0.942198
0.989258 0.943311
0.991211 0.944408
0.993164 0.945296
0.995117 0.941054
0.99707 0.86471
0.999023 0.427147
1 0
