0 0
0.000976562 0.00107589
0.00292969 0.00322765
0.00488281 0.00537939
0.00683594 0.00753109
0.00878906 0.00968273
0.0107422 0.0118343
0.0126953 0.0139858
0.0146484 0.0161371
0.0166016 0.0182884
0.0185547 0.0204395
0.0205078 0.0225904
0.0224609 0.0247412
0.0244141 0.0268917
0.0263672 0.0290421
0.0283203 0.0311923
0.0302734 0.0333422
0.0322266 0.0354918
0.0341797 0.0376412
0.0361328 0.0397903
0.0380859 0.0419391
0.0400391 0.0440876
0.0419922 0.0462358
0.0439453 0.0483836
0.0458984 0.0505311
0.0478516 0.0526782
0.0498047 0.0548249
0.0517578 0.0569712
0.0537109 0.0591171
0.0556641 0.0612626
0.0576172 0.0634077
0.0595703 0.0655523
0.0615234 0.0676964
0.0634766 0.0698401
0.0654297 0.0719833
0.0673828 0.074126
0.0693359 0.0762682
0.0712891 0.0784098
0.0732422 0.080551
0.0751953 0.0826916
0.0771484 0.0848316
0.0791016 0.0869711
0.0810547 0.08911
0.0830078 0.0912484
0.0849609 0.0933861
0.0869141 0.0955233
0.0888672 0.0976599
0.0908203 0.0997958
0.0927734 0.101931
0.0947266 0.104066
0.0966797 0.1062
0.0986328 0.108333
0.100586 0.110466
0.102539 0.112598
0.104492 0.11473
0.106445 0.11686
0.108398 0.11899
0.110352 0.12112
0.112305 0.123249
0.114258 0.125377
0.116211 0.127504
0.118164 0.12963
0.120117 0.131756
0.12207 0.133881
0.124023 0.136006
0.125977 0.13813
0.12793 0.140253
0.129883 0.142375
0.131836 0.144496
0.133789 0.146617
0.135742 0.148737
0.137695 0.150856
0.139648 0.152975
0.141602 0.155092
0.143555 0.157209
0.145508 0.159325
0.147461 0.161441
0.149414 0.163555
0.151367 0.165669
0.15332 0.167782
0.155273 0.169895
0.157227 0.172006
0.15918 0.174117
0.161133 0.176227
0.163086 0.178336
0.165039 0.180444
0.166992 0.182551
0.168945 0.184658
0.170898 0.186764
0.172852 0.188869
0.174805 0.190973
0.176758 0.193076
0.178711 0.195179
0.180664 0.19728
0.182617 0.199381
0.18457 0.201481
0.186523 0.20358
0.188477 0.205679
0.19043 0.207776
0.192383 0.209873
0.194336 0.211969
0.196289 0.214063
0.198242 0.216158
0.200195 0.218251
0.202148 0.220343
0.204102 0.222435
0.206055 0.224525
0.208008 0.226615
0.209961 0.228704
0.211914 0.230792
0.213867 0.232879
0.21582 0.234965
0.217773 0.237051
0.219727 0.239135
0.22168 0.241219
0.223633 0.243302
0.225586 0.245384
0.227539 0.247464
0.229492 0.249545
0.231445 0.251624
0.233398 0.253702
0.235352 0.255779
0.237305 0.257856
0.239258 0.259931
0.241211 0.262006
0.243164 0.26408
0.245117 0.266152
0.24707 0.268224
0.249023 0.270295
0.250977 0.272365
0.25293 0.274434
0.254883 0.276502
0.256836 0.27857
0.258789 0.280636
0.260742 0.282701
0.262695 0.284766
0.264648 0.286829
0.266602 0.288892
0.268555 0.290953
0.270508 0.293014
0.272461 0.295074
0.274414 0.297132
0.276367 0.29919
0.27832 0.301247
0.280273 0.303302
0.282227 0.305357
0.28418 0.307411
0.286133 0.309464
0.288086 0.311516
0.290039 0.313567
0.291992 0.315617
0.293945 0.317666
0.295898 0.319714
0.297852 0.321761
0.299805 0.323806
0.301758 0.325851
0.303711 0.327895
0.305664 0.329938
0.307617 0.33198
0.30957 0.334021
0.311523 0.336061
0.313477 0.3381
0.31543 0.340138
0.317383 0.342174
0.319336 0.34421
0.321289 0.346245
0.323242 0.348279
0.325195 0.350311
0.327148 0.352343
0.329102 0.354374
0.331055 0.356403
0.333008 0.358432
0.334961 0.360459
0.336914 0.362485
0.338867 0.364511
0.34082 0.366535
0.342773 0.368558
0.344727 0.37058
0.34668 0.372601
0.348633 0.374621
0.350586 0.37664
0.352539 0.378657
0.354492 0.380674
0.356445 0.38269
0.358398 0.384704
0.360352 0.386717
0.362305 0.38873
0.364258 0.390741
0.366211 0.392751
0.368164 0.39476
0.370117 0.396768
0.37207 0.398774
0.374023 0.40078
0.375977 0.402784
0.37793 0.404787
0.379883 0.406789
0.381836 0.40879
0.383789 0.41079
0.385742 0.412789
0.387695 0.414786
0.389648 0.416783
0.391602 0.418778
0.393555 0.420772
0.395508 0.422765
0.397461 0.424757
0.399414 0.426747
0.401367 0.428736
0.40332 0.430724
0.405273 0.432711
0.407227 0.434697
0.40918 0.436682
0.411133 0.438665
0.413086 0.440647
0.415039 0.442628
0.416992 0.444608
0.418945 0.446586
0.420898 0.448563
0.422852 0.450539
0.424805 0.452514
0.426758 0.454487
0.428711 0.45646
0.430664 0.458431
0.432617 0.460401
0.43457 0.462369
0.436523 0.464336
0.438477 0.466302
0.44043 0.468267
0.442383 0.47023
0.444336 0.472193
0.446289 0.474153
0.448242 0.476113
0.450195 0.478071
0.452148 0.480028
0.454102 0.481984
0.456055 0.483938
0.458008 0.485891
0.459961 0.487843
0.461914 0.489793
0.463867 0.491742
0.46582 0.49369
0.467773 0.495637
0.469727 0.497582
0.47168 0.499525
0.473633 0.501468
0.475586 0.503409
0.477539 0.505348
0.479492 0.507287
0.481445 0.509223
0.483398 0.511159
0.485352 0.513093
0.487305 0.515026
0.489258 0.516957
0.491211 0.518887
0.493164 0.520815
0.495117 0.522743
0.49707 0.524668
0.499023 0.526592
0.500977 0.528515
0.50293 0.530437
0.504883 0.532357
0.506836 0.534275
0.508789 0.536192
0.510742 0.538108
0.512695 0.540022
0.514648 0.541934
0.516602 0.543845
0.518555 0.545755
0.520508 0.547663
0.522461 0.54957
0.524414 0.551475
0.526367 0.553379
0.52832 0.555281
0.530273 0.557182
0.532227 0.559081
0.53418 0.560978
0.536133 0.562874
0.538086 0.564769
0.540039 0.566662
0.541992 0.568553
0.543945 0.570443
0.545898 0.572331
0.547852 0.574218
0.549805 0.576103
0.551758 0.577987
0.553711 0.579869
0.555664 0.581749
0.557617 0.583627
0.55957 0.585505
0.561523 0.58738
0.563477 0.589254
0.56543 0.591126
0.567383 0.592996
0.569336 0.594865
0.571289 0.596733
0.573242 0.598598
0.575195 0.600462
0.577148 0.602324
0.579102 0.604185
0.581055 0.606043
0.583008 0.6079
0.584961 0.609756
0.586914 0.611609
0.588867 0.613461
0.59082 0.615312
0.592773 0.61716
0.594727 0.619007
0.59668 0.620852
0.598633 0.622695
0.600586 0.624536
0.602539 0.626376
0.604492 0.628214
0.606445 0.63005
0.608398 0.631884
0.610352 0.633716
0.612305 0.635547
0.614258 0.637375
0.616211 0.639202
0.618164 0.641027
0.620117 0.64285
0.62207 0.644672
0.624023 0.646491
0.625977 0.648309
0.62793 0.650124
0.629883 0.651938
0.631836 0.65375
0.633789 0.65556
0.635742 0.657368
0.637695 0.659174
0.639648 0.660978
0.641602 0.66278
0.643555 0.66458
0.645508 0.666378
0.647461 0.668174
0.649414 0.669968
0.651367 0.671761
0.65332 0.673551
0.655273 0.675339
0.657227 0.677125
0.65918 0.678909
0.661133 0.680691
0.663086 0.682471
0.665039 0.684248
0.666992 0.686024
0.668945 0.687798
0.670898 0.689569
0.672852 0.691339
0.674805 0.693106
0.676758 0.694871
0.678711 0.696634
0.680664 0.698394
0.682617 0.700153
0.68457 0.701909
0.686523 0.703664
0.688477 0.705416
0.69043 0.707165
0.692383 0.708913
0.694336 0.710658
0.696289 0.712401
0.698242 0.714142
0.700195 0.71588
0.702148 0.717616
0.704102 0.71935
0.706055 0.721081
0.708008 0.722811
0.709961 0.724537
0.711914 0.726262
0.713867 0.727984
0.71582 0.729703
0.717773 0.731421
0.719727 0.733135
0.72168 0.734848
0.723633 0.736558
0.725586 0.738265
0.727539 0.73997
0.729492 0.741673
0.731445 0.743373
0.733398 0.74507
0.735352 0.746765
0.737305 0.748458
0.739258 0.750148
0.741211 0.751835
0.743164 0.75352
0.745117 0.755202
0.74707 0.756881
0.749023 0.758558
0.750977 0.760232
0.75293 0.761904
0.754883 0.763573
0.756836 0.765239
0.758789 0.766902
0.760742 0.768563
0.762695 0.770221
0.764648 0.771876
0.766602 0.773529
0.768555 0.775178
0.770508 0.776825
0.772461 0.778469
0.774414 0.78011
0.776367 0.781748
0.77832 0.783383
0.780273 0.785016
0.782227 0.786645
0.78418 0.788272
0.786133 0.789895
0.788086 0.791516
0.790039 0.793134
0.791992 0.794748
0.793945 0.79636
0.795898 0.797968
0.797852 0.799574
0.799805 0.801176
0.801758 0.802775
0.803711 0.804371
0.805664 0.805964
0.807617 0.807553
0.80957 0.80914
0.811523 0.810723
0.813477 0.812303
0.81543 0.81388
0.817383 0.815453
0.819336 0.817023
0.821289 0.81859
0.823242 0.820153
0.825195 0.821713
0.827148 0.82327
0.829102 0.824823
0.831055 0.826372
0.833008 0.827918
0.834961 0.829461
0.836914 0.831
0.838867 0.832536
0.84082 0.834068
0.842773 0.835596
0.844727 0.837121
0.84668 0.838641
0.848633 0.840159
0.850586 0.841672
0.852539 0.843182
0.854492 0.844688
0.856445 0.84619
0.858398 0.847689
0.860352 0.849183
0.862305 0.850674
0.864258 0.85216
0.866211 0.853643
0.868164 0.855121
0.870117 0.856596
0.87207 0.858067
0.874023 0.859533
0.875977 0.860995
0.87793 0.862454
0.879883 0.863908
0.881836 0.865357
0.883789 0.866803
0.885742 0.868244
0.887695 0.869681
0.889648 0.871113
0.891602 0.872542
0.893555 0.873965
0.895508 0.875384
0.897461 0.876799
0.899414 0.878209
0.901367 0.879615
0.90332 0.881015
0.905273 0.882412
0.907227 0.883803
0.90918 0.88519
0.911133 0.886572
0.913086 0.887949
0.915039 0.889321
0.916992 0.890688
0.918945 0.89205
0.920898 0.893407
0.922852 0.894759
0.924805 0.896106
0.926758 0.897448
0.928711 0.898785
0.930664 0.900116
0.932617 0.901442
0.93457 0.902763
0.936523 0.904078
0.938477 0.905388
0.94043 0.906692
0.942383 0.907991
0.944336 0.909283
0.946289 0.910571
0.948242 0.911852
0.950195 0.913128
0.952148 0.914398
0.954102 0.915662
0.956055 0.91692
0.958008 0.918172
0.959961 0.919417
0.961914 0.920657
0.963867 0.92189
0.96582 0.923117
0.967773 0.924338
0.969727 0.925552
0.97168 0.926759
0.973633 0.92796
0.975586 0.929155
0.977539 0.930342
0.979492 0.931523
0.981445 0.932697
0.983398 0.933864
0.985352 0.935024
0.987305 0.936176
0.989258 0.937321
0.991211 0.93845
0.993164 0.93934
0.995117 0.934777
0.99707 0.857246
0.999023 0.42174
1 0
