0 0
0.000976562 0.00105495
0.00292969 0.00316484
0.00488281 0.00527472
0.00683594 0.00738455
0.00878906 0.00949433
0.0107422 0.011604
0.0126953 0.0137137
0.0146484 0.0158232
0.0166016 0.0179326
0.0185547 0.0200419
0.0205078 0.022151
0.0224609 0.02426
0.0244141 0.0263688
0.0263672 0.0284774
0.0283203 0.0305858
0.0302734 0.032694
0.0322266 0.0348019
0.0341797 0.0369096
0.0361328 0.0390171
0.0380859 0.0411242
0.0400391 0.0432311
0.0419922 0.0453377
0.0439453 0.0474439
0.0458984 0.0495499
0.0478516 0.0516555
0.0498047 0.0537607
0.0517578 0.0558656
0.0537109 0.0579701
0.0556641 0.0600742
0.0576172 0.0621779
0.0595703 0.0642811
0.0615234 0.066384
0.0634766 0.0684864
0.0654297 0.0705884
0.0673828 0.0726899
0.0693359 0.0747909
0.0712891 0.0768915
0.0732422 0.0789915
0.0751953 0.0810911
0.0771484 0.0831902
0.0791016 0.0852887
0.0810547 0.0873867
0.0830078 0.0894842
0.0849609 0.0915811
0.0869141 0.0936775
0.0888672 0.0957733
0.0908203 0.0978685
0.0927734 0.0999632
0.0947266 0.102057
0.0966797 0.104151
0.0986328 0.106244
0.100586 0.108336
0.102539 0.110428
0.104492 0.112519
0.106445 0.114609
0.108398 0.116699
0.110352 0.118788
0.112305 0.120876
0.114258 0.122964
0.116211 0.125051
0.118164 0.127138
0.120117 0.129224
0.12207 0.131309
0.124023 0.133394
0.125977 0.135477
0.12793 0.137561
0.129883 0.139643
0.131836 0.141725
0.133789 0.143806
0.135742 0.145886
0.137695 0.147966
0.139648 0.150045
0.141602 0.152123
0.143555 0.1542
0.145508 0.156277
0.147461 0.158353
0.149414 0.160428
0.151367 0.162503
0.15332 0.164577
0.155273 0.16665
0.157227 0.168722
0.15918 0.170794
0.161133 0.172865
0.163086 0.174935
0.165039 0.177004
0.166992 0.179073
0.168945 0.181141
0.170898 0.183208
0.172852 0.185274
0.174805 0.187339
0.176758 0.189404
0.178711 0.191468
0.180664 0.193531
0.182617 0.195594
0.18457 0.197655
0.186523 0.199716
0.188477 0.201776
0.19043 0.203835
0.192383 0.205894
0.194336 0.207952
0.196289 0.210008
0.198242 0.212064
0.200195 0.21412
0.202148 0.216174
0.204102 0.218228
0.206055 0.220281
0.208008 0.222333
0.209961 0.224384
0.211914 0.226434
0.213867 0.228484
0.21582 0.230532
0.217773 0.23258
0.219727 0.234627
0.22168 0.236674
0.223633 0.238719
0.225586 0.240764
0.227539 0.242807
0.229492 0.24485
0.231445 0.246892
0.233398 0.248933
0.235352 0.250974
0.237305 0.253013
0.239258 0.255052
0.241211 0.25709
0.243164 0.259127
0.245117 0.261163
0.24707 0.263198
0.249023 0.265232
0.250977 0.267266
0.25293 0.269298
0.254883 0.27133
0.256836 0.273361
0.258789 0.275391
0.260742 0.27742
0.262695 0.279448
0.264648 0.281476
0.266602 0.283502
0.268555 0.285528
0.270508 0.287552
0.272461 0.289576
0.274414 0.291599
0.276367 0.293621
0.27832 0.295642
0.280273 0.297662
0.282227 0.299681
0.28418 0.301699
0.286133 0.303717
0.288086 0.305733
0.290039 0.307749
0.291992 0.309763
0.293945 0.311777
0.295898 0.31379
0.297852 0.315802
0.299805 0.317813
0.301758 0.319823
0.303711 0.321832
0.305664 0.32384
0.307617 0.325847
0.30957 0.327853
0.311523 0.329858
0.313477 0.331862
0.31543 0.333866
0.317383 0.335868
0.319336 0.337869
0.321289 0.33987
0.323242 0.341869
0.325195 0.343868
0.327148 0.345865
0.329102 0.347862
0.331055 0.349857
0.333008 0.351852
0.334961 0.353845
0.336914 0.355838
0.338867 0.357829
0.34082 0.35982
0.342773 0.361809
0.344727 0.363798
0.34668 0.365785
0.348633 0.367772
0.350586 0.369758
0.352539 0.371742
0.354492 0.373725
0.356445 0.375708
0.358398 0.377689
0.360352 0.37967
0.362305 0.381649
0.364258 0.383627
0.366211 0.385605
0.368164 0.387581
0.370117 0.389556
0.37207 0.39153
0.374023 0.393503
0.375977 0.395475
0.37793 0.397446
0.379883 0.399416
0.381836 0.401385
0.383789 0.403352
0.385742 0.405319
0.387695 0.407285
0.389648 0.409249
0.391602 0.411213
0.393555 0.413175
0.395508 0.415136
0.397461 0.417096
0.399414 0.419055
0.401367 0.421013
0.40332 0.42297
0.405273 0.424925
0.407227 0.42688
0.40918 0.428833
0.411133 0.430786
0.413086 0.432737
0.415039 0.434687
0.416992 0.436636
0.418945 0.438584
0.420898 0.44053
0.422852 0.442476
0.424805 0.44442
0.426758 0.446363
0.428711 0.448305
0.430664 0.450246
0.432617 0.452186
0.43457 0.454124
0.436523 0.456061
0.438477 0.457997
0.44043 0.459932
0.442383 0.461866
0.444336 0.463799
0.446289 0.46573
0.448242 0.46766
0.450195 0.469589
0.452148 0.471517
0.454102 0.473443
0.456055 0.475368
0.458008 0.477292
0.459961 0.479215
0.461914 0.481137
0.463867 0.483057
0.46582 0.484976
0.467773 0.486894
0.469727 0.488811
0.47168 0.490726
0.473633 0.49264
0.475586 0.494553
0.477539 0.496464
0.479492 0.498375
0.481445 0.500284
0.483398 0.502191
0.485352 0.504098
0.487305 0.506003
0.489258 0.507907
0.491211 0.509809
0.493164 0.51171
0.495117 0.51361
0.49707 0.515509
0.499023 0.517406
0.500977 0.519302
0.50293 0.521196
0.504883 0.523089
0.506836 0.524981
0.508789 0.526872
0.510742 0.528761
0.512695 0.530649
0.514648 0.532535
0.516602 0.53442
0.518555 0.536304
0.520508 0.538186
0.522461 0.540067
0.524414 0.541946
0.526367 0.543824
0.52832 0.545701
0.530273 0.547576
0.532227 0.54945
0.53418 0.551322
0.536133 0.553193
0.538086 0.555063
0.540039 0.556931
0.541992 0.558797
0.543945 0.560663
0.545898 0.562526
0.547852 0.564389
0.549805 0.566249
0.551758 0.568109
0.553711 0.569967
0.555664 0.571823
0.557617 0.573678
0.55957 0.575531
0.561523 0.577383
0.563477 0.579233
0.56543 0.581082
0.567383 0.582929
0.569336 0.584775
0.571289 0.586619
0.573242 0.588462
0.575195 0.590303
0.577148 0.592142
0.579102 0.59398
0.581055 0.595817
0.583008 0.597651
0.584961 0.599484
0.586914 0.601316
0.588867 0.603146
0.59082 0.604974
0.592773 0.606801
0.594727 0.608626
0.59668 0.61045
0.598633 0.612272
0.600586 0.614092
0.602539 0.61591
0.604492 0.617727
0.606445 0.619543
0.608398 0.621356
0.610352 0.623168
0.612305 0.624978
0.614258 0.626787
0.616211 0.628593
0.618164 0.630399
0.620117 0.632202
0.62207 0.634003
0.624023 0.635803
0.625977 0.637601
0.62793 0.639398
0.629883 0.641192
0.631836 0.642985
0.633789 0.644776
0.635742 0.646566
0.637695 0.648353
0.639648 0.650139
0.641602 0.651923
0.643555 0.653705
0.645508 0.655485
0.647461 0.657263
0.649414 0.65904
0.651367 0.660814
0.65332 0.662587
0.655273 0.664358
0.657227 0.666127
0.65918 0.667894
0.661133 0.669659
0.663086 0.671423
0.665039 0.673184
0.666992 0.674944
0.668945 0.676701
0.670898 0.678457
0.672852 0.68021
0.674805 0.681962
0.676758 0.683712
0.678711 0.685459
0.680664 0.687205
0.682617 0.688949
0.68457 0.69069
0.686523 0.69243
0.688477 0.694167
0.69043 0.695903
0.692383 0.697636
0.694336 0.699368
0.696289 0.701097
0.698242 0.702824
0.700195 0.704549
0.702148 0.706272
0.704102 0.707993
0.706055 0.709712
0.708008 0.711428
0.709961 0.713143
0.711914 0.714855
0.713867 0.716565
0.71582 0.718273
0.717773 0.719978
0.719727 0.721682
0.72168 0.723383
0.723633 0.725082
0.725586 0.726778
0.727539 0.728473
0.729492 0.730165
0.731445 0.731854
0.733398 0.733542
0.735352 0.735227
0.737305 0.73691
0.739258 0.73859
0.741211 0.740268
0.743164 0.741944
0.745117 0.743617
0.74707 0.745288
0.749023 0.746957
0.750977 0.748623
0.75293 0.750287
0.754883 0.751948
0.756836 0.753606
0.758789 0.755263
0.760742 0.756916
0.762695 0.758567
0.764648 0.760216
0.766602 0.761862
0.768555 0.763506
0.770508 0.765147
0.772461 0.766785
0.774414 0.768421
0.776367 0.770054
0.77832 0.771684
0.780273 0.773312
0.782227 0.774937
0.78418 0.77656
0.786133 0.778179
0.788086 0.779796
0.790039 0.781411
0.791992 0.783022
0.793945 0.784631
0.795898 0.786237
0.797852 0.78784
0.799805 0.78944
0.801758 0.791038
0.803711 0.792632
0.805664 0.794224
0.807617 0.795813
0.80957 0.797398
0.811523 0.798981
0.813477 0.800561
0.81543 0.802138
0.817383 0.803712
0.819336 0.805283
0.821289 0.806851
0.823242 0.808416
0.825195 0.809977
0.827148 0.811536
0.829102 0.813091
0.831055 0.814644
0.833008 0.816193
0.834961 0.817739
0.836914 0.819281
0.838867 0.820821
0.84082 0.822357
0.842773 0.82389
0.844727 0.82542
0.84668 0.826946
0.848633 0.828469
0.850586 0.829989
0.852539 0.831505
0.854492 0.833017
0.856445 0.834527
0.858398 0.836032
0.860352 0.837535
0.862305 0.839033
0.864258 0.840529
0.866211 0.84202
0.868164 0.843508
0.870117 0.844993
0.87207 0.846473
0.874023 0.84795
0.875977 0.849423
0.87793 0.850893
0.879883 0.852359
0.881836 0.853821
0.883789 0.855279
0.885742 0.856733
0.887695 0.858183
0.889648 0.859629
0.891602 0.861072
0.893555 0.86251
0.895508 0.863944
0.897461 0.865375
0.899414 0.866801
0.901367 0.868223
0.90332 0.869641
0.905273 0.871054
0.907227 0.872464
0.90918 0.873869
0.911133 0.875269
0.913086 0.876666
0.915039 0.878058
0.916992 0.879446
0.918945 0.880829
0.920898 0.882207
0.922852 0.883582
0.924805 0.884951
0.926758 0.886316
0.928711 0.887676
0.930664 0.889032
0.932617 0.890383
0.93457 0.891729
0.936523 0.89307
0.938477 0.894406
0.94043 0.895737
0.942383 0.897064
0.944336 0.898385
0.946289 0.899701
0.948242 0.901012
0.950195 0.902318
0.952148 0.903619
0.954102 0.904915
0.956055 0.906205
0.958008 0.90749
0.959961 0.908769
0.961914 0.910043
0.963867 0.911311
0.96582 0.912574
0.967773 0.913831
0.969727 0.915082
0.97168 0.916328
0.973633 0.917568
0.975586 0.918801
0.977539 0.920029
0.979492 0.921251
0.981445 0.922467
0.983398 0.923677
0.985352 0.92488
0.987305 0.926077
0.989258 0.927267
0.991211 0.928439
0.993164 0.929315
0.995117 0.924179
0.99707 0.844655
0.999023 0.412722
1 0
