0 0
0.000976562 0.00104815
0.00292969 0.00314445
0.00488281 0.00524072
0.00683594 0.00733696
0.00878906 0.00943315
0.0107422 0.0115293
0.0126953 0.0136253
0.0146484 0.0157212
0.0166016 0.0178171
0.0185547 0.0199128
0.0205078 0.0220083
0.0224609 0.0241037
0.0244141 0.0261989
0.0263672 0.028294
0.0283203 0.0303888
0.0302734 0.0324835
0.0322266 0.0345779
0.0341797 0.036672
0.0361328 0.038766
0.0380859 0.0408596
0.0400391 0.042953
0.0419922 0.045046
0.0439453 0.0471388
0.0458984 0.0492312
0.0478516 0.0513233
0.0498047 0.0534151
0.0517578 0.0555065
0.0537109 0.0575975
0.0556641 0.0596882
0.0576172 0.0617784
0.0595703 0.0638683
0.0615234 0.0659577
0.0634766 0.0680467
0.0654297 0.0701353
0.0673828 0.0722234
0.0693359 0.0743111
0.0712891 0.0763983
0.0732422 0.078485
0.0751953 0.0805712
0.0771484 0.082657
0.0791016 0.0847422
0.0810547 0.0868269
0.0830078 0.0889111
0.0849609 0.0909948
0.0869141 0.0930779
0.0888672 0.0951605
0.0908203 0.0972425
0.0927734 0.0993239
0.0947266 0.101405
0.0966797 0.103485
0.0986328 0.105565
0.100586 0.107644
0.102539 0.109722
0.104492 0.1118
0.106445 0.113878
0.108398 0.115954
0.110352 0.11803
0.112305 0.120106
0.114258 0.122181
0.116211 0.124255
0.118164 0.126328
0.120117 0.128401
0.12207 0.130473
0.124023 0.132545
0.125977 0.134616
0.12793 0.136686
0.129883 0.138755
0.131836 0.140824
0.133789 0.142892
0.135742 0.14496
0.137695 0.147026
0.139648 0.149092
0.141602 0.151158
0.143555 0.153222
0.145508 0.155286
0.147461 0.15735
0.149414 0.159412
0.151367 0.161474
0.15332 0.163535
0.155273 0.165595
0.157227 0.167655
0.15918 0.169714
0.161133 0.171772
0.163086 0.173829
0.165039 0.175886
0.166992 0.177942
0.168945 0.179997
0.170898 0.182052
0.172852 0.184105
0.174805 0.186158
0.176758 0.18821
0.178711 0.190262
0.180664 0.192313
0.182617 0.194362
0.18457 0.196412
0.186523 0.19846
0.188477 0.200507
0.19043 0.202554
0.192383 0.2046
0.194336 0.206645
0.196289 0.20869
0.198242 0.210734
0.200195 0.212776
0.202148 0.214819
0.204102 0.21686
0.206055 0.2189
0.208008 0.22094
0.209961 0.222979
0.211914 0.225017
0.213867 0.227054
0.21582 0.229091
0.217773 0.231127
0.219727 0.233161
0.22168 0.235195
0.223633 0.237229
0.225586 0.239261
0.227539 0.241293
0.229492 0.243324
0.231445 0.245353
0.233398 0.247383
0.235352 0.249411
0.237305 0.251438
0.239258 0.253465
0.241211 0.255491
0.243164 0.257516
0.245117 0.25954
0.24707 0.261563
0.249023 0.263585
0.250977 0.265607
0.25293 0.267628
0.254883 0.269648
0.256836 0.271666
0.258789 0.273685
0.260742 0.275702
0.262695 0.277718
0.264648 0.279734
0.266602 0.281748
0.268555 0.283762
0.270508 0.285775
0.272461 0.287787
0.274414 0.289798
0.276367 0.291809
0.27832 0.293818
0.280273 0.295826
0.282227 0.297834
0.28418 0.299841
0.286133 0.301847
0.288086 0.303851
0.290039 0.305855
0.291992 0.307859
0.293945 0.309861
0.295898 0.311862
0.297852 0.313862
0.299805 0.315862
0.301758 0.31786
0.303711 0.319858
0.305664 0.321855
0.307617 0.32385
0.30957 0.325845
0.311523 0.327839
0.313477 0.329832
0.31543 0.331824
0.317383 0.333815
0.319336 0.335805
0.321289 0.337794
0.323242 0.339783
0.325195 0.34177
0.327148 0.343756
0.329102 0.345742
0.331055 0.347726
0.333008 0.349709
0.334961 0.351692
0.336914 0.353673
0.338867 0.355654
0.34082 0.357633
0.342773 0.359612
0.344727 0.36159
0.34668 0.363566
0.348633 0.365542
0.350586 0.367516
0.352539 0.36949
0.354492 0.371463
0.356445 0.373434
0.358398 0.375405
0.360352 0.377374
0.362305 0.379343
0.364258 0.38131
0.366211 0.383277
0.368164 0.385243
0.370117 0.387207
0.37207 0.38917
0.374023 0.391133
0.375977 0.393094
0.37793 0.395055
0.379883 0.397014
0.381836 0.398972
0.383789 0.400929
0.385742 0.402886
0.387695 0.404841
0.389648 0.406795
0.391602 0.408748
0.393555 0.4107
0.395508 0.41265
0.397461 0.4146
0.399414 0.416549
0.401367 0.418496
0.40332 0.420443
0.405273 0.422388
0.407227 0.424333
0.40918 0.426276
0.411133 0.428218
0.413086 0.430159
0.415039 0.432099
0.416992 0.434038
0.418945 0.435975
0.420898 0.437912
0.422852 0.439847
0.424805 0.441782
0.426758 0.443715
0.428711 0.445647
0.430664 0.447578
0.432617 0.449507
0.43457 0.451436
0.436523 0.453363
0.438477 0.45529
0.44043 0.457215
0.442383 0.459139
0.444336 0.461062
0.446289 0.462983
0.448242 0.464904
0.450195 0.466823
0.452148 0.468741
0.454102 0.470658
0.456055 0.472574
0.458008 0.474488
0.459961 0.476401
0.461914 0.478314
0.463867 0.480224
0.46582 0.482134
0.467773 0.484043
0.469727 0.48595
0.47168 0.487856
0.473633 0.48976
0.475586 0.491664
0.477539 0.493566
0.479492 0.495467
0.481445 0.497367
0.483398 0.499265
0.485352 0.501163
0.487305 0.503059
0.489258 0.504953
0.491211 0.506847
0.493164 0.508739
0.495117 0.51063
0.49707 0.512519
0.499023 0.514408
0.500977 0.516295
0.50293 0.51818
0.504883 0.520065
0.506836 0.521948
0.508789 0.523829
0.510742 0.52571
0.512695 0.527589
0.514648 0.529466
0.516602 0.531343
0.518555 0.533218
0.520508 0.535092
0.522461 0.536964
0.524414 0.538835
0.526367 0.540704
0.52832 0.542573
0.530273 0.544439
0.532227 0.546305
0.53418 0.548169
0.536133 0.550032
0.538086 0.551893
0.540039 0.553753
0.541992 0.555611
0.543945 0.557468
0.545898 0.559324
0.547852 0.561178
0.549805 0.56303
0.551758 0.564882
0.553711 0.566732
0.555664 0.56858
0.557617 0.570427
0.55957 0.572272
0.561523 0.574116
0.563477 0.575959
0.56543 0.5778
0.567383 0.579639
0.569336 0.581477
0.571289 0.583314
0.573242 0.585149
0.575195 0.586982
0.577148 0.588814
0.579102 0.590644
0.581055 0.592473
0.583008 0.594301
0.584961 0.596126
0.586914 0.597951
0.588867 0.599773
0.59082 0.601594
0.592773 0.603414
0.594727 0.605232
0.59668 0.607048
0.598633 0.608863
0.600586 0.610676
0.602539 0.612488
0.604492 0.614297
0.606445 0.616106
0.608398 0.617912
0.610352 0.619717
0.612305 0.621521
0.614258 0.623322
0.616211 0.625122
0.618164 0.626921
0.620117 0.628717
0.62207 0.630512
0.624023 0.632306
0.625977 0.634097
0.62793 0.635887
0.629883 0.637675
0.631836 0.639462
0.633789 0.641246
0.635742 0.643029
0.637695 0.64481
0.639648 0.64659
0.641602 0.648368
0.643555 0.650143
0.645508 0.651918
0.647461 0.65369
0.649414 0.65546
0.651367 0.657229
0.65332 0.658996
0.655273 0.660761
0.657227 0.662524
0.65918 0.664286
0.661133 0.666045
0.663086 0.667803
0.665039 0.669559
0.666992 0.671313
0.668945 0.673065
0.670898 0.674815
0.672852 0.676563
0.674805 0.678309
0.676758 0.680054
0.678711 0.681796
0.680664 0.683536
0.682617 0.685275
0.68457 0.687011
0.686523 0.688746
0.688477 0.690479
0.69043 0.692209
0.692383 0.693938
0.694336 0.695664
0.696289 0.697389
0.698242 0.699111
0.700195 0.700832
0.702148 0.70255
0.704102 0.704266
0.706055 0.705981
0.708008 0.707693
0.709961 0.709403
0.711914 0.711111
0.713867 0.712816
0.71582 0.71452
0.717773 0.716221
0.719727 0.717921
0.72168 0.719618
0.723633 0.721313
0.725586 0.723006
0.727539 0.724696
0.729492 0.726385
0.731445 0.728071
0.733398 0.729754
0.735352 0.731436
0.737305 0.733115
0.739258 0.734792
0.741211 0.736467
0.743164 0.738139
0.745117 0.73981
0.74707 0.741477
0.749023 0.743143
0.750977 0.744806
0.75293 0.746466
0.754883 0.748125
0.756836 0.749781
0.758789 0.751434
0.760742 0.753085
0.762695 0.754734
0.764648 0.75638
0.766602 0.758023
0.768555 0.759664
0.770508 0.761303
0.772461 0.762939
0.774414 0.764573
0.776367 0.766204
0.77832 0.767832
0.780273 0.769458
0.782227 0.771081
0.78418 0.772702
0.786133 0.77432
0.788086 0.775935
0.790039 0.777548
0.791992 0.779158
0.793945 0.780765
0.795898 0.78237
0.797852 0.783972
0.799805 0.785571
0.801758 0.787167
0.803711 0.788761
0.805664 0.790352
0.807617 0.79194
0.80957 0.793525
0.811523 0.795107
0.813477 0.796686
0.81543 0.798263
0.817383 0.799836
0.819336 0.801407
0.821289 0.802975
0.823242 0.804539
0.825195 0.806101
0.827148 0.80766
0.829102 0.809216
0.831055 0.810768
0.833008 0.812318
0.834961 0.813864
0.836914 0.815407
0.838867 0.816948
0.84082 0.818485
0.842773 0.820019
0.844727 0.821549
0.84668 0.823077
0.848633 0.824601
0.850586 0.826122
0.852539 0.827639
0.854492 0.829153
0.856445 0.830664
0.858398 0.832172
0.860352 0.833676
0.862305 0.835177
0.864258 0.836674
0.866211 0.838168
0.868164 0.839658
0.870117 0.841145
0.87207 0.842628
0.874023 0.844108
0.875977 0.845584
0.87793 0.847056
0.879883 0.848525
0.881836 0.84999
0.883789 0.851452
0.885742 0.852909
0.887695 0.854363
0.889648 0.855813
0.891602 0.857259
0.893555 0.858701
0.895508 0.86014
0.897461 0.861574
0.899414 0.863005
0.901367 0.864431
0.90332 0.865854
0.905273 0.867272
0.907227 0.868687
0.90918 0.870097
0.911133 0.871503
0.913086 0.872905
0.915039 0.874303
0.916992 0.875696
0.918945 0.877085
0.920898 0.87847
0.922852 0.87985
0.924805 0.881226
0.926758 0.882597
0.928711 0.883964
0.930664 0.885327
0.932617 0.886684
0.93457 0.888038
0.936523 0.889386
0.938477 0.89073
0.94043 0.892069
0.942383 0.893403
0.944336 0.894733
0.946289 0.896057
0.948242 0.897377
0.950195 0.898692
0.952148 0.900001
0.954102 0.901306
0.956055 0.902605
0.958008 0.9039
0.959961 0.905189
0.961914 0.906472
0.963867 0.907751
0.96582 0.909024
0.967773 0.910292
0.969727 0.911554
0.97168 0.91281
0.973633 0.914061
0.975586 0.915307
0.977539 0.916546
0.979492 0.91778
0.981445 0.919008
0.983398 0.92023
0.985352 0.921446
0.987305 0.922656
0.989258 0.92386
0.991211 0.925043
0.993164 0.92591
0.995117 0.920571
0.99707 0.840372
0.999023 0.409683
1 0
