0 0
0.000976562 0.00101228
0.00292969 0.00303682
0.00488281 0.00506135
0.00683594 0.00708584
0.00878906 0.00911029
0.0107422 0.0111347
0.0126953 0.013159
0.0146484 0.0151832
0.0166016 0.0172074
0.0185547 0.0192314
0.0205078 0.0212553
0.0224609 0.0232791
0.0244141 0.0253027
0.0263672 0.0273261
0.0283203 0.0293494
0.0302734 0.0313725
0.0322266 0.0333954
0.0341797 0.0354181
0.0361328 0.0374406
0.0380859 0.0394629
0.0400391 0.0414849
0.0419922 0.0435066
0.0439453 0.0455281
0.0458984 0.0475493
0.0478516 0.0495702
0.0498047 0.0515908
0.0517578 0.0536111
0.0537109 0.0556311
0.0556641 0.0576507
0.0576172 0.05967
0.0595703 0.0616889
0.0615234 0.0637075
0.0634766 0.0657257
0.0654297 0.0677436
0.0673828 0.069761
0.0693359 0.071778
0.0712891 0.0737947
0.0732422 0.0758109
0.0751953 0.0778267
0.0771484 0.079842
0.0791016 0.0818569
0.0810547 0.0838714
0.0830078 0.0858854
0.0849609 0.0878989
0.0869141 0.0899119
0.0888672 0.0919245
0.0908203 0.0939366
0.0927734 0.0959482
0.0947266 0.0979592
0.0966797 0.0999698
0.0986328 0.10198
0.100586 0.103989
0.102539 0.105998
0.104492 0.108007
0.106445 0.110015
0.108398 0.112022
0.110352 0.114029
0.112305 0.116035
0.114258 0.118041
0.116211 0.120046
0.118164 0.122051
0.120117 0.124055
0.12207 0.126058
0.124023 0.128061
0.125977 0.130063
0.12793 0.132065
0.129883 0.134066
0.131836 0.136066
0.133789 0.138066
0.135742 0.140065
0.137695 0.142064
0.139648 0.144062
0.141602 0.146059
0.143555 0.148056
0.145508 0.150052
0.147461 0.152047
0.149414 0.154042
0.151367 0.156036
0.15332 0.15803
0.155273 0.160023
0.157227 0.162015
0.15918 0.164007
0.161133 0.165998
0.163086 0.167988
0.165039 0.169977
0.166992 0.171966
0.168945 0.173955
0.170898 0.175942
0.172852 0.177929
0.174805 0.179915
0.176758 0.181901
0.178711 0.183886
0.180664 0.18587
0.182617 0.187854
0.18457 0.189837
0.186523 0.191819
0.188477 0.1938
0.19043 0.195781
0.192383 0.197761
0.194336 0.199741
0.196289 0.201719
0.198242 0.203697
0.200195 0.205675
0.202148 0.207651
0.204102 0.209627
0.206055 0.211602
0.208008 0.213577
0.209961 0.21555
0.211914 0.217523
0.213867 0.219496
0.21582 0.221467
0.217773 0.223438
0.219727 0.225408
0.22168 0.227378
0.223633 0.229346
0.225586 0.231314
0.227539 0.233282
0.229492 0.235248
0.231445 0.237214
0.233398 0.239179
0.235352 0.241143
0.237305 0.243107
0.239258 0.245069
0.241211 0.247031
0.243164 0.248993
0.245117 0.250953
0.24707 0.252913
0.249023 0.254872
0.250977 0.25683
0.25293 0.258788
0.254883 0.260744
0.256836 0.2627
0.258789 0.264656
0.260742 0.26661
0.262695 0.268564
0.264648 0.270516
0.266602 0.272469
0.268555 0.27442
0.270508 0.27637
0.272461 0.27832
0.274414 0.280269
0.276367 0.282217
0.27832 0.284165
0.280273 0.286111
0.282227 0.288057
0.28418 0.290002
0.286133 0.291946
0.288086 0.293889
0.290039 0.295832
0.291992 0.297774
0.293945 0.299715
0.295898 0.301655
0.297852 0.303594
0.299805 0.305533
0.301758 0.307471
0.303711 0.309407
0.305664 0.311343
0.307617 0.313279
0.30957 0.315213
0.311523 0.317147
0.313477 0.319079
0.31543 0.321011
0.317383 0.322942
0.319336 0.324873
0.321289 0.326802
0.323242 0.32873
0.325195 0.330658
0.327148 0.332585
0.329102 0.334511
0.331055 0.336436
0.333008 0.33836
0.334961 0.340284
0.336914 0.342206
0.338867 0.344128
0.34082 0.346049
0.342773 0.347969
0.344727 0.349888
0.34668 0.351806
0.348633 0.353723
0.350586 0.35564
0.352539 0.357555
0.354492 0.35947
0.356445 0.361383
0.358398 0.363296
0.360352 0.365208
0.362305 0.367119
0.364258 0.369029
0.366211 0.370939
0.368164 0.372847
0.370117 0.374754
0.37207 0.376661
0.374023 0.378566
0.375977 0.380471
0.37793 0.382375
0.379883 0.384278
0.381836 0.386179
0.383789 0.38808
0.385742 0.38998
0.387695 0.391879
0.389648 0.393778
0.391602 0.395675
0.393555 0.397571
0.395508 0.399466
0.397461 0.401361
0.399414 0.403254
0.401367 0.405146
0.40332 0.407038
0.405273 0.408928
0.407227 0.410818
0.40918 0.412706
0.411133 0.414594
0.413086 0.416481
0.415039 0.418366
0.416992 0.420251
0.418945 0.422134
0.420898 0.424017
0.422852 0.425899
0.424805 0.427779
0.426758 0.429659
0.428711 0.431538
0.430664 0.433415
0.432617 0.435292
0.43457 0.437167
0.436523 0.439042
0.438477 0.440916
0.44043 0.442788
0.442383 0.44466
0.444336 0.44653
0.446289 0.448399
0.448242 0.450268
0.450195 0.452135
0.452148 0.454001
0.454102 0.455867
0.456055 0.457731
0.458008 0.459594
0.459961 0.461456
0.461914 0.463317
0.463867 0.465177
0.46582 0.467036
0.467773 0.468893
0.469727 0.47075
0.47168 0.472606
0.473633 0.47446
0.475586 0.476314
0.477539 0.478166
0.479492 0.480017
0.481445 0.481867
0.483398 0.483716
0.485352 0.485564
0.487305 0.487411
0.489258 0.489257
0.491211 0.491101
0.493164 0.492944
0.495117 0.494787
0.49707 0.496628
0.499023 0.498468
0.500977 0.500307
0.50293 0.502144
0.504883 0.503981
0.506836 0.505816
0.508789 0.50765
0.510742 0.509483
0.512695 0.511315
0.514648 0.513146
0.516602 0.514975
0.518555 0.516804
0.520508 0.518631
0.522461 0.520457
0.524414 0.522281
0.526367 0.524105
0.52832 0.525927
0.530273 0.527748
0.532227 0.529568
0.53418 0.531387
0.536133 0.533204
0.538086 0.53502
0.540039 0.536835
0.541992 0.538649
0.543945 0.540461
0.545898 0.542272
0.547852 0.544082
0.549805 0.545891
0.551758 0.547698
0.553711 0.549505
0.555664 0.551309
0.557617 0.553113
0.55957 0.554915
0.561523 0.556716
0.563477 0.558516
0.56543 0.560314
0.567383 0.562112
0.569336 0.563907
0.571289 0.565702
0.573242 0.567495
0.575195 0.569287
0.577148 0.571077
0.579102 0.572866
0.581055 0.574654
0.583008 0.57644
0.584961 0.578225
0.586914 0.580009
0.588867 0.581792
0.59082 0.583572
0.592773 0.585352
0.594727 0.58713
0.59668 0.588907
0.598633 0.590682
0.600586 0.592456
0.602539 0.594229
0.604492 0.596
0.606445 0.59777
0.608398 0.599538
0.610352 0.601305
0.612305 0.603071
0.614258 0.604835
0.616211 0.606597
0.618164 0.608358
0.620117 0.610118
0.62207 0.611876
0.624023 0.613633
0.625977 0.615388
0.62793 0.617141
0.629883 0.618894
0.631836 0.620644
0.633789 0.622394
0.635742 0.624141
0.637695 0.625887
0.639648 0.627632
0.641602 0.629375
0.643555 0.631116
0.645508 0.632856
0.647461 0.634595
0.649414 0.636332
0.651367 0.638067
0.65332 0.639801
0.655273 0.641533
0.657227 0.643263
0.65918 0.644992
0.661133 0.646719
0.663086 0.648445
0.665039 0.650169
0.666992 0.651891
0.668945 0.653612
0.670898 0.655331
0.672852 0.657049
0.674805 0.658764
0.676758 0.660479
0.678711 0.662191
0.680664 0.663902
0.682617 0.665611
0.68457 0.667318
0.686523 0.669024
0.688477 0.670728
0.69043 0.67243
0.692383 0.67413
0.694336 0.675829
0.696289 0.677526
0.698242 0.679221
0.700195 0.680914
0.702148 0.682606
0.704102 0.684296
0.706055 0.685984
0.708008 0.68767
0.709961 0.689354
0.711914 0.691037
0.713867 0.692718
0.71582 0.694396
0.717773 0.696073
0.719727 0.697749
0.72168 0.699422
0.723633 0.701093
0.725586 0.702763
0.727539 0.70443
0.729492 0.706096
0.731445 0.70776
0.733398 0.709421
0.735352 0.711081
0.737305 0.712739
0.739258 0.714395
0.741211 0.716049
0.743164 0.717701
0.745117 0.719351
0.74707 0.720999
0.749023 0.722645
0.750977 0.724289
0.75293 0.725931
0.754883 0.727571
0.756836 0.729208
0.758789 0.730844
0.760742 0.732478
0.762695 0.734109
0.764648 0.735739
0.766602 0.737366
0.768555 0.738991
0.770508 0.740614
0.772461 0.742235
0.774414 0.743853
0.776367 0.74547
0.77832 0.747084
0.780273 0.748696
0.782227 0.750306
0.78418 0.751914
0.786133 0.753519
0.788086 0.755122
0.790039 0.756723
0.791992 0.758321
0.793945 0.759918
0.795898 0.761512
0.797852 0.763103
0.799805 0.764693
0.801758 0.766279
0.803711 0.767864
0.805664 0.769446
0.807617 0.771026
0.80957 0.772603
0.811523 0.774178
0.813477 0.775751
0.81543 0.777321
0.817383 0.778888
0.819336 0.780453
0.821289 0.782016
0.823242 0.783576
0.825195 0.785133
0.827148 0.786688
0.829102 0.788241
0.831055 0.78979
0.833008 0.791337
0.834961 0.792882
0.836914 0.794424
0.838867 0.795963
0.84082 0.7975
0.842773 0.799034
0.844727 0.800565
0.84668 0.802093
0.848633 0.803619
0.850586 0.805142
0.852539 0.806662
0.854492 0.80818
0.856445 0.809694
0.858398 0.811206
0.860352 0.812715
0.862305 0.814221
0.864258 0.815724
0.866211 0.817224
0.868164 0.818722
0.870117 0.820216
0.87207 0.821707
0.874023 0.823196
0.875977 0.824681
0.87793 0.826163
0.879883 0.827642
0.881836 0.829119
0.883789 0.830592
0.885742 0.832062
0.887695 0.833528
0.889648 0.834992
0.891602 0.836452
0.893555 0.837909
0.895508 0.839363
0.897461 0.840814
0.899414 0.842261
0.901367 0.843705
0.90332 0.845146
0.905273 0.846583
0.907227 0.848017
0.90918 0.849448
0.911133 0.850875
0.913086 0.852298
0.915039 0.853718
0.916992 0.855135
0.918945 0.856548
0.920898 0.857957
0.922852 0.859363
0.924805 0.860765
0.926758 0.862163
0.928711 0.863558
0.930664 0.864949
0.932617 0.866336
0.93457 0.86772
0.936523 0.869099
0.938477 0.870475
0.94043 0.871847
0.942383 0.873215
0.944336 0.874579
0.946289 0.875938
0.948242 0.877294
0.950195 0.878646
0.952148 0.879994
0.954102 0.881338
0.956055 0.882677
0.958008 0.884012
0.959961 0.885343
0.961914 0.88667
0.963867 0.887992
0.96582 0.88931
0.967773 0.890624
0.969727 0.891933
0.97168 0.893237
0.973633 0.894537
0.975586 0.895833
0.977539 0.897124
0.979492 0.89841
0.981445 0.899692
0.983398 0.900968
0.985352 0.90224
0.987305 0.903507
0.989258 0.904768
0.991211 0.905999
0.993164 0.906779
0.995117 0.90022
0.99707 0.816269
0.999023 0.39285
1 0
