0 0
0.000976562 0.00100188
0.00292969 0.00300565
0.00488281 0.00500939
0.00683594 0.00701311
0.00878906 0.00901678
0.0107422 0.0110204
0.0126953 0.0130239
0.0146484 0.0150274
0.0166016 0.0170308
0.0185547 0.019034
0.0205078 0.0210372
0.0224609 0.0230402
0.0244141 0.0250431
0.0263672 0.0270458
0.0283203 0.0290484
0.0302734 0.0310507
0.0322266 0.0330529
0.0341797 0.0350549
0.0361328 0.0370567
0.0380859 0.0390583
0.0400391 0.0410596
0.0419922 0.0430607
0.0439453 0.0450615
0.0458984 0.047062
0.0478516 0.0490623
0.0498047 0.0510623
0.0517578 0.053062
0.0537109 0.0550614
0.0556641 0.0570604
0.0576172 0.0590592
0.0595703 0.0610575
0.0615234 0.0630556
0.0634766 0.0650533
0.0654297 0.0670506
0.0673828 0.0690475
0.0693359 0.0710441
0.0712891 0.0730403
0.0732422 0.075036
0.0751953 0.0770314
0.0771484 0.0790263
0.0791016 0.0810208
0.0810547 0.0830149
0.0830078 0.0850085
0.0849609 0.0870017
0.0869141 0.0889944
0.0888672 0.0909867
0.0908203 0.0929785
0.0927734 0.0949698
0.0947266 0.0969606
0.0966797 0.098951
0.0986328 0.100941
0.100586 0.10293
0.102539 0.104919
0.104492 0.106907
0.106445 0.108895
0.108398 0.110882
0.110352 0.112869
0.112305 0.114855
0.114258 0.116841
0.116211 0.118826
0.118164 0.120811
0.120117 0.122795
0.12207 0.124778
0.124023 0.126761
0.125977 0.128743
0.12793 0.130725
0.129883 0.132706
0.131836 0.134687
0.133789 0.136667
0.135742 0.138646
0.137695 0.140625
0.139648 0.142603
0.141602 0.14458
0.143555 0.146557
0.145508 0.148534
0.147461 0.15051
0.149414 0.152485
0.151367 0.154459
0.15332 0.156433
0.155273 0.158406
0.157227 0.160379
0.15918 0.162351
0.161133 0.164323
0.163086 0.166293
0.165039 0.168263
0.166992 0.170233
0.168945 0.172202
0.170898 0.17417
0.172852 0.176137
0.174805 0.178104
0.176758 0.180071
0.178711 0.182036
0.180664 0.184001
0.182617 0.185965
0.18457 0.187929
0.186523 0.189892
0.188477 0.191854
0.19043 0.193816
0.192383 0.195777
0.194336 0.197737
0.196289 0.199696
0.198242 0.201655
0.200195 0.203613
0.202148 0.205571
0.204102 0.207528
0.206055 0.209484
0.208008 0.211439
0.209961 0.213394
0.211914 0.215348
0.213867 0.217302
0.21582 0.219254
0.217773 0.221206
0.219727 0.223158
0.22168 0.225108
0.223633 0.227058
0.225586 0.229007
0.227539 0.230956
0.229492 0.232903
0.231445 0.23485
0.233398 0.236797
0.235352 0.238742
0.237305 0.240687
0.239258 0.242631
0.241211 0.244575
0.243164 0.246518
0.245117 0.24846
0.24707 0.250401
0.249023 0.252341
0.250977 0.254281
0.25293 0.25622
0.254883 0.258158
0.256836 0.260096
0.258789 0.262033
0.260742 0.263969
0.262695 0.265904
0.264648 0.267839
0.266602 0.269773
0.268555 0.271706
0.270508 0.273638
0.272461 0.27557
0.274414 0.2775
0.276367 0.27943
0.27832 0.28136
0.280273 0.283288
0.282227 0.285216
0.28418 0.287143
0.286133 0.289069
0.288086 0.290994
0.290039 0.292919
0.291992 0.294843
0.293945 0.296766
0.295898 0.298688
0.297852 0.30061
0.299805 0.302531
0.301758 0.30445
0.303711 0.30637
0.305664 0.308288
0.307617 0.310205
0.30957 0.312122
0.311523 0.314038
0.313477 0.315953
0.31543 0.317868
0.317383 0.319781
0.319336 0.321694
0.321289 0.323606
0.323242 0.325517
0.325195 0.327427
0.327148 0.329336
0.329102 0.331245
0.331055 0.333153
0.333008 0.33506
0.334961 0.336966
0.336914 0.338871
0.338867 0.340775
0.34082 0.342679
0.342773 0.344582
0.344727 0.346484
0.34668 0.348385
0.348633 0.350285
0.350586 0.352184
0.352539 0.354083
0.354492 0.35598
0.356445 0.357877
0.358398 0.359773
0.360352 0.361668
0.362305 0.363562
0.364258 0.365455
0.366211 0.367348
0.368164 0.369239
0.370117 0.37113
0.37207 0.37302
0.374023 0.374909
0.375977 0.376797
0.37793 0.378684
0.379883 0.38057
0.381836 0.382455
0.383789 0.38434
0.385742 0.386223
0.387695 0.388106
0.389648 0.389988
0.391602 0.391868
0.393555 0.393748
0.395508 0.395627
0.397461 0.397505
0.399414 0.399382
0.401367 0.401259
0.40332 0.403134
0.405273 0.405008
0.407227 0.406882
0.40918 0.408754
0.411133 0.410626
0.413086 0.412496
0.415039 0.414366
0.416992 0.416234
0.418945 0.418102
0.420898 0.419969
0.422852 0.421835
0.424805 0.423699
0.426758 0.425563
0.428711 0.427426
0.430664 0.429288
0.432617 0.431149
0.43457 0.433009
0.436523 0.434868
0.438477 0.436726
0.44043 0.438583
0.442383 0.440439
0.444336 0.442294
0.446289 0.444148
0.448242 0.446001
0.450195 0.447853
0.452148 0.449704
0.454102 0.451554
0.456055 0.453403
0.458008 0.455251
0.459961 0.457098
0.461914 0.458943
0.463867 0.460788
0.46582 0.462632
0.467773 0.464475
0.469727 0.466317
0.47168 0.468157
0.473633 0.469997
0.475586 0.471835
0.477539 0.473673
0.479492 0.475509
0.481445 0.477345
0.483398 0.479179
0.485352 0.481012
0.487305 0.482844
0.489258 0.484676
0.491211 0.486506
0.493164 0.488334
0.495117 0.490162
0.49707 0.491989
0.499023 0.493815
0.500977 0.495639
0.50293 0.497462
0.504883 0.499285
0.506836 0.501106
0.508789 0.502926
0.510742 0.504745
0.512695 0.506563
0.514648 0.508379
0.516602 0.510195
0.518555 0.512009
0.520508 0.513822
0.522461 0.515634
0.524414 0.517445
0.526367 0.519255
0.52832 0.521064
0.530273 0.522871
0.532227 0.524677
0.53418 0.526482
0.536133 0.528286
0.538086 0.530089
0.540039 0.531891
0.541992 0.533691
0.543945 0.53549
0.545898 0.537288
0.547852 0.539085
0.549805 0.54088
0.551758 0.542674
0.553711 0.544467
0.555664 0.546259
0.557617 0.54805
0.55957 0.549839
0.561523 0.551627
0.563477 0.553414
0.56543 0.5552
0.567383 0.556984
0.569336 0.558767
0.571289 0.560549
0.573242 0.562329
0.575195 0.564109
0.577148 0.565887
0.579102 0.567663
0.581055 0.569439
0.583008 0.571213
0.584961 0.572986
0.586914 0.574757
0.588867 0.576527
0.59082 0.578296
0.592773 0.580063
0.594727 0.58183
0.59668 0.583594
0.598633 0.585358
0.600586 0.58712
0.602539 0.588881
0.604492 0.59064
0.606445 0.592398
0.608398 0.594155
0.610352 0.59591
0.612305 0.597664
0.614258 0.599417
0.616211 0.601168
0.618164 0.602918
0.620117 0.604666
0.62207 0.606413
0.624023 0.608158
0.625977 0.609902
0.62793 0.611645
0.629883 0.613386
0.631836 0.615126
0.633789 0.616864
0.635742 0.618601
0.637695 0.620336
0.639648 0.62207
0.641602 0.623803
0.643555 0.625534
0.645508 0.627263
0.647461 0.628991
0.649414 0.630718
0.651367 0.632442
0.65332 0.634166
0.655273 0.635888
0.657227 0.637608
0.65918 0.639327
0.661133 0.641044
0.663086 0.64276
0.665039 0.644474
0.666992 0.646187
0.668945 0.647898
0.670898 0.649607
0.672852 0.651315
0.674805 0.653021
0.676758 0.654726
0.678711 0.656429
0.680664 0.65813
0.682617 0.65983
0.68457 0.661528
0.686523 0.663225
0.688477 0.66492
0.69043 0.666613
0.692383 0.668304
0.694336 0.669994
0.696289 0.671682
0.698242 0.673369
0.700195 0.675054
0.702148 0.676737
0.704102 0.678418
0.706055 0.680098
0.708008 0.681775
0.709961 0.683452
0.711914 0.685126
0.713867 0.686799
0.71582 0.68847
0.717773 0.690139
0.719727 0.691806
0.72168 0.693471
0.723633 0.695135
0.725586 0.696797
0.727539 0.698457
0.729492 0.700115
0.731445 0.701772
0.733398 0.703426
0.735352 0.705079
0.737305 0.70673
0.739258 0.708379
0.741211 0.710026
0.743164 0.711671
0.745117 0.713314
0.74707 0.714955
0.749023 0.716595
0.750977 0.718232
0.75293 0.719868
0.754883 0.721501
0.756836 0.723133
0.758789 0.724762
0.760742 0.72639
0.762695 0.728016
0.764648 0.729639
0.766602 0.731261
0.768555 0.73288
0.770508 0.734497
0.772461 0.736113
0.774414 0.737726
0.776367 0.739337
0.77832 0.740946
0.780273 0.742553
0.782227 0.744158
0.78418 0.745761
0.786133 0.747362
0.788086 0.74896
0.790039 0.750556
0.791992 0.752151
0.793945 0.753742
0.795898 0.755332
0.797852 0.75692
0.799805 0.758505
0.801758 0.760088
0.803711 0.761669
0.805664 0.763247
0.807617 0.764823
0.80957 0.766397
0.811523 0.767969
0.813477 0.769538
0.81543 0.771105
0.817383 0.772669
0.819336 0.774231
0.821289 0.775791
0.823242 0.777349
0.825195 0.778904
0.827148 0.780456
0.829102 0.782006
0.831055 0.783554
0.833008 0.785099
0.834961 0.786642
0.836914 0.788182
0.838867 0.789719
0.84082 0.791254
0.842773 0.792787
0.844727 0.794317
0.84668 0.795844
0.848633 0.797369
0.850586 0.798891
0.852539 0.80041
0.854492 0.801927
0.856445 0.803441
0.858398 0.804953
0.860352 0.806462
0.862305 0.807967
0.864258 0.809471
0.866211 0.810971
0.868164 0.812469
0.870117 0.813964
0.87207 0.815456
0.874023 0.816945
0.875977 0.818431
0.87793 0.819915
0.879883 0.821395
0.881836 0.822873
0.883789 0.824348
0.885742 0.825819
0.887695 0.827288
0.889648 0.828754
0.891602 0.830216
0.893555 0.831676
0.895508 0.833133
0.897461 0.834586
0.899414 0.836036
0.901367 0.837483
0.90332 0.838927
0.905273 0.840368
0.907227 0.841806
0.90918 0.84324
0.911133 0.844671
0.913086 0.846099
0.915039 0.847524
0.916992 0.848945
0.918945 0.850362
0.920898 0.851777
0.922852 0.853188
0.924805 0.854595
0.926758 0.855999
0.928711 0.8574
0.930664 0.858797
0.932617 0.86019
0.93457 0.86158
0.936523 0.862966
0.938477 0.864349
0.94043 0.865728
0.942383 0.867103
0.944336 0.868474
0.946289 0.869842
0.948242 0.871206
0.950195 0.872566
0.952148 0.873922
0.954102 0.875274
0.956055 0.876622
0.958008 0.877967
0.959961 0.879307
0.961914 0.880644
0.963867 0.881976
0.96582 0.883304
0.967773 0.884628
0.969727 0.885948
0.97168 0.887263
0.973633 0.888575
0.975586 0.889882
0.977539 0.891184
0.979492 0.892482
0.981445 0.893776
0.983398 0.895066
0.985352 0.896351
0.987305 0.897631
0.989258 0.898905
0.991211 0.900145
0.993164 0.900886
0.995117 0.893926
0.99707 0.808837
0.999023 0.38775
1 0
