0 0
0.000976562 0.000988691
0.00292969 0.00296607
0.00488281 0.00494343
0.00683594 0.00692076
0.00878906 0.00889804
0.0107422 0.0108753
0.0126953 0.0128525
0.0146484 0.0148295
0.0166016 0.0168065
0.0185547 0.0187835
0.0205078 0.0207603
0.0224609 0.0227369
0.0244141 0.0247135
0.0263672 0.0266899
0.0283203 0.0286661
0.0302734 0.0306422
0.0322266 0.032618
0.0341797 0.0345937
0.0361328 0.0365692
0.0380859 0.0385445
0.0400391 0.0405196
0.0419922 0.0424944
0.0439453 0.044469
0.0458984 0.0464433
0.0478516 0.0484174
0.0498047 0.0503912
0.0517578 0.0523647
0.0537109 0.054338
0.0556641 0.0563109
0.0576172 0.0582835
0.0595703 0.0602558
0.0615234 0.0622277
0.0634766 0.0641993
0.0654297 0.0661706
0.0673828 0.0681415
0.0693359 0.0701121
0.0712891 0.0720822
0.0732422 0.074052
0.0751953 0.0760214
0.0771484 0.0779904
0.0791016 0.079959
0.0810547 0.0819272
0.0830078 0.083895
0.0849609 0.0858623
0.0869141 0.0878292
0.0888672 0.0897957
0.0908203 0.0917617
0.0927734 0.0937272
0.0947266 0.0956923
0.0966797 0.0976569
0.0986328 0.0996211
0.100586 0.101585
0.102539 0.103548
0.104492 0.105511
0.106445 0.107473
0.108398 0.109435
0.110352 0.111396
0.112305 0.113356
0.114258 0.115317
0.116211 0.117276
0.118164 0.119235
0.120117 0.121194
0.12207 0.123152
0.124023 0.125109
0.125977 0.127066
0.12793 0.129023
0.129883 0.130979
0.131836 0.132934
0.133789 0.134889
0.135742 0.136843
0.137695 0.138796
0.139648 0.14075
0.141602 0.142702
0.143555 0.144654
0.145508 0.146605
0.147461 0.148556
0.149414 0.150506
0.151367 0.152456
0.15332 0.154404
0.155273 0.156353
0.157227 0.158301
0.15918 0.160248
0.161133 0.162194
0.163086 0.16414
0.165039 0.166085
0.166992 0.16803
0.168945 0.169974
0.170898 0.171918
0.172852 0.173861
0.174805 0.175803
0.176758 0.177744
0.178711 0.179685
0.180664 0.181626
0.182617 0.183565
0.18457 0.185504
0.186523 0.187443
0.188477 0.189381
0.19043 0.191318
0.192383 0.193254
0.194336 0.19519
0.196289 0.197125
0.198242 0.19906
0.200195 0.200994
0.202148 0.202927
0.204102 0.20486
0.206055 0.206792
0.208008 0.208723
0.209961 0.210654
0.211914 0.212584
0.213867 0.214513
0.21582 0.216441
0.217773 0.218369
0.219727 0.220297
0.22168 0.222223
0.223633 0.224149
0.225586 0.226074
0.227539 0.227999
0.229492 0.229923
0.231445 0.231846
0.233398 0.233769
0.235352 0.23569
0.237305 0.237612
0.239258 0.239532
0.241211 0.241452
0.243164 0.243371
0.245117 0.245289
0.24707 0.247207
0.249023 0.249124
0.250977 0.25104
0.25293 0.252956
0.254883 0.254871
0.256836 0.256785
0.258789 0.258698
0.260742 0.260611
0.262695 0.262523
0.264648 0.264434
0.266602 0.266345
0.268555 0.268254
0.270508 0.270164
0.272461 0.272072
0.274414 0.27398
0.276367 0.275887
0.27832 0.277793
0.280273 0.279698
0.282227 0.281603
0.28418 0.283507
0.286133 0.28541
0.288086 0.287313
0.290039 0.289214
0.291992 0.291115
0.293945 0.293016
0.295898 0.294915
0.297852 0.296814
0.299805 0.298712
0.301758 0.300609
0.303711 0.302506
0.305664 0.304401
0.307617 0.306296
0.30957 0.308191
0.311523 0.310084
0.313477 0.311977
0.31543 0.313868
0.317383 0.31576
0.319336 0.31765
0.321289 0.319539
0.323242 0.321428
0.325195 0.323316
0.327148 0.325203
0.329102 0.32709
0.331055 0.328975
0.333008 0.33086
0.334961 0.332744
0.336914 0.334627
0.338867 0.33651
0.34082 0.338391
0.342773 0.340272
0.344727 0.342152
0.34668 0.344031
0.348633 0.34591
0.350586 0.347787
0.352539 0.349664
0.354492 0.35154
0.356445 0.353415
0.358398 0.355289
0.360352 0.357163
0.362305 0.359035
0.364258 0.360907
0.366211 0.362778
0.368164 0.364648
0.370117 0.366518
0.37207 0.368386
0.374023 0.370253
0.375977 0.37212
0.37793 0.373986
0.379883 0.375851
0.381836 0.377715
0.383789 0.379579
0.385742 0.381441
0.387695 0.383302
0.389648 0.385163
0.391602 0.387023
0.393555 0.388882
0.395508 0.39074
0.397461 0.392597
0.399414 0.394454
0.401367 0.396309
0.40332 0.398163
0.405273 0.400017
0.407227 0.40187
0.40918 0.403722
0.411133 0.405573
0.413086 0.407423
0.415039 0.409272
0.416992 0.41112
0.418945 0.412967
0.420898 0.414814
0.422852 0.416659
0.424805 0.418504
0.426758 0.420348
0.428711 0.42219
0.430664 0.424032
0.432617 0.425873
0.43457 0.427713
0.436523 0.429552
0.438477 0.43139
0.44043 0.433227
0.442383 0.435063
0.444336 0.436898
0.446289 0.438733
0.448242 0.440566
0.450195 0.442398
0.452148 0.444229
0.454102 0.44606
0.456055 0.447889
0.458008 0.449718
0.459961 0.451545
0.461914 0.453372
0.463867 0.455197
0.46582 0.457022
0.467773 0.458845
0.469727 0.460668
0.47168 0.462489
0.473633 0.46431
0.475586 0.466129
0.477539 0.467948
0.479492 0.469765
0.481445 0.471582
0.483398 0.473397
0.485352 0.475212
0.487305 0.477025
0.489258 0.478837
0.491211 0.480649
0.493164 0.482459
0.495117 0.484268
0.49707 0.486076
0.499023 0.487884
0.500977 0.48969
0.50293 0.491495
0.504883 0.493299
0.506836 0.495102
0.508789 0.496903
0.510742 0.498704
0.512695 0.500504
0.514648 0.502303
0.516602 0.5041
0.518555 0.505897
0.520508 0.507692
0.522461 0.509486
0.524414 0.511279
0.526367 0.513071
0.52832 0.514862
0.530273 0.516652
0.532227 0.518441
0.53418 0.520228
0.536133 0.522015
0.538086 0.5238
0.540039 0.525584
0.541992 0.527368
0.543945 0.529149
0.545898 0.53093
0.547852 0.53271
0.549805 0.534488
0.551758 0.536266
0.553711 0.538042
0.555664 0.539817
0.557617 0.541591
0.55957 0.543363
0.561523 0.545135
0.563477 0.546905
0.56543 0.548674
0.567383 0.550442
0.569336 0.552208
0.571289 0.553974
0.573242 0.555738
0.575195 0.557501
0.577148 0.559263
0.579102 0.561023
0.581055 0.562783
0.583008 0.564541
0.584961 0.566298
0.586914 0.568053
0.588867 0.569808
0.59082 0.571561
0.592773 0.573313
0.594727 0.575063
0.59668 0.576812
0.598633 0.578561
0.600586 0.580307
0.602539 0.582053
0.604492 0.583797
0.606445 0.58554
0.608398 0.587281
0.610352 0.589022
0.612305 0.59076
0.614258 0.592498
0.616211 0.594234
0.618164 0.595969
0.620117 0.597703
0.62207 0.599435
0.624023 0.601166
0.625977 0.602896
0.62793 0.604624
0.629883 0.606351
0.631836 0.608076
0.633789 0.6098
0.635742 0.611523
0.637695 0.613244
0.639648 0.614964
0.641602 0.616683
0.643555 0.6184
0.645508 0.620116
0.647461 0.62183
0.649414 0.623543
0.651367 0.625254
0.65332 0.626964
0.655273 0.628673
0.657227 0.63038
0.65918 0.632085
0.661133 0.63379
0.663086 0.635492
0.665039 0.637194
0.666992 0.638893
0.668945 0.640591
0.670898 0.642288
0.672852 0.643983
0.674805 0.645677
0.676758 0.647369
0.678711 0.64906
0.680664 0.650749
0.682617 0.652437
0.68457 0.654123
0.686523 0.655807
0.688477 0.65749
0.69043 0.659171
0.692383 0.660851
0.694336 0.662529
0.696289 0.664206
0.698242 0.665881
0.700195 0.667554
0.702148 0.669226
0.704102 0.670896
0.706055 0.672565
0.708008 0.674232
0.709961 0.675897
0.711914 0.67756
0.713867 0.679222
0.71582 0.680882
0.717773 0.682541
0.719727 0.684198
0.72168 0.685853
0.723633 0.687506
0.725586 0.689158
0.727539 0.690808
0.729492 0.692456
0.731445 0.694103
0.733398 0.695748
0.735352 0.697391
0.737305 0.699032
0.739258 0.700671
0.741211 0.702309
0.743164 0.703945
0.745117 0.705579
0.74707 0.707211
0.749023 0.708842
0.750977 0.71047
0.75293 0.712097
0.754883 0.713722
0.756836 0.715345
0.758789 0.716966
0.760742 0.718586
0.762695 0.720203
0.764648 0.721819
0.766602 0.723432
0.768555 0.725044
0.770508 0.726654
0.772461 0.728261
0.774414 0.729867
0.776367 0.731471
0.77832 0.733073
0.780273 0.734673
0.782227 0.736271
0.78418 0.737867
0.786133 0.739461
0.788086 0.741053
0.790039 0.742642
0.791992 0.74423
0.793945 0.745816
0.795898 0.747399
0.797852 0.748981
0.799805 0.75056
0.801758 0.752138
0.803711 0.753713
0.805664 0.755286
0.807617 0.756857
0.80957 0.758425
0.811523 0.759992
0.813477 0.761556
0.81543 0.763118
0.817383 0.764678
0.819336 0.766236
0.821289 0.767792
0.823242 0.769345
0.825195 0.770896
0.827148 0.772444
0.829102 0.773991
0.831055 0.775535
0.833008 0.777076
0.834961 0.778616
0.836914 0.780153
0.838867 0.781687
0.84082 0.78322
0.842773 0.784749
0.844727 0.786277
0.84668 0.787802
0.848633 0.789324
0.850586 0.790845
0.852539 0.792362
0.854492 0.793877
0.856445 0.79539
0.858398 0.7969
0.860352 0.798408
0.862305 0.799913
0.864258 0.801415
0.866211 0.802915
0.868164 0.804412
0.870117 0.805907
0.87207 0.807398
0.874023 0.808888
0.875977 0.810374
0.87793 0.811858
0.879883 0.813339
0.881836 0.814818
0.883789 0.816294
0.885742 0.817766
0.887695 0.819237
0.889648 0.820704
0.891602 0.822168
0.893555 0.82363
0.895508 0.825089
0.897461 0.826544
0.899414 0.827997
0.901367 0.829447
0.90332 0.830894
0.905273 0.832338
0.907227 0.833779
0.90918 0.835217
0.911133 0.836652
0.913086 0.838084
0.915039 0.839513
0.916992 0.840939
0.918945 0.842361
0.920898 0.843781
0.922852 0.845197
0.924805 0.84661
0.926758 0.84802
0.928711 0.849426
0.930664 0.850829
0.932617 0.852229
0.93457 0.853626
0.936523 0.855019
0.938477 0.856409
0.94043 0.857795
0.942383 0.859178
0.944336 0.860558
0.946289 0.861934
0.948242 0.863306
0.950195 0.864675
0.952148 0.86604
0.954102 0.867402
0.956055 0.86876
0.958008 0.870114
0.959961 0.871465
0.961914 0.872812
0.963867 0.874155
0.96582 0.875494
0.967773 0.87683
0.969727 0.878161
0.97168 0.879489
0.973633 0.880813
0.975586 0.882133
0.977539 0.883449
0.979492 0.88476
0.981445 0.886068
0.983398 0.887371
0.985352 0.888671
0.987305 0.889966
0.989258 0.891254
0.991211 0.892503
0.993164 0.893186
0.995117 0.885684
0.99707 0.799123
0.999023 0.381147
1 0
