0 0
0.000976562 0.000984702
0.00292969 0.0029541
0.00488281 0.00492348
0.00683594 0.00689283
0.00878906 0.00886214
0.0107422 0.0108314
0.0126953 0.0128006
0.0146484 0.0147697
0.0166016 0.0167387
0.0185547 0.0187077
0.0205078 0.0206765
0.0224609 0.0226452
0.0244141 0.0246138
0.0263672 0.0265822
0.0283203 0.0285505
0.0302734 0.0305186
0.0322266 0.0324865
0.0341797 0.0344543
0.0361328 0.0364218
0.0380859 0.0383892
0.0400391 0.0403563
0.0419922 0.0423232
0.0439453 0.0442898
0.0458984 0.0462562
0.0478516 0.0482224
0.0498047 0.0501883
0.0517578 0.0521539
0.0537109 0.0541192
0.0556641 0.0560842
0.0576172 0.0580489
0.0595703 0.0600133
0.0615234 0.0619773
0.0634766 0.0639411
0.0654297 0.0659045
0.0673828 0.0678675
0.0693359 0.0698302
0.0712891 0.0717925
0.0732422 0.0737544
0.0751953 0.075716
0.0771484 0.0776771
0.0791016 0.0796379
0.0810547 0.0815982
0.0830078 0.0835581
0.0849609 0.0855177
0.0869141 0.0874767
0.0888672 0.0894354
0.0908203 0.0913936
0.0927734 0.0933514
0.0947266 0.0953087
0.0966797 0.0972655
0.0986328 0.0992219
0.100586 0.101178
0.102539 0.103133
0.104492 0.105088
0.106445 0.107043
0.108398 0.108997
0.110352 0.11095
0.112305 0.112903
0.114258 0.114855
0.116211 0.116807
0.118164 0.118759
0.120117 0.12071
0.12207 0.12266
0.124023 0.12461
0.125977 0.126559
0.12793 0.128508
0.129883 0.130456
0.131836 0.132404
0.133789 0.134351
0.135742 0.136297
0.137695 0.138243
0.139648 0.140189
0.141602 0.142134
0.143555 0.144078
0.145508 0.146022
0.147461 0.147965
0.149414 0.149907
0.151367 0.151849
0.15332 0.153791
0.155273 0.155731
0.157227 0.157672
0.15918 0.159611
0.161133 0.16155
0.163086 0.163489
0.165039 0.165426
0.166992 0.167364
0.168945 0.1693
0.170898 0.171236
0.172852 0.173172
0.174805 0.175106
0.176758 0.17704
0.178711 0.178974
0.180664 0.180907
0.182617 0.182839
0.18457 0.184771
0.186523 0.186702
0.188477 0.188632
0.19043 0.190562
0.192383 0.192491
0.194336 0.19442
0.196289 0.196347
0.198242 0.198275
0.200195 0.200201
0.202148 0.202127
0.204102 0.204052
0.206055 0.205977
0.208008 0.207901
0.209961 0.209824
0.211914 0.211747
0.213867 0.213669
0.21582 0.21559
0.217773 0.217511
0.219727 0.219431
0.22168 0.22135
0.223633 0.223269
0.225586 0.225187
0.227539 0.227104
0.229492 0.229021
0.231445 0.230937
0.233398 0.232852
0.235352 0.234767
0.237305 0.236681
0.239258 0.238594
0.241211 0.240506
0.243164 0.242418
0.245117 0.24433
0.24707 0.24624
0.249023 0.24815
0.250977 0.250059
0.25293 0.251967
0.254883 0.253875
0.256836 0.255782
0.258789 0.257689
0.260742 0.259594
0.262695 0.261499
0.264648 0.263403
0.266602 0.265307
0.268555 0.26721
0.270508 0.269112
0.272461 0.271013
0.274414 0.272914
0.276367 0.274814
0.27832 0.276713
0.280273 0.278611
0.282227 0.280509
0.28418 0.282406
0.286133 0.284302
0.288086 0.286198
0.290039 0.288093
0.291992 0.289987
0.293945 0.29188
0.295898 0.293773
0.297852 0.295665
0.299805 0.297556
0.301758 0.299446
0.303711 0.301336
0.305664 0.303225
0.307617 0.305113
0.30957 0.307
0.311523 0.308887
0.313477 0.310772
0.31543 0.312657
0.317383 0.314542
0.319336 0.316425
0.321289 0.318308
0.323242 0.32019
0.325195 0.322071
0.327148 0.323952
0.329102 0.325831
0.331055 0.32771
0.333008 0.329588
0.334961 0.331466
0.336914 0.333342
0.338867 0.335218
0.34082 0.337093
0.342773 0.338967
0.344727 0.34084
0.34668 0.342713
0.348633 0.344585
0.350586 0.346456
0.352539 0.348326
0.354492 0.350195
0.356445 0.352064
0.358398 0.353931
0.360352 0.355798
0.362305 0.357664
0.364258 0.359529
0.366211 0.361394
0.368164 0.363257
0.370117 0.36512
0.37207 0.366982
0.374023 0.368843
0.375977 0.370703
0.37793 0.372563
0.379883 0.374421
0.381836 0.376279
0.383789 0.378136
0.385742 0.379992
0.387695 0.381847
0.389648 0.383702
0.391602 0.385555
0.393555 0.387408
0.395508 0.389259
0.397461 0.39111
0.399414 0.39296
0.401367 0.394809
0.40332 0.396657
0.405273 0.398505
0.407227 0.400351
0.40918 0.402197
0.411133 0.404042
0.413086 0.405885
0.415039 0.407728
0.416992 0.40957
0.418945 0.411411
0.420898 0.413252
0.422852 0.415091
0.424805 0.416929
0.426758 0.418767
0.428711 0.420603
0.430664 0.422439
0.432617 0.424274
0.43457 0.426108
0.436523 0.427941
0.438477 0.429773
0.44043 0.431604
0.442383 0.433434
0.444336 0.435263
0.446289 0.437091
0.448242 0.438918
0.450195 0.440745
0.452148 0.44257
0.454102 0.444394
0.456055 0.446218
0.458008 0.44804
0.459961 0.449862
0.461914 0.451683
0.463867 0.453502
0.46582 0.455321
0.467773 0.457138
0.469727 0.458955
0.47168 0.460771
0.473633 0.462585
0.475586 0.464399
0.477539 0.466212
0.479492 0.468024
0.481445 0.469834
0.483398 0.471644
0.485352 0.473453
0.487305 0.47526
0.489258 0.477067
0.491211 0.478873
0.493164 0.480677
0.495117 0.482481
0.49707 0.484283
0.499023 0.486085
0.500977 0.487885
0.50293 0.489685
0.504883 0.491483
0.506836 0.493281
0.508789 0.495077
0.510742 0.496872
0.512695 0.498666
0.514648 0.500459
0.516602 0.502252
0.518555 0.504043
0.520508 0.505832
0.522461 0.507621
0.524414 0.509409
0.526367 0.511196
0.52832 0.512981
0.530273 0.514766
0.532227 0.516549
0.53418 0.518331
0.536133 0.520112
0.538086 0.521892
0.540039 0.523671
0.541992 0.525449
0.543945 0.527226
0.545898 0.529001
0.547852 0.530776
0.549805 0.532549
0.551758 0.534321
0.553711 0.536092
0.555664 0.537862
0.557617 0.53963
0.55957 0.541398
0.561523 0.543164
0.563477 0.544929
0.56543 0.546693
0.567383 0.548456
0.569336 0.550218
0.571289 0.551978
0.573242 0.553738
0.575195 0.555496
0.577148 0.557252
0.579102 0.559008
0.581055 0.560762
0.583008 0.562516
0.584961 0.564268
0.586914 0.566018
0.588867 0.567768
0.59082 0.569516
0.592773 0.571263
0.594727 0.573009
0.59668 0.574754
0.598633 0.576497
0.600586 0.578239
0.602539 0.57998
0.604492 0.581719
0.606445 0.583457
0.608398 0.585194
0.610352 0.58693
0.612305 0.588664
0.614258 0.590397
0.616211 0.592129
0.618164 0.593859
0.620117 0.595588
0.62207 0.597316
0.624023 0.599043
0.625977 0.600768
0.62793 0.602492
0.629883 0.604214
0.631836 0.605935
0.633789 0.607655
0.635742 0.609373
0.637695 0.61109
0.639648 0.612806
0.641602 0.61452
0.643555 0.616233
0.645508 0.617944
0.647461 0.619654
0.649414 0.621363
0.651367 0.62307
0.65332 0.624776
0.655273 0.626481
0.657227 0.628184
0.65918 0.629885
0.661133 0.631585
0.663086 0.633284
0.665039 0.634981
0.666992 0.636677
0.668945 0.638371
0.670898 0.640064
0.672852 0.641755
0.674805 0.643445
0.676758 0.645133
0.678711 0.64682
0.680664 0.648505
0.682617 0.650189
0.68457 0.651871
0.686523 0.653552
0.688477 0.655231
0.69043 0.656909
0.692383 0.658585
0.694336 0.66026
0.696289 0.661933
0.698242 0.663604
0.700195 0.665274
0.702148 0.666942
0.704102 0.668609
0.706055 0.670274
0.708008 0.671937
0.709961 0.673599
0.711914 0.675259
0.713867 0.676918
0.71582 0.678575
0.717773 0.68023
0.719727 0.681883
0.72168 0.683535
0.723633 0.685185
0.725586 0.686834
0.727539 0.688481
0.729492 0.690126
0.731445 0.691769
0.733398 0.693411
0.735352 0.695051
0.737305 0.696689
0.739258 0.698326
0.741211 0.699961
0.743164 0.701594
0.745117 0.703225
0.74707 0.704854
0.749023 0.706482
0.750977 0.708108
0.75293 0.709732
0.754883 0.711354
0.756836 0.712974
0.758789 0.714593
0.760742 0.716209
0.762695 0.717824
0.764648 0.719437
0.766602 0.721048
0.768555 0.722657
0.770508 0.724265
0.772461 0.72587
0.774414 0.727474
0.776367 0.729075
0.77832 0.730675
0.780273 0.732272
0.782227 0.733868
0.78418 0.735462
0.786133 0.737053
0.788086 0.738643
0.790039 0.740231
0.791992 0.741816
0.793945 0.7434
0.795898 0.744982
0.797852 0.746561
0.799805 0.748139
0.801758 0.749714
0.803711 0.751287
0.805664 0.752859
0.807617 0.754428
0.80957 0.755995
0.811523 0.75756
0.813477 0.759122
0.81543 0.760683
0.817383 0.762241
0.819336 0.763797
0.821289 0.765351
0.823242 0.766903
0.825195 0.768453
0.827148 0.77
0.829102 0.771545
0.831055 0.773088
0.833008 0.774628
0.834961 0.776166
0.836914 0.777702
0.838867 0.779236
0.84082 0.780767
0.842773 0.782296
0.844727 0.783822
0.84668 0.785347
0.848633 0.786868
0.850586 0.788388
0.852539 0.789904
0.854492 0.791419
0.856445 0.792931
0.858398 0.79444
0.860352 0.795947
0.862305 0.797452
0.864258 0.798954
0.866211 0.800453
0.868164 0.80195
0.870117 0.803444
0.87207 0.804936
0.874023 0.806425
0.875977 0.807911
0.87793 0.809395
0.879883 0.810876
0.881836 0.812355
0.883789 0.81383
0.885742 0.815304
0.887695 0.816774
0.889648 0.818241
0.891602 0.819706
0.893555 0.821168
0.895508 0.822627
0.897461 0.824084
0.899414 0.825537
0.901367 0.826988
0.90332 0.828435
0.905273 0.82988
0.907227 0.831322
0.90918 0.832761
0.911133 0.834197
0.913086 0.835629
0.915039 0.837059
0.916992 0.838486
0.918945 0.83991
0.920898 0.84133
0.922852 0.842748
0.924805 0.844162
0.926758 0.845574
0.928711 0.846982
0.930664 0.848386
0.932617 0.849788
0.93457 0.851186
0.936523 0.852581
0.938477 0.853973
0.94043 0.855361
0.942383 0.856746
0.944336 0.858128
0.946289 0.859506
0.948242 0.860881
0.950195 0.862252
0.952148 0.86362
0.954102 0.864984
0.956055 0.866345
0.958008 0.867702
0.959961 0.869055
0.961914 0.870405
0.963867 0.871751
0.96582 0.873093
0.967773 0.874432
0.969727 0.875767
0.97168 0.877098
0.973633 0.878425
0.975586 0.879748
0.977539 0.881067
0.979492 0.882383
0.981445 0.883694
0.983398 0.885001
0.985352 0.886305
0.987305 0.887604
0.989258 0.888896
0.991211 0.890147
0.993164 0.89081
0.995117 0.883138
0.99707 0.796125
0.999023 0.379123
1 0
