0 0
0.000976562 0.000946507
0.00292969 0.00283952
0.00488281 0.00473251
0.00683594 0.00662548
0.00878906 0.00851842
0.0107422 0.0104113
0.0126953 0.0123041
0.0146484 0.0141969
0.0166016 0.0160896
0.0185547 0.0179822
0.0205078 0.0198748
0.0224609 0.0217672
0.0244141 0.0236595
0.0263672 0.0255517
0.0283203 0.0274437
0.0302734 0.0293357
0.0322266 0.0312274
0.0341797 0.033119
0.0361328 0.0350105
0.0380859 0.0369017
0.0400391 0.0387928
0.0419922 0.0406837
0.0439453 0.0425744
0.0458984 0.0444648
0.0478516 0.0463551
0.0498047 0.0482451
0.0517578 0.0501349
0.0537109 0.0520244
0.0556641 0.0539137
0.0576172 0.0558027
0.0595703 0.0576914
0.0615234 0.0595799
0.0634766 0.061468
0.0654297 0.0633559
0.0673828 0.0652435
0.0693359 0.0671308
0.0712891 0.0690177
0.0732422 0.0709044
0.0751953 0.0727907
0.0771484 0.0746767
0.0791016 0.0765623
0.0810547 0.0784476
0.0830078 0.0803325
0.0849609 0.082217
0.0869141 0.0841012
0.0888672 0.085985
0.0908203 0.0878685
0.0927734 0.0897515
0.0947266 0.0916342
0.0966797 0.0935164
0.0986328 0.0953983
0.100586 0.0972797
0.102539 0.0991608
0.104492 0.101041
0.106445 0.102922
0.108398 0.104801
0.110352 0.106681
0.112305 0.10856
0.114258 0.110438
0.116211 0.112316
0.118164 0.114194
0.120117 0.116071
0.12207 0.117947
0.124023 0.119823
0.125977 0.121699
0.12793 0.123574
0.129883 0.125449
0.131836 0.127323
0.133789 0.129197
0.135742 0.131071
0.137695 0.132943
0.139648 0.134816
0.141602 0.136688
0.143555 0.138559
0.145508 0.14043
0.147461 0.1423
0.149414 0.14417
0.151367 0.146039
0.15332 0.147908
0.155273 0.149776
0.157227 0.151644
0.15918 0.153511
0.161133 0.155378
0.163086 0.157244
0.165039 0.15911
0.166992 0.160975
0.168945 0.16284
0.170898 0.164704
0.172852 0.166567
0.174805 0.16843
0.176758 0.170293
0.178711 0.172155
0.180664 0.174016
0.182617 0.175877
0.18457 0.177737
0.186523 0.179597
0.188477 0.181456
0.19043 0.183314
0.192383 0.185173
0.194336 0.18703
0.196289 0.188887
0.198242 0.190743
0.200195 0.192599
0.202148 0.194454
0.204102 0.196309
0.206055 0.198163
0.208008 0.200017
0.209961 0.201869
0.211914 0.203722
0.213867 0.205574
0.21582 0.207425
0.217773 0.209275
0.219727 0.211125
0.22168 0.212975
0.223633 0.214824
0.225586 0.216672
0.227539 0.21852
0.229492 0.220367
0.231445 0.222213
0.233398 0.224059
0.235352 0.225905
0.237305 0.227749
0.239258 0.229593
0.241211 0.231437
0.243164 0.23328
0.245117 0.235122
0.24707 0.236964
0.249023 0.238805
0.250977 0.240645
0.25293 0.242485
0.254883 0.244324
0.256836 0.246163
0.258789 0.248001
0.260742 0.249838
0.262695 0.251675
0.264648 0.253511
0.266602 0.255347
0.268555 0.257182
0.270508 0.259016
0.272461 0.26085
0.274414 0.262683
0.276367 0.264515
0.27832 0.266347
0.280273 0.268178
0.282227 0.270008
0.28418 0.271838
0.286133 0.273667
0.288086 0.275496
0.290039 0.277324
0.291992 0.279151
0.293945 0.280978
0.295898 0.282804
0.297852 0.284629
0.299805 0.286454
0.301758 0.288278
0.303711 0.290101
0.305664 0.291924
0.307617 0.293746
0.30957 0.295567
0.311523 0.297388
0.313477 0.299208
0.31543 0.301027
0.317383 0.302846
0.319336 0.304664
0.321289 0.306481
0.323242 0.308298
0.325195 0.310114
0.327148 0.311929
0.329102 0.313744
0.331055 0.315557
0.333008 0.317371
0.334961 0.319183
0.336914 0.320995
0.338867 0.322806
0.34082 0.324617
0.342773 0.326427
0.344727 0.328236
0.34668 0.330044
0.348633 0.331852
0.350586 0.333659
0.352539 0.335465
0.354492 0.33727
0.356445 0.339075
0.358398 0.340879
0.360352 0.342683
0.362305 0.344485
0.364258 0.346287
0.366211 0.348089
0.368164 0.349889
0.370117 0.351689
0.37207 0.353488
0.374023 0.355286
0.375977 0.357084
0.37793 0.358881
0.379883 0.360677
0.381836 0.362473
0.383789 0.364267
0.385742 0.366061
0.387695 0.367854
0.389648 0.369647
0.391602 0.371438
0.393555 0.373229
0.395508 0.375019
0.397461 0.376809
0.399414 0.378598
0.401367 0.380385
0.40332 0.382173
0.405273 0.383959
0.407227 0.385744
0.40918 0.387529
0.411133 0.389313
0.413086 0.391097
0.415039 0.392879
0.416992 0.394661
0.418945 0.396442
0.420898 0.398222
0.422852 0.400001
0.424805 0.40178
0.426758 0.403557
0.428711 0.405334
0.430664 0.407111
0.432617 0.408886
0.43457 0.410661
0.436523 0.412434
0.438477 0.414207
0.44043 0.415979
0.442383 0.417751
0.444336 0.419521
0.446289 0.421291
0.448242 0.42306
0.450195 0.424828
0.452148 0.426595
0.454102 0.428361
0.456055 0.430127
0.458008 0.431892
0.459961 0.433655
0.461914 0.435419
0.463867 0.437181
0.46582 0.438942
0.467773 0.440703
0.469727 0.442462
0.47168 0.444221
0.473633 0.445979
0.475586 0.447736
0.477539 0.449492
0.479492 0.451247
0.481445 0.453002
0.483398 0.454756
0.485352 0.456508
0.487305 0.45826
0.489258 0.460011
0.491211 0.461761
0.493164 0.46351
0.495117 0.465259
0.49707 0.467006
0.499023 0.468752
0.500977 0.470498
0.50293 0.472243
0.504883 0.473987
0.506836 0.475729
0.508789 0.477471
0.510742 0.479212
0.512695 0.480953
0.514648 0.482692
0.516602 0.48443
0.518555 0.486167
0.520508 0.487904
0.522461 0.489639
0.524414 0.491374
0.526367 0.493108
0.52832 0.49484
0.530273 0.496572
0.532227 0.498303
0.53418 0.500032
0.536133 0.501761
0.538086 0.503489
0.540039 0.505216
0.541992 0.506942
0.543945 0.508667
0.545898 0.510391
0.547852 0.512114
0.549805 0.513836
0.551758 0.515557
0.553711 0.517277
0.555664 0.518996
0.557617 0.520714
0.55957 0.522431
0.561523 0.524148
0.563477 0.525863
0.56543 0.527577
0.567383 0.52929
0.569336 0.531002
0.571289 0.532713
0.573242 0.534423
0.575195 0.536131
0.577148 0.537839
0.579102 0.539546
0.581055 0.541252
0.583008 0.542957
0.584961 0.54466
0.586914 0.546363
0.588867 0.548065
0.59082 0.549765
0.592773 0.551465
0.594727 0.553163
0.59668 0.55486
0.598633 0.556556
0.600586 0.558252
0.602539 0.559946
0.604492 0.561639
0.606445 0.56333
0.608398 0.565021
0.610352 0.566711
0.612305 0.568399
0.614258 0.570087
0.616211 0.571773
0.618164 0.573458
0.620117 0.575142
0.62207 0.576825
0.624023 0.578507
0.625977 0.580188
0.62793 0.581867
0.629883 0.583545
0.631836 0.585223
0.633789 0.586899
0.635742 0.588573
0.637695 0.590247
0.639648 0.59192
0.641602 0.593591
0.643555 0.595261
0.645508 0.59693
0.647461 0.598598
0.649414 0.600264
0.651367 0.60193
0.65332 0.603594
0.655273 0.605257
0.657227 0.606918
0.65918 0.608579
0.661133 0.610238
0.663086 0.611896
0.665039 0.613553
0.666992 0.615208
0.668945 0.616862
0.670898 0.618515
0.672852 0.620167
0.674805 0.621818
0.676758 0.623467
0.678711 0.625115
0.680664 0.626761
0.682617 0.628407
0.68457 0.630051
0.686523 0.631693
0.688477 0.633335
0.69043 0.634975
0.692383 0.636614
0.694336 0.638251
0.696289 0.639887
0.698242 0.641522
0.700195 0.643155
0.702148 0.644787
0.704102 0.646418
0.706055 0.648048
0.708008 0.649676
0.709961 0.651302
0.711914 0.652927
0.713867 0.654551
0.71582 0.656174
0.717773 0.657795
0.719727 0.659414
0.72168 0.661033
0.723633 0.662649
0.725586 0.664265
0.727539 0.665879
0.729492 0.667491
0.731445 0.669102
0.733398 0.670712
0.735352 0.67232
0.737305 0.673927
0.739258 0.675532
0.741211 0.677136
0.743164 0.678738
0.745117 0.680339
0.74707 0.681938
0.749023 0.683536
0.750977 0.685132
0.75293 0.686726
0.754883 0.688319
0.756836 0.689911
0.758789 0.691501
0.760742 0.69309
0.762695 0.694676
0.764648 0.696262
0.766602 0.697846
0.768555 0.699428
0.770508 0.701008
0.772461 0.702587
0.774414 0.704165
0.776367 0.70574
0.77832 0.707314
0.780273 0.708887
0.782227 0.710458
0.78418 0.712027
0.786133 0.713594
0.788086 0.71516
0.790039 0.716724
0.791992 0.718287
0.793945 0.719848
0.795898 0.721407
0.797852 0.722964
0.799805 0.724519
0.801758 0.726073
0.803711 0.727625
0.805664 0.729176
0.807617 0.730724
0.80957 0.732271
0.811523 0.733816
0.813477 0.735359
0.81543 0.736901
0.817383 0.738441
0.819336 0.739978
0.821289 0.741514
0.823242 0.743048
0.825195 0.744581
0.827148 0.746111
0.829102 0.74764
0.831055 0.749166
0.833008 0.750691
0.834961 0.752214
0.836914 0.753735
0.838867 0.755254
0.84082 0.756771
0.842773 0.758286
0.844727 0.759799
0.84668 0.76131
0.848633 0.762819
0.850586 0.764326
0.852539 0.765832
0.854492 0.767335
0.856445 0.768836
0.858398 0.770335
0.860352 0.771832
0.862305 0.773327
0.864258 0.77482
0.866211 0.77631
0.868164 0.777799
0.870117 0.779286
0.87207 0.78077
0.874023 0.782252
0.875977 0.783732
0.87793 0.78521
0.879883 0.786686
0.881836 0.788159
0.883789 0.789631
0.885742 0.7911
0.887695 0.792566
0.889648 0.794031
0.891602 0.795493
0.893555 0.796953
0.895508 0.798411
0.897461 0.799866
0.899414 0.801319
0.901367 0.80277
0.90332 0.804218
0.905273 0.805664
0.907227 0.807108
0.90918 0.808549
0.911133 0.809987
0.913086 0.811424
0.915039 0.812857
0.916992 0.814289
0.918945 0.815717
0.920898 0.817144
0.922852 0.818567
0.924805 0.819989
0.926758 0.821407
0.928711 0.822823
0.930664 0.824237
0.932617 0.825648
0.93457 0.827056
0.936523 0.828461
0.938477 0.829864
0.94043 0.831264
0.942383 0.832662
0.944336 0.834056
0.946289 0.835448
0.948242 0.836837
0.950195 0.838224
0.952148 0.839607
0.954102 0.840988
0.956055 0.842366
0.958008 0.843741
0.959961 0.845113
0.961914 0.846482
0.963867 0.847848
0.96582 0.849211
0.967773 0.850572
0.969727 0.851929
0.97168 0.853283
0.973633 0.854634
0.975586 0.855982
0.977539 0.857327
0.979492 0.858669
0.981445 0.860007
0.983398 0.861343
0.985352 0.862675
0.987305 0.864003
0.989258 0.865323
0.991211 0.866575
0.993164 0.866991
0.995117 0.857513
0.99707 0.766094
0.999023 0.35921
1 0
