0 0
0.000976562 0.000936519
0.00292969 0.00280955
0.00488281 0.00468257
0.00683594 0.00655556
0.00878906 0.00842853
0.0107422 0.0103014
0.0126953 0.0121743
0.0146484 0.0140471
0.0166016 0.0159199
0.0185547 0.0177925
0.0205078 0.0196651
0.0224609 0.0215375
0.0244141 0.0234099
0.0263672 0.0252822
0.0283203 0.0271543
0.0302734 0.0290263
0.0322266 0.0308981
0.0341797 0.0327698
0.0361328 0.0346413
0.0380859 0.0365127
0.0400391 0.0383839
0.0419922 0.0402548
0.0439453 0.0421256
0.0458984 0.0439962
0.0478516 0.0458666
0.0498047 0.0477368
0.0517578 0.0496067
0.0537109 0.0514764
0.0556641 0.0533459
0.0576172 0.0552151
0.0595703 0.057084
0.0615234 0.0589527
0.0634766 0.0608211
0.0654297 0.0626892
0.0673828 0.064557
0.0693359 0.0664246
0.0712891 0.0682918
0.0732422 0.0701587
0.0751953 0.0720253
0.0771484 0.0738916
0.0791016 0.0757576
0.0810547 0.0776232
0.0830078 0.0794885
0.0849609 0.0813534
0.0869141 0.083218
0.0888672 0.0850822
0.0908203 0.086946
0.0927734 0.0888095
0.0947266 0.0906726
0.0966797 0.0925353
0.0986328 0.0943977
0.100586 0.0962596
0.102539 0.0981211
0.104492 0.0999823
0.106445 0.101843
0.108398 0.103703
0.110352 0.105563
0.112305 0.107423
0.114258 0.109282
0.116211 0.11114
0.118164 0.112999
0.120117 0.114856
0.12207 0.116714
0.124023 0.11857
0.125977 0.120427
0.12793 0.122283
0.129883 0.124138
0.131836 0.125993
0.133789 0.127848
0.135742 0.129702
0.137695 0.131556
0.139648 0.133409
0.141602 0.135262
0.143555 0.137114
0.145508 0.138965
0.147461 0.140817
0.149414 0.142667
0.151367 0.144518
0.15332 0.146367
0.155273 0.148217
0.157227 0.150065
0.15918 0.151914
0.161133 0.153761
0.163086 0.155609
0.165039 0.157455
0.166992 0.159302
0.168945 0.161147
0.170898 0.162993
0.172852 0.164837
0.174805 0.166681
0.176758 0.168525
0.178711 0.170368
0.180664 0.172211
0.182617 0.174053
0.18457 0.175894
0.186523 0.177735
0.188477 0.179576
0.19043 0.181416
0.192383 0.183255
0.194336 0.185094
0.196289 0.186932
0.198242 0.18877
0.200195 0.190607
0.202148 0.192444
0.204102 0.19428
0.206055 0.196115
0.208008 0.19795
0.209961 0.199785
0.211914 0.201619
0.213867 0.203452
0.21582 0.205285
0.217773 0.207117
0.219727 0.208949
0.22168 0.21078
0.223633 0.21261
0.225586 0.21444
0.227539 0.21627
0.229492 0.218098
0.231445 0.219927
0.233398 0.221754
0.235352 0.223581
0.237305 0.225408
0.239258 0.227234
0.241211 0.229059
0.243164 0.230884
0.245117 0.232708
0.24707 0.234531
0.249023 0.236354
0.250977 0.238177
0.25293 0.239999
0.254883 0.24182
0.256836 0.24364
0.258789 0.245461
0.260742 0.24728
0.262695 0.249099
0.264648 0.250917
0.266602 0.252735
0.268555 0.254552
0.270508 0.256368
0.272461 0.258184
0.274414 0.259999
0.276367 0.261814
0.27832 0.263628
0.280273 0.265441
0.282227 0.267254
0.28418 0.269066
0.286133 0.270877
0.288086 0.272688
0.290039 0.274498
0.291992 0.276308
0.293945 0.278117
0.295898 0.279925
0.297852 0.281733
0.299805 0.28354
0.301758 0.285347
0.303711 0.287153
0.305664 0.288958
0.307617 0.290762
0.30957 0.292566
0.311523 0.29437
0.313477 0.296172
0.31543 0.297974
0.317383 0.299776
0.319336 0.301576
0.321289 0.303376
0.323242 0.305176
0.325195 0.306974
0.327148 0.308773
0.329102 0.31057
0.331055 0.312367
0.333008 0.314163
0.334961 0.315958
0.336914 0.317753
0.338867 0.319547
0.34082 0.321341
0.342773 0.323133
0.344727 0.324925
0.34668 0.326717
0.348633 0.328508
0.350586 0.330298
0.352539 0.332087
0.354492 0.333876
0.356445 0.335664
0.358398 0.337451
0.360352 0.339238
0.362305 0.341024
0.364258 0.342809
0.366211 0.344593
0.368164 0.346377
0.370117 0.34816
0.37207 0.349943
0.374023 0.351724
0.375977 0.353505
0.37793 0.355286
0.379883 0.357065
0.381836 0.358844
0.383789 0.360622
0.385742 0.3624
0.387695 0.364177
0.389648 0.365953
0.391602 0.367728
0.393555 0.369503
0.395508 0.371276
0.397461 0.37305
0.399414 0.374822
0.401367 0.376594
0.40332 0.378364
0.405273 0.380135
0.407227 0.381904
0.40918 0.383673
0.411133 0.385441
0.413086 0.387208
0.415039 0.388974
0.416992 0.39074
0.418945 0.392505
0.420898 0.394269
0.422852 0.396033
0.424805 0.397795
0.426758 0.399557
0.428711 0.401318
0.430664 0.403079
0.432617 0.404838
0.43457 0.406597
0.436523 0.408355
0.438477 0.410112
0.44043 0.411869
0.442383 0.413624
0.444336 0.415379
0.446289 0.417133
0.448242 0.418887
0.450195 0.420639
0.452148 0.422391
0.454102 0.424142
0.456055 0.425892
0.458008 0.427641
0.459961 0.42939
0.461914 0.431137
0.463867 0.432884
0.46582 0.43463
0.467773 0.436376
0.469727 0.43812
0.47168 0.439864
0.473633 0.441606
0.475586 0.443348
0.477539 0.445089
0.479492 0.44683
0.481445 0.448569
0.483398 0.450308
0.485352 0.452045
0.487305 0.453782
0.489258 0.455518
0.491211 0.457254
0.493164 0.458988
0.495117 0.460722
0.49707 0.462454
0.499023 0.464186
0.500977 0.465917
0.50293 0.467647
0.504883 0.469376
0.506836 0.471104
0.508789 0.472832
0.510742 0.474558
0.512695 0.476284
0.514648 0.478009
0.516602 0.479733
0.518555 0.481456
0.520508 0.483178
0.522461 0.484899
0.524414 0.486619
0.526367 0.488339
0.52832 0.490057
0.530273 0.491775
0.532227 0.493491
0.53418 0.495207
0.536133 0.496922
0.538086 0.498636
0.540039 0.500348
0.541992 0.50206
0.543945 0.503772
0.545898 0.505482
0.547852 0.507191
0.549805 0.508899
0.551758 0.510606
0.553711 0.512313
0.555664 0.514018
0.557617 0.515723
0.55957 0.517426
0.561523 0.519129
0.563477 0.52083
0.56543 0.522531
0.567383 0.52423
0.569336 0.525929
0.571289 0.527626
0.573242 0.529323
0.575195 0.531019
0.577148 0.532713
0.579102 0.534407
0.581055 0.5361
0.583008 0.537791
0.584961 0.539482
0.586914 0.541171
0.588867 0.54286
0.59082 0.544548
0.592773 0.546234
0.594727 0.54792
0.59668 0.549604
0.598633 0.551288
0.600586 0.55297
0.602539 0.554651
0.604492 0.556332
0.606445 0.558011
0.608398 0.559689
0.610352 0.561366
0.612305 0.563042
0.614258 0.564717
0.616211 0.566391
0.618164 0.568064
0.620117 0.569736
0.62207 0.571406
0.624023 0.573076
0.625977 0.574744
0.62793 0.576412
0.629883 0.578078
0.631836 0.579743
0.633789 0.581407
0.635742 0.58307
0.637695 0.584732
0.639648 0.586392
0.641602 0.588052
0.643555 0.58971
0.645508 0.591368
0.647461 0.593024
0.649414 0.594679
0.651367 0.596332
0.65332 0.597985
0.655273 0.599637
0.657227 0.601287
0.65918 0.602936
0.661133 0.604584
0.663086 0.606231
0.665039 0.607876
0.666992 0.609521
0.668945 0.611164
0.670898 0.612806
0.672852 0.614446
0.674805 0.616086
0.676758 0.617724
0.678711 0.619361
0.680664 0.620997
0.682617 0.622632
0.68457 0.624265
0.686523 0.625897
0.688477 0.627528
0.69043 0.629158
0.692383 0.630786
0.694336 0.632413
0.696289 0.634039
0.698242 0.635664
0.700195 0.637287
0.702148 0.638909
0.704102 0.640529
0.706055 0.642149
0.708008 0.643767
0.709961 0.645383
0.711914 0.646999
0.713867 0.648613
0.71582 0.650226
0.717773 0.651837
0.719727 0.653447
0.72168 0.655056
0.723633 0.656663
0.725586 0.658269
0.727539 0.659873
0.729492 0.661477
0.731445 0.663079
0.733398 0.664679
0.735352 0.666278
0.737305 0.667876
0.739258 0.669472
0.741211 0.671067
0.743164 0.67266
0.745117 0.674252
0.74707 0.675842
0.749023 0.677431
0.750977 0.679019
0.75293 0.680605
0.754883 0.68219
0.756836 0.683773
0.758789 0.685355
0.760742 0.686935
0.762695 0.688514
0.764648 0.690091
0.766602 0.691667
0.768555 0.693241
0.770508 0.694814
0.772461 0.696385
0.774414 0.697954
0.776367 0.699522
0.77832 0.701089
0.780273 0.702654
0.782227 0.704217
0.78418 0.705779
0.786133 0.707339
0.788086 0.708898
0.790039 0.710455
0.791992 0.71201
0.793945 0.713564
0.795898 0.715116
0.797852 0.716667
0.799805 0.718215
0.801758 0.719763
0.803711 0.721308
0.805664 0.722852
0.807617 0.724394
0.80957 0.725935
0.811523 0.727473
0.813477 0.729011
0.81543 0.730546
0.817383 0.73208
0.819336 0.733611
0.821289 0.735142
0.823242 0.73667
0.825195 0.738197
0.827148 0.739721
0.829102 0.741244
0.831055 0.742766
0.833008 0.744285
0.834961 0.745803
0.836914 0.747319
0.838867 0.748833
0.84082 0.750345
0.842773 0.751855
0.844727 0.753363
0.84668 0.75487
0.848633 0.756375
0.850586 0.757877
0.852539 0.759378
0.854492 0.760877
0.856445 0.762374
0.858398 0.763869
0.860352 0.765362
0.862305 0.766853
0.864258 0.768342
0.866211 0.769829
0.868164 0.771314
0.870117 0.772797
0.87207 0.774279
0.874023 0.775758
0.875977 0.777235
0.87793 0.778709
0.879883 0.780182
0.881836 0.781653
0.883789 0.783122
0.885742 0.784588
0.887695 0.786053
0.889648 0.787515
0.891602 0.788975
0.893555 0.790433
0.895508 0.791888
0.897461 0.793342
0.899414 0.794793
0.901367 0.796242
0.90332 0.797689
0.905273 0.799134
0.907227 0.800576
0.90918 0.802016
0.911133 0.803454
0.913086 0.804889
0.915039 0.806322
0.916992 0.807753
0.918945 0.809181
0.920898 0.810607
0.922852 0.812031
0.924805 0.813452
0.926758 0.814871
0.928711 0.816287
0.930664 0.817701
0.932617 0.819112
0.93457 0.820521
0.936523 0.821928
0.938477 0.823331
0.94043 0.824733
0.942383 0.826131
0.944336 0.827528
0.946289 0.828921
0.948242 0.830312
0.950195 0.8317
0.952148 0.833086
0.954102 0.834469
0.956055 0.835849
0.958008 0.837226
0.959961 0.838601
0.961914 0.839973
0.963867 0.841342
0.96582 0.842709
0.967773 0.844072
0.969727 0.845433
0.97168 0.846791
0.973633 0.848146
0.975586 0.849498
0.977539 0.850847
0.979492 0.852193
0.981445 0.853536
0.983398 0.854877
0.985352 0.856214
0.987305 0.857547
0.989258 0.858872
0.991211 0.860118
0.993164 0.860451
0.995117 0.850449
0.99707 0.757859
0.999023 0.35386
1 0
