0 0
0.000976562 0.000889581
0.00292969 0.00266874
0.00488281 0.00444788
0.00683594 0.00622701
0.00878906 0.00800611
0.0107422 0.00978518
0.0126953 0.0115642
0.0146484 0.0133432
0.0166016 0.0151221
0.0185547 0.0169009
0.0205078 0.0186797
0.0224609 0.0204584
0.0244141 0.022237
0.0263672 0.0240156
0.0283203 0.025794
0.0302734 0.0275723
0.0322266 0.0293505
0.0341797 0.0311286
0.0361328 0.0329065
0.0380859 0.0346843
0.0400391 0.0364619
0.0419922 0.0382395
0.0439453 0.0400168
0.0458984 0.041794
0.0478516 0.043571
0.0498047 0.0453478
0.0517578 0.0471245
0.0537109 0.0489009
0.0556641 0.0506772
0.0576172 0.0524532
0.0595703 0.054229
0.0615234 0.0560047
0.0634766 0.05778
0.0654297 0.0595552
0.0673828 0.0613301
0.0693359 0.0631048
0.0712891 0.0648793
0.0732422 0.0666534
0.0751953 0.0684274
0.0771484 0.070201
0.0791016 0.0719744
0.0810547 0.0737475
0.0830078 0.0755204
0.0849609 0.0772929
0.0869141 0.0790652
0.0888672 0.0808371
0.0908203 0.0826088
0.0927734 0.0843802
0.0947266 0.0861512
0.0966797 0.0879219
0.0986328 0.0896923
0.100586 0.0914624
0.102539 0.0932322
0.104492 0.0950016
0.106445 0.0967707
0.108398 0.0985394
0.110352 0.100308
0.112305 0.102076
0.114258 0.103844
0.116211 0.105611
0.118164 0.107378
0.120117 0.109144
0.12207 0.110911
0.124023 0.112677
0.125977 0.114442
0.12793 0.116207
0.129883 0.117972
0.131836 0.119736
0.133789 0.1215
0.135742 0.123264
0.137695 0.125027
0.139648 0.12679
0.141602 0.128552
0.143555 0.130314
0.145508 0.132076
0.147461 0.133837
0.149414 0.135598
0.151367 0.137358
0.15332 0.139118
0.155273 0.140878
0.157227 0.142637
0.15918 0.144395
0.161133 0.146154
0.163086 0.147911
0.165039 0.149669
0.166992 0.151426
0.168945 0.153182
0.170898 0.154939
0.172852 0.156694
0.174805 0.158449
0.176758 0.160204
0.178711 0.161959
0.180664 0.163712
0.182617 0.165466
0.18457 0.167219
0.186523 0.168971
0.188477 0.170724
0.19043 0.172475
0.192383 0.174226
0.194336 0.175977
0.196289 0.177727
0.198242 0.179477
0.200195 0.181227
0.202148 0.182976
0.204102 0.184724
0.206055 0.186472
0.208008 0.188219
0.209961 0.189967
0.211914 0.191713
0.213867 0.193459
0.21582 0.195205
0.217773 0.19695
0.219727 0.198695
0.22168 0.200439
0.223633 0.202183
0.225586 0.203926
0.227539 0.205668
0.229492 0.207411
0.231445 0.209153
0.233398 0.210894
0.235352 0.212635
0.237305 0.214375
0.239258 0.216115
0.241211 0.217854
0.243164 0.219593
0.245117 0.221331
0.24707 0.223069
0.249023 0.224806
0.250977 0.226543
0.25293 0.22828
0.254883 0.230016
0.256836 0.231751
0.258789 0.233486
0.260742 0.23522
0.262695 0.236954
0.264648 0.238687
0.266602 0.24042
0.268555 0.242152
0.270508 0.243884
0.272461 0.245615
0.274414 0.247346
0.276367 0.249076
0.27832 0.250806
0.280273 0.252535
0.282227 0.254264
0.28418 0.255992
0.286133 0.25772
0.288086 0.259447
0.290039 0.261174
0.291992 0.2629
0.293945 0.264625
0.295898 0.26635
0.297852 0.268075
0.299805 0.269799
0.301758 0.271522
0.303711 0.273245
0.305664 0.274967
0.307617 0.276689
0.30957 0.27841
0.311523 0.280131
0.313477 0.281851
0.31543 0.283571
0.317383 0.28529
0.319336 0.287008
0.321289 0.288726
0.323242 0.290444
0.325195 0.292161
0.327148 0.293877
0.329102 0.295593
0.331055 0.297308
0.333008 0.299023
0.334961 0.300737
0.336914 0.30245
0.338867 0.304163
0.34082 0.305876
0.342773 0.307587
0.344727 0.309299
0.34668 0.311009
0.348633 0.31272
0.350586 0.314429
0.352539 0.316138
0.354492 0.317847
0.356445 0.319554
0.358398 0.321262
0.360352 0.322968
0.362305 0.324674
0.364258 0.32638
0.366211 0.328085
0.368164 0.329789
0.370117 0.331493
0.37207 0.333196
0.374023 0.334899
0.375977 0.336601
0.37793 0.338302
0.379883 0.340003
0.381836 0.341703
0.383789 0.343403
0.385742 0.345102
0.387695 0.3468
0.389648 0.348498
0.391602 0.350195
0.393555 0.351892
0.395508 0.353587
0.397461 0.355283
0.399414 0.356978
0.401367 0.358672
0.40332 0.360365
0.405273 0.362058
0.407227 0.36375
0.40918 0.365442
0.411133 0.367133
0.413086 0.368823
0.415039 0.370513
0.416992 0.372202
0.418945 0.373891
0.420898 0.375578
0.422852 0.377266
0.424805 0.378952
0.426758 0.380638
0.428711 0.382323
0.430664 0.384008
0.432617 0.385692
0.43457 0.387375
0.436523 0.389058
0.438477 0.39074
0.44043 0.392422
0.442383 0.394102
0.444336 0.395783
0.446289 0.397462
0.448242 0.399141
0.450195 0.400819
0.452148 0.402496
0.454102 0.404173
0.456055 0.405849
0.458008 0.407525
0.459961 0.409199
0.461914 0.410873
0.463867 0.412547
0.46582 0.41422
0.467773 0.415892
0.469727 0.417563
0.47168 0.419234
0.473633 0.420904
0.475586 0.422573
0.477539 0.424241
0.479492 0.425909
0.481445 0.427577
0.483398 0.429243
0.485352 0.430909
0.487305 0.432574
0.489258 0.434238
0.491211 0.435902
0.493164 0.437565
0.495117 0.439227
0.49707 0.440889
0.499023 0.44255
0.500977 0.44421
0.50293 0.445869
0.504883 0.447528
0.506836 0.449186
0.508789 0.450843
0.510742 0.452499
0.512695 0.454155
0.514648 0.45581
0.516602 0.457464
0.518555 0.459118
0.520508 0.460771
0.522461 0.462423
0.524414 0.464074
0.526367 0.465725
0.52832 0.467374
0.530273 0.469023
0.532227 0.470672
0.53418 0.472319
0.536133 0.473966
0.538086 0.475612
0.540039 0.477257
0.541992 0.478902
0.543945 0.480545
0.545898 0.482188
0.547852 0.48383
0.549805 0.485471
0.551758 0.487112
0.553711 0.488752
0.555664 0.490391
0.557617 0.492029
0.55957 0.493666
0.561523 0.495303
0.563477 0.496939
0.56543 0.498574
0.567383 0.500208
0.569336 0.501841
0.571289 0.503474
0.573242 0.505105
0.575195 0.506736
0.577148 0.508366
0.579102 0.509996
0.581055 0.511624
0.583008 0.513252
0.584961 0.514878
0.586914 0.516504
0.588867 0.518129
0.59082 0.519754
0.592773 0.521377
0.594727 0.523
0.59668 0.524621
0.598633 0.526242
0.600586 0.527862
0.602539 0.529481
0.604492 0.5311
0.606445 0.532717
0.608398 0.534333
0.610352 0.535949
0.612305 0.537564
0.614258 0.539178
0.616211 0.540791
0.618164 0.542403
0.620117 0.544014
0.62207 0.545625
0.624023 0.547234
0.625977 0.548843
0.62793 0.55045
0.629883 0.552057
0.631836 0.553663
0.633789 0.555268
0.635742 0.556872
0.637695 0.558475
0.639648 0.560077
0.641602 0.561678
0.643555 0.563279
0.645508 0.564878
0.647461 0.566476
0.649414 0.568074
0.651367 0.569671
0.65332 0.571266
0.655273 0.572861
0.657227 0.574455
0.65918 0.576047
0.661133 0.577639
0.663086 0.57923
0.665039 0.58082
0.666992 0.582409
0.668945 0.583996
0.670898 0.585583
0.672852 0.587169
0.674805 0.588754
0.676758 0.590338
0.678711 0.591921
0.680664 0.593503
0.682617 0.595084
0.68457 0.596664
0.686523 0.598243
0.688477 0.599821
0.69043 0.601397
0.692383 0.602973
0.694336 0.604548
0.696289 0.606122
0.698242 0.607695
0.700195 0.609266
0.702148 0.610837
0.704102 0.612406
0.706055 0.613975
0.708008 0.615542
0.709961 0.617109
0.711914 0.618674
0.713867 0.620238
0.71582 0.621802
0.717773 0.623364
0.719727 0.624925
0.72168 0.626484
0.723633 0.628043
0.725586 0.629601
0.727539 0.631158
0.729492 0.632713
0.731445 0.634267
0.733398 0.635821
0.735352 0.637373
0.737305 0.638924
0.739258 0.640474
0.741211 0.642022
0.743164 0.64357
0.745117 0.645116
0.74707 0.646661
0.749023 0.648205
0.750977 0.649748
0.75293 0.65129
0.754883 0.652831
0.756836 0.65437
0.758789 0.655908
0.760742 0.657445
0.762695 0.658981
0.764648 0.660516
0.766602 0.662049
0.768555 0.663581
0.770508 0.665112
0.772461 0.666642
0.774414 0.66817
0.776367 0.669697
0.77832 0.671223
0.780273 0.672748
0.782227 0.674272
0.78418 0.675794
0.786133 0.677315
0.788086 0.678834
0.790039 0.680353
0.791992 0.68187
0.793945 0.683386
0.795898 0.6849
0.797852 0.686413
0.799805 0.687925
0.801758 0.689436
0.803711 0.690945
0.805664 0.692453
0.807617 0.69396
0.80957 0.695465
0.811523 0.696969
0.813477 0.698471
0.81543 0.699973
0.817383 0.701472
0.819336 0.702971
0.821289 0.704468
0.823242 0.705963
0.825195 0.707458
0.827148 0.70895
0.829102 0.710442
0.831055 0.711932
0.833008 0.71342
0.834961 0.714908
0.836914 0.716393
0.838867 0.717878
0.84082 0.71936
0.842773 0.720842
0.844727 0.722322
0.84668 0.7238
0.848633 0.725277
0.850586 0.726752
0.852539 0.728226
0.854492 0.729698
0.856445 0.731169
0.858398 0.732639
0.860352 0.734106
0.862305 0.735573
0.864258 0.737037
0.866211 0.738501
0.868164 0.739962
0.870117 0.741422
0.87207 0.742881
0.874023 0.744337
0.875977 0.745793
0.87793 0.747246
0.879883 0.748698
0.881836 0.750148
0.883789 0.751597
0.885742 0.753044
0.887695 0.75449
0.889648 0.755933
0.891602 0.757375
0.893555 0.758816
0.895508 0.760254
0.897461 0.761691
0.899414 0.763126
0.901367 0.76456
0.90332 0.765992
0.905273 0.767422
0.907227 0.76885
0.90918 0.770277
0.911133 0.771701
0.913086 0.773124
0.915039 0.774545
0.916992 0.775965
0.918945 0.777382
0.920898 0.778798
0.922852 0.780212
0.924805 0.781623
0.926758 0.783034
0.928711 0.784442
0.930664 0.785848
0.932617 0.787253
0.93457 0.788655
0.936523 0.790056
0.938477 0.791454
0.94043 0.792851
0.942383 0.794246
0.944336 0.795638
0.946289 0.797029
0.948242 0.798418
0.950195 0.799805
0.952148 0.801189
0.954102 0.802572
0.956055 0.803953
0.958008 0.805331
0.959961 0.806708
0.961914 0.808082
0.963867 0.809455
0.96582 0.810825
0.967773 0.812193
0.969727 0.813559
0.97168 0.814922
0.973633 0.816284
0.975586 0.817643
0.977539 0.819
0.979492 0.820355
0.981445 0.821708
0.983398 0.823058
0.985352 0.824406
0.987305 0.825751
0.989258 0.827079
0.991211 0.828267
0.993164 0.828092
0.995117 0.815331
0.99707 0.717237
0.999023 0.328137
1 0
