0 0
0.000976562 0.000887962
0.00292969 0.00266388
0.00488281 0.00443979
0.00683594 0.00621568
0.00878906 0.00799155
0.0107422 0.00976738
0.0126953 0.0115432
0.0146484 0.0133189
0.0166016 0.0150946
0.0185547 0.0168702
0.0205078 0.0186458
0.0224609 0.0204212
0.0244141 0.0221966
0.0263672 0.0239719
0.0283203 0.0257471
0.0302734 0.0275222
0.0322266 0.0292971
0.0341797 0.031072
0.0361328 0.0328467
0.0380859 0.0346212
0.0400391 0.0363957
0.0419922 0.03817
0.0439453 0.0399441
0.0458984 0.041718
0.0478516 0.0434918
0.0498047 0.0452654
0.0517578 0.0470389
0.0537109 0.0488121
0.0556641 0.0505851
0.0576172 0.052358
0.0595703 0.0541306
0.0615234 0.055903
0.0634766 0.0576752
0.0654297 0.0594471
0.0673828 0.0612189
0.0693359 0.0629903
0.0712891 0.0647616
0.0732422 0.0665326
0.0751953 0.0683033
0.0771484 0.0700737
0.0791016 0.0718439
0.0810547 0.0736139
0.0830078 0.0753835
0.0849609 0.0771529
0.0869141 0.0789219
0.0888672 0.0806907
0.0908203 0.0824592
0.0927734 0.0842274
0.0947266 0.0859952
0.0966797 0.0877628
0.0986328 0.08953
0.100586 0.0912969
0.102539 0.0930635
0.104492 0.0948298
0.106445 0.0965957
0.108398 0.0983613
0.110352 0.100127
0.112305 0.101891
0.114258 0.103656
0.116211 0.10542
0.118164 0.107184
0.120117 0.108947
0.12207 0.110711
0.124023 0.112473
0.125977 0.114236
0.12793 0.115998
0.129883 0.117759
0.131836 0.11952
0.133789 0.121281
0.135742 0.123042
0.137695 0.124802
0.139648 0.126561
0.141602 0.128321
0.143555 0.13008
0.145508 0.131838
0.147461 0.133596
0.149414 0.135354
0.151367 0.137111
0.15332 0.138868
0.155273 0.140624
0.157227 0.14238
0.15918 0.144136
0.161133 0.145891
0.163086 0.147646
0.165039 0.1494
0.166992 0.151154
0.168945 0.152907
0.170898 0.15466
0.172852 0.156413
0.174805 0.158165
0.176758 0.159917
0.178711 0.161668
0.180664 0.163419
0.182617 0.165169
0.18457 0.166919
0.186523 0.168669
0.188477 0.170418
0.19043 0.172167
0.192383 0.173915
0.194336 0.175662
0.196289 0.17741
0.198242 0.179156
0.200195 0.180903
0.202148 0.182649
0.204102 0.184394
0.206055 0.186139
0.208008 0.187883
0.209961 0.189627
0.211914 0.191371
0.213867 0.193114
0.21582 0.194857
0.217773 0.196599
0.219727 0.19834
0.22168 0.200082
0.223633 0.201822
0.225586 0.203562
0.227539 0.205302
0.229492 0.207041
0.231445 0.20878
0.233398 0.210519
0.235352 0.212256
0.237305 0.213994
0.239258 0.215731
0.241211 0.217467
0.243164 0.219203
0.245117 0.220938
0.24707 0.222673
0.249023 0.224407
0.250977 0.226141
0.25293 0.227875
0.254883 0.229608
0.256836 0.23134
0.258789 0.233072
0.260742 0.234803
0.262695 0.236534
0.264648 0.238264
0.266602 0.239994
0.268555 0.241724
0.270508 0.243453
0.272461 0.245181
0.274414 0.246909
0.276367 0.248636
0.27832 0.250363
0.280273 0.252089
0.282227 0.253815
0.28418 0.25554
0.286133 0.257265
0.288086 0.258989
0.290039 0.260713
0.291992 0.262436
0.293945 0.264159
0.295898 0.265881
0.297852 0.267602
0.299805 0.269323
0.301758 0.271044
0.303711 0.272764
0.305664 0.274483
0.307617 0.276202
0.30957 0.277921
0.311523 0.279638
0.313477 0.281356
0.31543 0.283072
0.317383 0.284789
0.319336 0.286504
0.321289 0.28822
0.323242 0.289934
0.325195 0.291648
0.327148 0.293362
0.329102 0.295075
0.331055 0.296787
0.333008 0.298499
0.334961 0.30021
0.336914 0.301921
0.338867 0.303631
0.34082 0.30534
0.342773 0.307049
0.344727 0.308758
0.34668 0.310466
0.348633 0.312173
0.350586 0.31388
0.352539 0.315586
0.354492 0.317292
0.356445 0.318997
0.358398 0.320701
0.360352 0.322405
0.362305 0.324108
0.364258 0.325811
0.366211 0.327513
0.368164 0.329215
0.370117 0.330916
0.37207 0.332616
0.374023 0.334316
0.375977 0.336015
0.37793 0.337714
0.379883 0.339412
0.381836 0.341109
0.383789 0.342806
0.385742 0.344503
0.387695 0.346198
0.389648 0.347893
0.391602 0.349588
0.393555 0.351282
0.395508 0.352975
0.397461 0.354667
0.399414 0.356359
0.401367 0.358051
0.40332 0.359742
0.405273 0.361432
0.407227 0.363121
0.40918 0.36481
0.411133 0.366499
0.413086 0.368186
0.415039 0.369873
0.416992 0.37156
0.418945 0.373246
0.420898 0.374931
0.422852 0.376615
0.424805 0.378299
0.426758 0.379982
0.428711 0.381665
0.430664 0.383347
0.432617 0.385028
0.43457 0.386709
0.436523 0.388389
0.438477 0.390069
0.44043 0.391747
0.442383 0.393426
0.444336 0.395103
0.446289 0.39678
0.448242 0.398456
0.450195 0.400132
0.452148 0.401806
0.454102 0.403481
0.456055 0.405154
0.458008 0.406827
0.459961 0.408499
0.461914 0.410171
0.463867 0.411841
0.46582 0.413512
0.467773 0.415181
0.469727 0.41685
0.47168 0.418518
0.473633 0.420185
0.475586 0.421852
0.477539 0.423518
0.479492 0.425183
0.481445 0.426848
0.483398 0.428512
0.485352 0.430175
0.487305 0.431838
0.489258 0.4335
0.491211 0.435161
0.493164 0.436821
0.495117 0.438481
0.49707 0.44014
0.499023 0.441799
0.500977 0.443456
0.50293 0.445113
0.504883 0.446769
0.506836 0.448425
0.508789 0.45008
0.510742 0.451734
0.512695 0.453387
0.514648 0.455039
0.516602 0.456691
0.518555 0.458342
0.520508 0.459993
0.522461 0.461642
0.524414 0.463291
0.526367 0.464939
0.52832 0.466586
0.530273 0.468233
0.532227 0.469879
0.53418 0.471524
0.536133 0.473168
0.538086 0.474812
0.540039 0.476455
0.541992 0.478097
0.543945 0.479738
0.545898 0.481379
0.547852 0.483018
0.549805 0.484657
0.551758 0.486295
0.553711 0.487933
0.555664 0.489569
0.557617 0.491205
0.55957 0.49284
0.561523 0.494474
0.563477 0.496108
0.56543 0.497741
0.567383 0.499372
0.569336 0.501003
0.571289 0.502634
0.573242 0.504263
0.575195 0.505892
0.577148 0.507519
0.579102 0.509146
0.581055 0.510773
0.583008 0.512398
0.584961 0.514022
0.586914 0.515646
0.588867 0.517269
0.59082 0.518891
0.592773 0.520512
0.594727 0.522132
0.59668 0.523752
0.598633 0.52537
0.600586 0.526988
0.602539 0.528605
0.604492 0.530221
0.606445 0.531836
0.608398 0.533451
0.610352 0.535064
0.612305 0.536677
0.614258 0.538289
0.616211 0.539899
0.618164 0.541509
0.620117 0.543118
0.62207 0.544727
0.624023 0.546334
0.625977 0.54794
0.62793 0.549546
0.629883 0.551151
0.631836 0.552754
0.633789 0.554357
0.635742 0.555959
0.637695 0.55756
0.639648 0.55916
0.641602 0.560759
0.643555 0.562357
0.645508 0.563955
0.647461 0.565551
0.649414 0.567147
0.651367 0.568741
0.65332 0.570335
0.655273 0.571927
0.657227 0.573519
0.65918 0.57511
0.661133 0.576699
0.663086 0.578288
0.665039 0.579876
0.666992 0.581463
0.668945 0.583049
0.670898 0.584634
0.672852 0.586218
0.674805 0.5878
0.676758 0.589382
0.678711 0.590963
0.680664 0.592543
0.682617 0.594122
0.68457 0.5957
0.686523 0.597277
0.688477 0.598853
0.69043 0.600428
0.692383 0.602002
0.694336 0.603575
0.696289 0.605147
0.698242 0.606718
0.700195 0.608288
0.702148 0.609856
0.704102 0.611424
0.706055 0.612991
0.708008 0.614556
0.709961 0.616121
0.711914 0.617684
0.713867 0.619247
0.71582 0.620808
0.717773 0.622368
0.719727 0.623927
0.72168 0.625486
0.723633 0.627043
0.725586 0.628599
0.727539 0.630153
0.729492 0.631707
0.731445 0.63326
0.733398 0.634811
0.735352 0.636362
0.737305 0.637911
0.739258 0.639459
0.741211 0.641006
0.743164 0.642552
0.745117 0.644096
0.74707 0.64564
0.749023 0.647182
0.750977 0.648724
0.75293 0.650264
0.754883 0.651803
0.756836 0.65334
0.758789 0.654877
0.760742 0.656412
0.762695 0.657946
0.764648 0.659479
0.766602 0.661011
0.768555 0.662542
0.770508 0.664071
0.772461 0.665599
0.774414 0.667126
0.776367 0.668652
0.77832 0.670176
0.780273 0.6717
0.782227 0.673221
0.78418 0.674742
0.786133 0.676262
0.788086 0.67778
0.790039 0.679297
0.791992 0.680812
0.793945 0.682327
0.795898 0.68384
0.797852 0.685352
0.799805 0.686862
0.801758 0.688371
0.803711 0.689879
0.805664 0.691386
0.807617 0.692891
0.80957 0.694395
0.811523 0.695897
0.813477 0.697398
0.81543 0.698898
0.817383 0.700397
0.819336 0.701894
0.821289 0.70339
0.823242 0.704884
0.825195 0.706377
0.827148 0.707868
0.829102 0.709359
0.831055 0.710847
0.833008 0.712335
0.834961 0.713821
0.836914 0.715305
0.838867 0.716788
0.84082 0.71827
0.842773 0.71975
0.844727 0.721229
0.84668 0.722706
0.848633 0.724182
0.850586 0.725656
0.852539 0.727129
0.854492 0.7286
0.856445 0.73007
0.858398 0.731538
0.860352 0.733005
0.862305 0.73447
0.864258 0.735934
0.866211 0.737396
0.868164 0.738856
0.870117 0.740315
0.87207 0.741773
0.874023 0.743229
0.875977 0.744683
0.87793 0.746135
0.879883 0.747586
0.881836 0.749036
0.883789 0.750484
0.885742 0.75193
0.887695 0.753374
0.889648 0.754817
0.891602 0.756258
0.893555 0.757698
0.895508 0.759136
0.897461 0.760572
0.899414 0.762006
0.901367 0.763439
0.90332 0.76487
0.905273 0.766299
0.907227 0.767727
0.90918 0.769153
0.911133 0.770577
0.913086 0.771999
0.915039 0.77342
0.916992 0.774838
0.918945 0.776255
0.920898 0.77767
0.922852 0.779083
0.924805 0.780495
0.926758 0.781904
0.928711 0.783312
0.930664 0.784718
0.932617 0.786122
0.93457 0.787524
0.936523 0.788924
0.938477 0.790322
0.94043 0.791718
0.942383 0.793113
0.944336 0.794505
0.946289 0.795895
0.948242 0.797284
0.950195 0.79867
0.952148 0.800055
0.954102 0.801437
0.956055 0.802817
0.958008 0.804196
0.959961 0.805572
0.961914 0.806946
0.963867 0.808318
0.96582 0.809688
0.967773 0.811056
0.969727 0.812422
0.97168 0.813785
0.973633 0.815147
0.975586 0.816506
0.977539 0.817863
0.979492 0.819218
0.981445 0.820571
0.983398 0.821921
0.985352 0.823269
0.987305 0.824614
0.989258 0.825942
0.991211 0.827126
0.993164 0.82693
0.995117 0.814065
0.99707 0.715783
0.999023 0.327236
1 0
