0 0
0.000976562 0.00086591
0.00292969 0.00259773
0.00488281 0.00432953
0.00683594 0.00606132
0.00878906 0.00779309
0.0107422 0.00952482
0.0126953 0.0112565
0.0146484 0.0129882
0.0166016 0.0147198
0.0185547 0.0164513
0.0205078 0.0181828
0.0224609 0.0199142
0.0244141 0.0216455
0.0263672 0.0233768
0.0283203 0.0251079
0.0302734 0.026839
0.0322266 0.0285699
0.0341797 0.0303008
0.0361328 0.0320315
0.0380859 0.0337621
0.0400391 0.0354926
0.0419922 0.0372229
0.0439453 0.0389531
0.0458984 0.0406832
0.0478516 0.0424131
0.0498047 0.0441428
0.0517578 0.0458723
0.0537109 0.0476017
0.0556641 0.0493309
0.0576172 0.05106
0.0595703 0.0527888
0.0615234 0.0545175
0.0634766 0.0562459
0.0654297 0.0579741
0.0673828 0.0597021
0.0693359 0.06143
0.0712891 0.0631575
0.0732422 0.0648849
0.0751953 0.066612
0.0771484 0.0683389
0.0791016 0.0700655
0.0810547 0.0717919
0.0830078 0.0735181
0.0849609 0.0752439
0.0869141 0.0769695
0.0888672 0.0786949
0.0908203 0.08042
0.0927734 0.0821448
0.0947266 0.0838693
0.0966797 0.0855935
0.0986328 0.0873175
0.100586 0.0890411
0.102539 0.0907645
0.104492 0.0924875
0.106445 0.0942103
0.108398 0.0959327
0.110352 0.0976549
0.112305 0.0993767
0.114258 0.101098
0.116211 0.102819
0.118164 0.10454
0.120117 0.106261
0.12207 0.107981
0.124023 0.109701
0.125977 0.11142
0.12793 0.113139
0.129883 0.114858
0.131836 0.116577
0.133789 0.118295
0.135742 0.120013
0.137695 0.12173
0.139648 0.123447
0.141602 0.125164
0.143555 0.12688
0.145508 0.128596
0.147461 0.130311
0.149414 0.132027
0.151367 0.133742
0.15332 0.135456
0.155273 0.13717
0.157227 0.138884
0.15918 0.140597
0.161133 0.14231
0.163086 0.144022
0.165039 0.145735
0.166992 0.147446
0.168945 0.149158
0.170898 0.150869
0.172852 0.152579
0.174805 0.154289
0.176758 0.155999
0.178711 0.157708
0.180664 0.159417
0.182617 0.161126
0.18457 0.162834
0.186523 0.164542
0.188477 0.166249
0.19043 0.167956
0.192383 0.169662
0.194336 0.171368
0.196289 0.173074
0.198242 0.174779
0.200195 0.176484
0.202148 0.178188
0.204102 0.179892
0.206055 0.181596
0.208008 0.183299
0.209961 0.185002
0.211914 0.186704
0.213867 0.188406
0.21582 0.190107
0.217773 0.191808
0.219727 0.193508
0.22168 0.195208
0.223633 0.196908
0.225586 0.198607
0.227539 0.200306
0.229492 0.202004
0.231445 0.203702
0.233398 0.2054
0.235352 0.207097
0.237305 0.208793
0.239258 0.210489
0.241211 0.212185
0.243164 0.21388
0.245117 0.215575
0.24707 0.217269
0.249023 0.218963
0.250977 0.220656
0.25293 0.222349
0.254883 0.224041
0.256836 0.225733
0.258789 0.227425
0.260742 0.229116
0.262695 0.230806
0.264648 0.232496
0.266602 0.234186
0.268555 0.235875
0.270508 0.237564
0.272461 0.239252
0.274414 0.24094
0.276367 0.242627
0.27832 0.244314
0.280273 0.246
0.282227 0.247686
0.28418 0.249372
0.286133 0.251057
0.288086 0.252741
0.290039 0.254425
0.291992 0.256108
0.293945 0.257791
0.295898 0.259474
0.297852 0.261156
0.299805 0.262837
0.301758 0.264518
0.303711 0.266199
0.305664 0.267879
0.307617 0.269559
0.30957 0.271238
0.311523 0.272916
0.313477 0.274594
0.31543 0.276272
0.317383 0.277949
0.319336 0.279625
0.321289 0.281302
0.323242 0.282977
0.325195 0.284652
0.327148 0.286327
0.329102 0.288001
0.331055 0.289674
0.333008 0.291347
0.334961 0.29302
0.336914 0.294692
0.338867 0.296363
0.34082 0.298034
0.342773 0.299705
0.344727 0.301375
0.34668 0.303044
0.348633 0.304713
0.350586 0.306381
0.352539 0.308049
0.354492 0.309717
0.356445 0.311383
0.358398 0.31305
0.360352 0.314715
0.362305 0.316381
0.364258 0.318045
0.366211 0.319709
0.368164 0.321373
0.370117 0.323036
0.37207 0.324699
0.374023 0.326361
0.375977 0.328022
0.37793 0.329683
0.379883 0.331343
0.381836 0.333003
0.383789 0.334662
0.385742 0.336321
0.387695 0.337979
0.389648 0.339637
0.391602 0.341294
0.393555 0.34295
0.395508 0.344606
0.397461 0.346262
0.399414 0.347917
0.401367 0.349571
0.40332 0.351225
0.405273 0.352878
0.407227 0.35453
0.40918 0.356182
0.411133 0.357834
0.413086 0.359485
0.415039 0.361135
0.416992 0.362785
0.418945 0.364434
0.420898 0.366082
0.422852 0.36773
0.424805 0.369378
0.426758 0.371025
0.428711 0.372671
0.430664 0.374317
0.432617 0.375962
0.43457 0.377606
0.436523 0.37925
0.438477 0.380893
0.44043 0.382536
0.442383 0.384178
0.444336 0.38582
0.446289 0.38746
0.448242 0.389101
0.450195 0.39074
0.452148 0.39238
0.454102 0.394018
0.456055 0.395656
0.458008 0.397293
0.459961 0.39893
0.461914 0.400566
0.463867 0.402201
0.46582 0.403836
0.467773 0.40547
0.469727 0.407104
0.47168 0.408737
0.473633 0.410369
0.475586 0.412001
0.477539 0.413632
0.479492 0.415262
0.481445 0.416892
0.483398 0.418521
0.485352 0.42015
0.487305 0.421778
0.489258 0.423405
0.491211 0.425031
0.493164 0.426657
0.495117 0.428283
0.49707 0.429907
0.499023 0.431531
0.500977 0.433155
0.50293 0.434777
0.504883 0.436399
0.506836 0.438021
0.508789 0.439641
0.510742 0.441261
0.512695 0.442881
0.514648 0.444499
0.516602 0.446118
0.518555 0.447735
0.520508 0.449352
0.522461 0.450968
0.524414 0.452583
0.526367 0.454198
0.52832 0.455812
0.530273 0.457425
0.532227 0.459037
0.53418 0.460649
0.536133 0.462261
0.538086 0.463871
0.540039 0.465481
0.541992 0.46709
0.543945 0.468698
0.545898 0.470306
0.547852 0.471913
0.549805 0.473519
0.551758 0.475125
0.553711 0.47673
0.555664 0.478334
0.557617 0.479938
0.55957 0.48154
0.561523 0.483142
0.563477 0.484744
0.56543 0.486344
0.567383 0.487944
0.569336 0.489543
0.571289 0.491141
0.573242 0.492739
0.575195 0.494336
0.577148 0.495932
0.579102 0.497527
0.581055 0.499122
0.583008 0.500716
0.584961 0.502309
0.586914 0.503901
0.588867 0.505493
0.59082 0.507084
0.592773 0.508674
0.594727 0.510263
0.59668 0.511852
0.598633 0.51344
0.600586 0.515027
0.602539 0.516613
0.604492 0.518198
0.606445 0.519783
0.608398 0.521367
0.610352 0.52295
0.612305 0.524532
0.614258 0.526114
0.616211 0.527695
0.618164 0.529275
0.620117 0.530854
0.62207 0.532432
0.624023 0.53401
0.625977 0.535586
0.62793 0.537162
0.629883 0.538737
0.631836 0.540312
0.633789 0.541885
0.635742 0.543458
0.637695 0.545029
0.639648 0.5466
0.641602 0.54817
0.643555 0.54974
0.645508 0.551308
0.647461 0.552876
0.649414 0.554442
0.651367 0.556008
0.65332 0.557573
0.655273 0.559138
0.657227 0.560701
0.65918 0.562263
0.661133 0.563825
0.663086 0.565386
0.665039 0.566945
0.666992 0.568504
0.668945 0.570063
0.670898 0.57162
0.672852 0.573176
0.674805 0.574732
0.676758 0.576286
0.678711 0.57784
0.680664 0.579392
0.682617 0.580944
0.68457 0.582495
0.686523 0.584045
0.688477 0.585594
0.69043 0.587142
0.692383 0.58869
0.694336 0.590236
0.696289 0.591781
0.698242 0.593326
0.700195 0.594869
0.702148 0.596412
0.704102 0.597954
0.706055 0.599494
0.708008 0.601034
0.709961 0.602573
0.711914 0.604111
0.713867 0.605648
0.71582 0.607184
0.717773 0.608719
0.719727 0.610253
0.72168 0.611785
0.723633 0.613317
0.725586 0.614849
0.727539 0.616379
0.729492 0.617908
0.731445 0.619436
0.733398 0.620963
0.735352 0.622489
0.737305 0.624014
0.739258 0.625538
0.741211 0.627061
0.743164 0.628582
0.745117 0.630103
0.74707 0.631623
0.749023 0.633142
0.750977 0.63466
0.75293 0.636177
0.754883 0.637692
0.756836 0.639207
0.758789 0.640721
0.760742 0.642233
0.762695 0.643744
0.764648 0.645255
0.766602 0.646764
0.768555 0.648272
0.770508 0.649779
0.772461 0.651285
0.774414 0.65279
0.776367 0.654294
0.77832 0.655797
0.780273 0.657298
0.782227 0.658799
0.78418 0.660298
0.786133 0.661796
0.788086 0.663294
0.790039 0.664789
0.791992 0.666284
0.793945 0.667778
0.795898 0.66927
0.797852 0.670762
0.799805 0.672252
0.801758 0.673741
0.803711 0.675229
0.805664 0.676715
0.807617 0.678201
0.80957 0.679685
0.811523 0.681168
0.813477 0.68265
0.81543 0.684131
0.817383 0.68561
0.819336 0.687088
0.821289 0.688565
0.823242 0.690041
0.825195 0.691515
0.827148 0.692989
0.829102 0.694461
0.831055 0.695931
0.833008 0.697401
0.834961 0.698869
0.836914 0.700336
0.838867 0.701802
0.84082 0.703266
0.842773 0.704729
0.844727 0.706191
0.84668 0.707651
0.848633 0.70911
0.850586 0.710568
0.852539 0.712025
0.854492 0.71348
0.856445 0.714934
0.858398 0.716386
0.860352 0.717837
0.862305 0.719287
0.864258 0.720735
0.866211 0.722182
0.868164 0.723628
0.870117 0.725072
0.87207 0.726515
0.874023 0.727956
0.875977 0.729396
0.87793 0.730835
0.879883 0.732272
0.881836 0.733708
0.883789 0.735142
0.885742 0.736575
0.887695 0.738006
0.889648 0.739436
0.891602 0.740865
0.893555 0.742292
0.895508 0.743717
0.897461 0.745141
0.899414 0.746564
0.901367 0.747985
0.90332 0.749404
0.905273 0.750822
0.907227 0.752238
0.90918 0.753653
0.911133 0.755066
0.913086 0.756478
0.915039 0.757888
0.916992 0.759296
0.918945 0.760703
0.920898 0.762109
0.922852 0.763512
0.924805 0.764914
0.926758 0.766315
0.928711 0.767714
0.930664 0.769111
0.932617 0.770506
0.93457 0.7719
0.936523 0.773292
0.938477 0.774683
0.94043 0.776071
0.942383 0.777458
0.944336 0.778844
0.946289 0.780227
0.948242 0.781609
0.950195 0.782989
0.952148 0.784368
0.954102 0.785744
0.956055 0.787119
0.958008 0.788492
0.959961 0.789863
0.961914 0.791232
0.963867 0.7926
0.96582 0.793966
0.967773 0.795329
0.969727 0.796691
0.97168 0.798051
0.973633 0.79941
0.975586 0.800766
0.977539 0.80212
0.979492 0.803473
0.981445 0.804823
0.983398 0.806172
0.985352 0.807518
0.987305 0.80886
0.989258 0.81018
0.991211 0.811314
0.993164 0.810799
0.995117 0.796459
0.99707 0.695645
0.999023 0.314894
1 0
