0 0
0.000976562 0.000839118
0.00292969 0.00251735
0.00488281 0.00419557
0.00683594 0.00587378
0.00878906 0.00755197
0.0107422 0.00923013
0.0126953 0.0109083
0.0146484 0.0125863
0.0166016 0.0142644
0.0185547 0.0159424
0.0205078 0.0176203
0.0224609 0.0192982
0.0244141 0.020976
0.0263672 0.0226537
0.0283203 0.0243314
0.0302734 0.0260089
0.0322266 0.0276864
0.0341797 0.0293638
0.0361328 0.0310411
0.0380859 0.0327182
0.0400391 0.0343953
0.0419922 0.0360722
0.0439453 0.037749
0.0458984 0.0394257
0.0478516 0.0411022
0.0498047 0.0427786
0.0517578 0.0444549
0.0537109 0.046131
0.0556641 0.0478069
0.0576172 0.0494827
0.0595703 0.0511583
0.0615234 0.0528337
0.0634766 0.054509
0.0654297 0.0561841
0.0673828 0.057859
0.0693359 0.0595336
0.0712891 0.0612081
0.0732422 0.0628824
0.0751953 0.0645565
0.0771484 0.0662304
0.0791016 0.0679041
0.0810547 0.0695775
0.0830078 0.0712507
0.0849609 0.0729237
0.0869141 0.0745965
0.0888672 0.076269
0.0908203 0.0779413
0.0927734 0.0796133
0.0947266 0.0812851
0.0966797 0.0829567
0.0986328 0.0846279
0.100586 0.086299
0.102539 0.0879697
0.104492 0.0896402
0.106445 0.0913104
0.108398 0.0929804
0.110352 0.09465
0.112305 0.0963194
0.114258 0.0979885
0.116211 0.0996573
0.118164 0.101326
0.120117 0.102994
0.12207 0.104662
0.124023 0.10633
0.125977 0.107997
0.12793 0.109664
0.129883 0.111331
0.131836 0.112997
0.133789 0.114663
0.135742 0.116329
0.137695 0.117994
0.139648 0.119659
0.141602 0.121324
0.143555 0.122989
0.145508 0.124653
0.147461 0.126317
0.149414 0.12798
0.151367 0.129643
0.15332 0.131306
0.155273 0.132969
0.157227 0.134631
0.15918 0.136292
0.161133 0.137954
0.163086 0.139615
0.165039 0.141276
0.166992 0.142936
0.168945 0.144596
0.170898 0.146256
0.172852 0.147915
0.174805 0.149574
0.176758 0.151233
0.178711 0.152891
0.180664 0.154549
0.182617 0.156206
0.18457 0.157863
0.186523 0.15952
0.188477 0.161176
0.19043 0.162832
0.192383 0.164488
0.194336 0.166143
0.196289 0.167798
0.198242 0.169453
0.200195 0.171107
0.202148 0.17276
0.204102 0.174414
0.206055 0.176067
0.208008 0.177719
0.209961 0.179372
0.211914 0.181023
0.213867 0.182675
0.21582 0.184326
0.217773 0.185977
0.219727 0.187627
0.22168 0.189277
0.223633 0.190926
0.225586 0.192575
0.227539 0.194224
0.229492 0.195872
0.231445 0.19752
0.233398 0.199167
0.235352 0.200814
0.237305 0.202461
0.239258 0.204107
0.241211 0.205753
0.243164 0.207399
0.245117 0.209044
0.24707 0.210688
0.249023 0.212332
0.250977 0.213976
0.25293 0.21562
0.254883 0.217263
0.256836 0.218905
0.258789 0.220547
0.260742 0.222189
0.262695 0.22383
0.264648 0.225471
0.266602 0.227112
0.268555 0.228752
0.270508 0.230391
0.272461 0.23203
0.274414 0.233669
0.276367 0.235308
0.27832 0.236945
0.280273 0.238583
0.282227 0.24022
0.28418 0.241857
0.286133 0.243493
0.288086 0.245129
0.290039 0.246764
0.291992 0.248399
0.293945 0.250033
0.295898 0.251667
0.297852 0.253301
0.299805 0.254934
0.301758 0.256567
0.303711 0.258199
0.305664 0.259831
0.307617 0.261462
0.30957 0.263093
0.311523 0.264723
0.313477 0.266353
0.31543 0.267983
0.317383 0.269612
0.319336 0.271241
0.321289 0.272869
0.323242 0.274497
0.325195 0.276124
0.327148 0.277751
0.329102 0.279377
0.331055 0.281003
0.333008 0.282629
0.334961 0.284254
0.336914 0.285878
0.338867 0.287502
0.34082 0.289126
0.342773 0.290749
0.344727 0.292372
0.34668 0.293994
0.348633 0.295616
0.350586 0.297237
0.352539 0.298858
0.354492 0.300478
0.356445 0.302098
0.358398 0.303718
0.360352 0.305337
0.362305 0.306955
0.364258 0.308573
0.366211 0.310191
0.368164 0.311808
0.370117 0.313424
0.37207 0.31504
0.374023 0.316656
0.375977 0.318271
0.37793 0.319885
0.379883 0.321499
0.381836 0.323113
0.383789 0.324726
0.385742 0.326339
0.387695 0.327951
0.389648 0.329562
0.391602 0.331174
0.393555 0.332784
0.395508 0.334394
0.397461 0.336004
0.399414 0.337613
0.401367 0.339222
0.40332 0.34083
0.405273 0.342437
0.407227 0.344044
0.40918 0.345651
0.411133 0.347257
0.413086 0.348863
0.415039 0.350468
0.416992 0.352072
0.418945 0.353676
0.420898 0.35528
0.422852 0.356883
0.424805 0.358485
0.426758 0.360087
0.428711 0.361689
0.430664 0.363289
0.432617 0.36489
0.43457 0.36649
0.436523 0.368089
0.438477 0.369688
0.44043 0.371286
0.442383 0.372884
0.444336 0.374481
0.446289 0.376077
0.448242 0.377673
0.450195 0.379269
0.452148 0.380864
0.454102 0.382458
0.456055 0.384052
0.458008 0.385646
0.459961 0.387239
0.461914 0.388831
0.463867 0.390423
0.46582 0.392014
0.467773 0.393604
0.469727 0.395194
0.47168 0.396784
0.473633 0.398373
0.475586 0.399961
0.477539 0.401549
0.479492 0.403136
0.481445 0.404723
0.483398 0.406309
0.485352 0.407894
0.487305 0.409479
0.489258 0.411064
0.491211 0.412648
0.493164 0.414231
0.495117 0.415813
0.49707 0.417395
0.499023 0.418977
0.500977 0.420558
0.50293 0.422138
0.504883 0.423718
0.506836 0.425297
0.508789 0.426876
0.510742 0.428454
0.512695 0.430031
0.514648 0.431608
0.516602 0.433184
0.518555 0.434759
0.520508 0.436334
0.522461 0.437909
0.524414 0.439483
0.526367 0.441056
0.52832 0.442628
0.530273 0.4442
0.532227 0.445771
0.53418 0.447342
0.536133 0.448912
0.538086 0.450482
0.540039 0.452051
0.541992 0.453619
0.543945 0.455186
0.545898 0.456753
0.547852 0.45832
0.549805 0.459885
0.551758 0.46145
0.553711 0.463015
0.555664 0.464579
0.557617 0.466142
0.55957 0.467704
0.561523 0.469266
0.563477 0.470827
0.56543 0.472388
0.567383 0.473948
0.569336 0.475507
0.571289 0.477066
0.573242 0.478624
0.575195 0.480181
0.577148 0.481738
0.579102 0.483294
0.581055 0.484849
0.583008 0.486404
0.584961 0.487958
0.586914 0.489511
0.588867 0.491064
0.59082 0.492615
0.592773 0.494167
0.594727 0.495717
0.59668 0.497267
0.598633 0.498817
0.600586 0.500365
0.602539 0.501913
0.604492 0.50346
0.606445 0.505007
0.608398 0.506552
0.610352 0.508097
0.612305 0.509642
0.614258 0.511185
0.616211 0.512728
0.618164 0.514271
0.620117 0.515812
0.62207 0.517353
0.624023 0.518893
0.625977 0.520432
0.62793 0.521971
0.629883 0.523509
0.631836 0.525046
0.633789 0.526583
0.635742 0.528119
0.637695 0.529654
0.639648 0.531188
0.641602 0.532721
0.643555 0.534254
0.645508 0.535786
0.647461 0.537318
0.649414 0.538848
0.651367 0.540378
0.65332 0.541907
0.655273 0.543435
0.657227 0.544963
0.65918 0.54649
0.661133 0.548016
0.663086 0.549541
0.665039 0.551065
0.666992 0.552589
0.668945 0.554112
0.670898 0.555634
0.672852 0.557155
0.674805 0.558676
0.676758 0.560196
0.678711 0.561715
0.680664 0.563233
0.682617 0.56475
0.68457 0.566267
0.686523 0.567783
0.688477 0.569298
0.69043 0.570812
0.692383 0.572325
0.694336 0.573838
0.696289 0.575349
0.698242 0.57686
0.700195 0.57837
0.702148 0.579879
0.704102 0.581388
0.706055 0.582895
0.708008 0.584402
0.709961 0.585908
0.711914 0.587413
0.713867 0.588917
0.71582 0.590421
0.717773 0.591923
0.719727 0.593425
0.72168 0.594926
0.723633 0.596425
0.725586 0.597924
0.727539 0.599423
0.729492 0.60092
0.731445 0.602416
0.733398 0.603912
0.735352 0.605406
0.737305 0.6069
0.739258 0.608393
0.741211 0.609885
0.743164 0.611376
0.745117 0.612866
0.74707 0.614355
0.749023 0.615844
0.750977 0.617331
0.75293 0.618818
0.754883 0.620303
0.756836 0.621788
0.758789 0.623272
0.760742 0.624754
0.762695 0.626236
0.764648 0.627717
0.766602 0.629197
0.768555 0.630676
0.770508 0.632154
0.772461 0.633631
0.774414 0.635108
0.776367 0.636583
0.77832 0.638057
0.780273 0.63953
0.782227 0.641002
0.78418 0.642474
0.786133 0.643944
0.788086 0.645413
0.790039 0.646881
0.791992 0.648349
0.793945 0.649815
0.795898 0.65128
0.797852 0.652745
0.799805 0.654208
0.801758 0.65567
0.803711 0.657131
0.805664 0.658591
0.807617 0.660051
0.80957 0.661509
0.811523 0.662966
0.813477 0.664422
0.81543 0.665877
0.817383 0.66733
0.819336 0.668783
0.821289 0.670235
0.823242 0.671686
0.825195 0.673135
0.827148 0.674584
0.829102 0.676031
0.831055 0.677478
0.833008 0.678923
0.834961 0.680367
0.836914 0.68181
0.838867 0.683252
0.84082 0.684693
0.842773 0.686132
0.844727 0.687571
0.84668 0.689008
0.848633 0.690445
0.850586 0.69188
0.852539 0.693314
0.854492 0.694746
0.856445 0.696178
0.858398 0.697608
0.860352 0.699038
0.862305 0.700466
0.864258 0.701893
0.866211 0.703319
0.868164 0.704743
0.870117 0.706166
0.87207 0.707589
0.874023 0.709009
0.875977 0.710429
0.87793 0.711848
0.879883 0.713265
0.881836 0.714681
0.883789 0.716096
0.885742 0.717509
0.887695 0.718921
0.889648 0.720332
0.891602 0.721742
0.893555 0.72315
0.895508 0.724558
0.897461 0.725963
0.899414 0.727368
0.901367 0.728771
0.90332 0.730173
0.905273 0.731574
0.907227 0.732973
0.90918 0.734371
0.911133 0.735768
0.913086 0.737163
0.915039 0.738557
0.916992 0.739949
0.918945 0.741341
0.920898 0.74273
0.922852 0.744119
0.924805 0.745506
0.926758 0.746891
0.928711 0.748276
0.930664 0.749659
0.932617 0.75104
0.93457 0.75242
0.936523 0.753798
0.938477 0.755176
0.94043 0.756551
0.942383 0.757925
0.944336 0.759298
0.946289 0.760669
0.948242 0.762039
0.950195 0.763407
0.952148 0.764774
0.954102 0.766139
0.956055 0.767503
0.958008 0.768865
0.959961 0.770226
0.961914 0.771585
0.963867 0.772942
0.96582 0.774298
0.967773 0.775653
0.969727 0.777006
0.97168 0.778357
0.973633 0.779707
0.975586 0.781055
0.977539 0.782401
0.979492 0.783746
0.981445 0.785089
0.983398 0.78643
0.985352 0.787769
0.987305 0.789103
0.989258 0.790405
0.991211 0.791453
0.993164 0.790475
0.995117 0.774197
0.99707 0.670407
0.999023 0.299775
1 0
