0 0
0.000976562 0.00083696
0.00292969 0.00251088
0.00488281 0.00418478
0.00683594 0.00585868
0.00878906 0.00753255
0.0107422 0.0092064
0.0126953 0.0108802
0.0146484 0.012554
0.0166016 0.0142277
0.0185547 0.0159014
0.0205078 0.017575
0.0224609 0.0192486
0.0244141 0.0209221
0.0263672 0.0225955
0.0283203 0.0242688
0.0302734 0.0259421
0.0322266 0.0276153
0.0341797 0.0292883
0.0361328 0.0309613
0.0380859 0.0326341
0.0400391 0.0343069
0.0419922 0.0359795
0.0439453 0.037652
0.0458984 0.0393244
0.0478516 0.0409966
0.0498047 0.0426687
0.0517578 0.0443407
0.0537109 0.0460125
0.0556641 0.0476841
0.0576172 0.0493556
0.0595703 0.0510269
0.0615234 0.0526981
0.0634766 0.0543691
0.0654297 0.0560399
0.0673828 0.0577105
0.0693359 0.0593809
0.0712891 0.0610511
0.0732422 0.0627211
0.0751953 0.0643909
0.0771484 0.0660606
0.0791016 0.06773
0.0810547 0.0693991
0.0830078 0.0710681
0.0849609 0.0727368
0.0869141 0.0744053
0.0888672 0.0760736
0.0908203 0.0777416
0.0927734 0.0794094
0.0947266 0.0810769
0.0966797 0.0827442
0.0986328 0.0844113
0.100586 0.086078
0.102539 0.0877445
0.104492 0.0894108
0.106445 0.0910768
0.108398 0.0927425
0.110352 0.0944079
0.112305 0.0960731
0.114258 0.0977379
0.116211 0.0994025
0.118164 0.101067
0.120117 0.102731
0.12207 0.104395
0.124023 0.106058
0.125977 0.107721
0.12793 0.109384
0.129883 0.111046
0.131836 0.112709
0.133789 0.11437
0.135742 0.116032
0.137695 0.117693
0.139648 0.119354
0.141602 0.121015
0.143555 0.122675
0.145508 0.124335
0.147461 0.125995
0.149414 0.127654
0.151367 0.129313
0.15332 0.130972
0.155273 0.13263
0.157227 0.134288
0.15918 0.135945
0.161133 0.137603
0.163086 0.13926
0.165039 0.140916
0.166992 0.142572
0.168945 0.144228
0.170898 0.145884
0.172852 0.147539
0.174805 0.149194
0.176758 0.150848
0.178711 0.152502
0.180664 0.154156
0.182617 0.15581
0.18457 0.157463
0.186523 0.159115
0.188477 0.160767
0.19043 0.162419
0.192383 0.164071
0.194336 0.165722
0.196289 0.167373
0.198242 0.169023
0.200195 0.170673
0.202148 0.172323
0.204102 0.173972
0.206055 0.175621
0.208008 0.17727
0.209961 0.178918
0.211914 0.180565
0.213867 0.182213
0.21582 0.18386
0.217773 0.185506
0.219727 0.187152
0.22168 0.188798
0.223633 0.190444
0.225586 0.192089
0.227539 0.193733
0.229492 0.195378
0.231445 0.197021
0.233398 0.198665
0.235352 0.200308
0.237305 0.20195
0.239258 0.203593
0.241211 0.205234
0.243164 0.206876
0.245117 0.208517
0.24707 0.210158
0.249023 0.211798
0.250977 0.213437
0.25293 0.215077
0.254883 0.216716
0.256836 0.218354
0.258789 0.219993
0.260742 0.22163
0.262695 0.223268
0.264648 0.224904
0.266602 0.226541
0.268555 0.228177
0.270508 0.229813
0.272461 0.231448
0.274414 0.233083
0.276367 0.234717
0.27832 0.236351
0.280273 0.237985
0.282227 0.239618
0.28418 0.24125
0.286133 0.242883
0.288086 0.244514
0.290039 0.246146
0.291992 0.247777
0.293945 0.249407
0.295898 0.251037
0.297852 0.252667
0.299805 0.254296
0.301758 0.255925
0.303711 0.257553
0.305664 0.259181
0.307617 0.260809
0.30957 0.262436
0.311523 0.264062
0.313477 0.265688
0.31543 0.267314
0.317383 0.268939
0.319336 0.270564
0.321289 0.272189
0.323242 0.273812
0.325195 0.275436
0.327148 0.277059
0.329102 0.278681
0.331055 0.280304
0.333008 0.281925
0.334961 0.283546
0.336914 0.285167
0.338867 0.286787
0.34082 0.288407
0.342773 0.290026
0.344727 0.291645
0.34668 0.293264
0.348633 0.294882
0.350586 0.296499
0.352539 0.298116
0.354492 0.299733
0.356445 0.301349
0.358398 0.302964
0.360352 0.30458
0.362305 0.306194
0.364258 0.307808
0.366211 0.309422
0.368164 0.311035
0.370117 0.312648
0.37207 0.31426
0.374023 0.315872
0.375977 0.317483
0.37793 0.319094
0.379883 0.320705
0.381836 0.322314
0.383789 0.323924
0.385742 0.325533
0.387695 0.327141
0.389648 0.328749
0.391602 0.330356
0.393555 0.331963
0.395508 0.33357
0.397461 0.335176
0.399414 0.336781
0.401367 0.338386
0.40332 0.33999
0.405273 0.341594
0.407227 0.343198
0.40918 0.344801
0.411133 0.346403
0.413086 0.348005
0.415039 0.349606
0.416992 0.351207
0.418945 0.352807
0.420898 0.354407
0.422852 0.356007
0.424805 0.357605
0.426758 0.359204
0.428711 0.360801
0.430664 0.362399
0.432617 0.363995
0.43457 0.365592
0.436523 0.367187
0.438477 0.368782
0.44043 0.370377
0.442383 0.371971
0.444336 0.373565
0.446289 0.375158
0.448242 0.37675
0.450195 0.378342
0.452148 0.379934
0.454102 0.381524
0.456055 0.383115
0.458008 0.384705
0.459961 0.386294
0.461914 0.387883
0.463867 0.389471
0.46582 0.391058
0.467773 0.392645
0.469727 0.394232
0.47168 0.395818
0.473633 0.397403
0.475586 0.398988
0.477539 0.400572
0.479492 0.402156
0.481445 0.403739
0.483398 0.405322
0.485352 0.406904
0.487305 0.408485
0.489258 0.410066
0.491211 0.411647
0.493164 0.413226
0.495117 0.414805
0.49707 0.416384
0.499023 0.417962
0.500977 0.41954
0.50293 0.421116
0.504883 0.422693
0.506836 0.424268
0.508789 0.425843
0.510742 0.427418
0.512695 0.428992
0.514648 0.430565
0.516602 0.432138
0.518555 0.43371
0.520508 0.435282
0.522461 0.436853
0.524414 0.438423
0.526367 0.439993
0.52832 0.441562
0.530273 0.443131
0.532227 0.444699
0.53418 0.446266
0.536133 0.447833
0.538086 0.449399
0.540039 0.450964
0.541992 0.452529
0.543945 0.454093
0.545898 0.455657
0.547852 0.45722
0.549805 0.458782
0.551758 0.460344
0.553711 0.461905
0.555664 0.463466
0.557617 0.465026
0.55957 0.466585
0.561523 0.468143
0.563477 0.469701
0.56543 0.471259
0.567383 0.472815
0.569336 0.474371
0.571289 0.475927
0.573242 0.477481
0.575195 0.479036
0.577148 0.480589
0.579102 0.482142
0.581055 0.483694
0.583008 0.485245
0.584961 0.486796
0.586914 0.488346
0.588867 0.489896
0.59082 0.491444
0.592773 0.492992
0.594727 0.49454
0.59668 0.496087
0.598633 0.497633
0.600586 0.499178
0.602539 0.500723
0.604492 0.502267
0.606445 0.50381
0.608398 0.505353
0.610352 0.506895
0.612305 0.508436
0.614258 0.509977
0.616211 0.511516
0.618164 0.513056
0.620117 0.514594
0.62207 0.516132
0.624023 0.517669
0.625977 0.519205
0.62793 0.520741
0.629883 0.522276
0.631836 0.52381
0.633789 0.525343
0.635742 0.526876
0.637695 0.528408
0.639648 0.529939
0.641602 0.53147
0.643555 0.533
0.645508 0.534529
0.647461 0.536057
0.649414 0.537585
0.651367 0.539111
0.65332 0.540638
0.655273 0.542163
0.657227 0.543688
0.65918 0.545211
0.661133 0.546734
0.663086 0.548257
0.665039 0.549778
0.666992 0.551299
0.668945 0.552819
0.670898 0.554338
0.672852 0.555857
0.674805 0.557374
0.676758 0.558891
0.678711 0.560407
0.680664 0.561923
0.682617 0.563437
0.68457 0.564951
0.686523 0.566464
0.688477 0.567976
0.69043 0.569488
0.692383 0.570998
0.694336 0.572508
0.696289 0.574017
0.698242 0.575525
0.700195 0.577032
0.702148 0.578539
0.704102 0.580044
0.706055 0.581549
0.708008 0.583053
0.709961 0.584556
0.711914 0.586059
0.713867 0.58756
0.71582 0.589061
0.717773 0.590561
0.719727 0.592059
0.72168 0.593558
0.723633 0.595055
0.725586 0.596551
0.727539 0.598047
0.729492 0.599541
0.731445 0.601035
0.733398 0.602528
0.735352 0.60402
0.737305 0.605511
0.739258 0.607001
0.741211 0.608491
0.743164 0.609979
0.745117 0.611467
0.74707 0.612954
0.749023 0.614439
0.750977 0.615924
0.75293 0.617408
0.754883 0.618891
0.756836 0.620373
0.758789 0.621855
0.760742 0.623335
0.762695 0.624814
0.764648 0.626293
0.766602 0.62777
0.768555 0.629247
0.770508 0.630723
0.772461 0.632197
0.774414 0.633671
0.776367 0.635144
0.77832 0.636616
0.780273 0.638086
0.782227 0.639556
0.78418 0.641025
0.786133 0.642493
0.788086 0.64396
0.790039 0.645426
0.791992 0.646891
0.793945 0.648355
0.795898 0.649818
0.797852 0.65128
0.799805 0.652741
0.801758 0.654201
0.803711 0.65566
0.805664 0.657118
0.807617 0.658575
0.80957 0.660031
0.811523 0.661485
0.813477 0.662939
0.81543 0.664392
0.817383 0.665844
0.819336 0.667294
0.821289 0.668744
0.823242 0.670192
0.825195 0.67164
0.827148 0.673086
0.829102 0.674532
0.831055 0.675976
0.833008 0.677419
0.834961 0.678861
0.836914 0.680302
0.838867 0.681742
0.84082 0.683181
0.842773 0.684618
0.844727 0.686055
0.84668 0.68749
0.848633 0.688925
0.850586 0.690358
0.852539 0.69179
0.854492 0.693221
0.856445 0.69465
0.858398 0.696079
0.860352 0.697506
0.862305 0.698933
0.864258 0.700358
0.866211 0.701782
0.868164 0.703204
0.870117 0.704626
0.87207 0.706046
0.874023 0.707465
0.875977 0.708883
0.87793 0.7103
0.879883 0.711715
0.881836 0.71313
0.883789 0.714543
0.885742 0.715954
0.887695 0.717365
0.889648 0.718774
0.891602 0.720182
0.893555 0.721589
0.895508 0.722995
0.897461 0.724399
0.899414 0.725802
0.901367 0.727204
0.90332 0.728604
0.905273 0.730003
0.907227 0.731401
0.90918 0.732797
0.911133 0.734192
0.913086 0.735586
0.915039 0.736979
0.916992 0.73837
0.918945 0.739759
0.920898 0.741148
0.922852 0.742535
0.924805 0.743921
0.926758 0.745305
0.928711 0.746688
0.930664 0.748069
0.932617 0.749449
0.93457 0.750828
0.936523 0.752205
0.938477 0.753581
0.94043 0.754956
0.942383 0.756328
0.944336 0.7577
0.946289 0.75907
0.948242 0.760439
0.950195 0.761806
0.952148 0.763171
0.954102 0.764535
0.956055 0.765898
0.958008 0.767259
0.959961 0.768619
0.961914 0.769977
0.963867 0.771333
0.96582 0.772688
0.967773 0.774042
0.969727 0.775394
0.97168 0.776744
0.973633 0.778093
0.975586 0.77944
0.977539 0.780785
0.979492 0.782129
0.981445 0.783472
0.983398 0.784812
0.985352 0.786151
0.987305 0.787484
0.989258 0.788783
0.991211 0.789823
0.993164 0.788804
0.995117 0.772364
0.99707 0.668339
0.999023 0.298553
1 0
