0 0
0.000976562 0.00079797
0.00292969 0.00239391
0.00488281 0.00398984
0.00683594 0.00558576
0.00878906 0.00718166
0.0107422 0.00877754
0.0126953 0.0103734
0.0146484 0.0119692
0.0166016 0.013565
0.0185547 0.0151607
0.0205078 0.0167564
0.0224609 0.0183521
0.0244141 0.0199477
0.0263672 0.0215432
0.0283203 0.0231387
0.0302734 0.0247341
0.0322266 0.0263294
0.0341797 0.0279246
0.0361328 0.0295198
0.0380859 0.0311148
0.0400391 0.0327098
0.0419922 0.0343047
0.0439453 0.0358995
0.0458984 0.0374941
0.0478516 0.0390887
0.0498047 0.0406831
0.0517578 0.0422774
0.0537109 0.0438716
0.0556641 0.0454657
0.0576172 0.0470596
0.0595703 0.0486534
0.0615234 0.0502471
0.0634766 0.0518406
0.0654297 0.053434
0.0673828 0.0550272
0.0693359 0.0566202
0.0712891 0.0582131
0.0732422 0.0598058
0.0751953 0.0613984
0.0771484 0.0629908
0.0791016 0.064583
0.0810547 0.066175
0.0830078 0.0677668
0.0849609 0.0693585
0.0869141 0.0709499
0.0888672 0.0725412
0.0908203 0.0741323
0.0927734 0.0757231
0.0947266 0.0773138
0.0966797 0.0789042
0.0986328 0.0804945
0.100586 0.0820845
0.102539 0.0836743
0.104492 0.0852639
0.106445 0.0868532
0.108398 0.0884423
0.110352 0.0900312
0.112305 0.0916199
0.114258 0.0932083
0.116211 0.0947965
0.118164 0.0963845
0.120117 0.0979722
0.12207 0.0995596
0.124023 0.101147
0.125977 0.102734
0.12793 0.10432
0.129883 0.105907
0.131836 0.107493
0.133789 0.109079
0.135742 0.110665
0.137695 0.11225
0.139648 0.113835
0.141602 0.11542
0.143555 0.117005
0.145508 0.118589
0.147461 0.120173
0.149414 0.121757
0.151367 0.12334
0.15332 0.124923
0.155273 0.126506
0.157227 0.128089
0.15918 0.129671
0.161133 0.131253
0.163086 0.132835
0.165039 0.134416
0.166992 0.135997
0.168945 0.137578
0.170898 0.139159
0.172852 0.140739
0.174805 0.142319
0.176758 0.143899
0.178711 0.145478
0.180664 0.147057
0.182617 0.148636
0.18457 0.150214
0.186523 0.151792
0.188477 0.15337
0.19043 0.154947
0.192383 0.156525
0.194336 0.158101
0.196289 0.159678
0.198242 0.161254
0.200195 0.16283
0.202148 0.164406
0.204102 0.165981
0.206055 0.167556
0.208008 0.16913
0.209961 0.170704
0.211914 0.172278
0.213867 0.173852
0.21582 0.175425
0.217773 0.176998
0.219727 0.178571
0.22168 0.180143
0.223633 0.181715
0.225586 0.183287
0.227539 0.184858
0.229492 0.186429
0.231445 0.187999
0.233398 0.18957
0.235352 0.191139
0.237305 0.192709
0.239258 0.194278
0.241211 0.195847
0.243164 0.197416
0.245117 0.198984
0.24707 0.200552
0.249023 0.202119
0.250977 0.203686
0.25293 0.205253
0.254883 0.206819
0.256836 0.208385
0.258789 0.209951
0.260742 0.211517
0.262695 0.213082
0.264648 0.214646
0.266602 0.21621
0.268555 0.217774
0.270508 0.219338
0.272461 0.220901
0.274414 0.222464
0.276367 0.224027
0.27832 0.225589
0.280273 0.22715
0.282227 0.228712
0.28418 0.230273
0.286133 0.231834
0.288086 0.233394
0.290039 0.234954
0.291992 0.236513
0.293945 0.238073
0.295898 0.239632
0.297852 0.24119
0.299805 0.242748
0.301758 0.244306
0.303711 0.245863
0.305664 0.24742
0.307617 0.248977
0.30957 0.250533
0.311523 0.252089
0.313477 0.253644
0.31543 0.255199
0.317383 0.256754
0.319336 0.258308
0.321289 0.259862
0.323242 0.261416
0.325195 0.262969
0.327148 0.264522
0.329102 0.266074
0.331055 0.267626
0.333008 0.269178
0.334961 0.270729
0.336914 0.27228
0.338867 0.27383
0.34082 0.27538
0.342773 0.27693
0.344727 0.278479
0.34668 0.280028
0.348633 0.281577
0.350586 0.283125
0.352539 0.284672
0.354492 0.28622
0.356445 0.287766
0.358398 0.289313
0.360352 0.290859
0.362305 0.292405
0.364258 0.29395
0.366211 0.295495
0.368164 0.297039
0.370117 0.298583
0.37207 0.300127
0.374023 0.30167
0.375977 0.303213
0.37793 0.304755
0.379883 0.306297
0.381836 0.307839
0.383789 0.30938
0.385742 0.310921
0.387695 0.312461
0.389648 0.314001
0.391602 0.315541
0.393555 0.31708
0.395508 0.318618
0.397461 0.320156
0.399414 0.321694
0.401367 0.323232
0.40332 0.324769
0.405273 0.326305
0.407227 0.327841
0.40918 0.329377
0.411133 0.330912
0.413086 0.332447
0.415039 0.333981
0.416992 0.335515
0.418945 0.337049
0.420898 0.338582
0.422852 0.340114
0.424805 0.341647
0.426758 0.343178
0.428711 0.34471
0.430664 0.346241
0.432617 0.347771
0.43457 0.349301
0.436523 0.35083
0.438477 0.35236
0.44043 0.353888
0.442383 0.355416
0.444336 0.356944
0.446289 0.358471
0.448242 0.359998
0.450195 0.361525
0.452148 0.363051
0.454102 0.364576
0.456055 0.366101
0.458008 0.367626
0.459961 0.36915
0.461914 0.370673
0.463867 0.372196
0.46582 0.373719
0.467773 0.375241
0.469727 0.376763
0.47168 0.378284
0.473633 0.379805
0.475586 0.381326
0.477539 0.382846
0.479492 0.384365
0.481445 0.385884
0.483398 0.387402
0.485352 0.38892
0.487305 0.390438
0.489258 0.391955
0.491211 0.393471
0.493164 0.394988
0.495117 0.396503
0.49707 0.398018
0.499023 0.399533
0.500977 0.401047
0.50293 0.402561
0.504883 0.404074
0.506836 0.405586
0.508789 0.407099
0.510742 0.40861
0.512695 0.410121
0.514648 0.411632
0.516602 0.413142
0.518555 0.414652
0.520508 0.416161
0.522461 0.41767
0.524414 0.419178
0.526367 0.420685
0.52832 0.422193
0.530273 0.423699
0.532227 0.425205
0.53418 0.426711
0.536133 0.428216
0.538086 0.429721
0.540039 0.431225
0.541992 0.432728
0.543945 0.434231
0.545898 0.435734
0.547852 0.437236
0.549805 0.438737
0.551758 0.440238
0.553711 0.441738
0.555664 0.443238
0.557617 0.444738
0.55957 0.446236
0.561523 0.447735
0.563477 0.449232
0.56543 0.450729
0.567383 0.452226
0.569336 0.453722
0.571289 0.455218
0.573242 0.456713
0.575195 0.458207
0.577148 0.459701
0.579102 0.461194
0.581055 0.462687
0.583008 0.46418
0.584961 0.465671
0.586914 0.467162
0.588867 0.468653
0.59082 0.470143
0.592773 0.471632
0.594727 0.473121
0.59668 0.47461
0.598633 0.476097
0.600586 0.477585
0.602539 0.479071
0.604492 0.480557
0.606445 0.482043
0.608398 0.483528
0.610352 0.485012
0.612305 0.486496
0.614258 0.487979
0.616211 0.489461
0.618164 0.490943
0.620117 0.492425
0.62207 0.493906
0.624023 0.495386
0.625977 0.496865
0.62793 0.498344
0.629883 0.499823
0.631836 0.501301
0.633789 0.502778
0.635742 0.504255
0.637695 0.505731
0.639648 0.507206
0.641602 0.508681
0.643555 0.510155
0.645508 0.511629
0.647461 0.513101
0.649414 0.514574
0.651367 0.516046
0.65332 0.517517
0.655273 0.518987
0.657227 0.520457
0.65918 0.521926
0.661133 0.523395
0.663086 0.524863
0.665039 0.52633
0.666992 0.527797
0.668945 0.529263
0.670898 0.530728
0.672852 0.532193
0.674805 0.533657
0.676758 0.53512
0.678711 0.536583
0.680664 0.538045
0.682617 0.539507
0.68457 0.540968
0.686523 0.542428
0.688477 0.543887
0.69043 0.545346
0.692383 0.546804
0.694336 0.548262
0.696289 0.549719
0.698242 0.551175
0.700195 0.552631
0.702148 0.554085
0.704102 0.55554
0.706055 0.556993
0.708008 0.558446
0.709961 0.559898
0.711914 0.561349
0.713867 0.5628
0.71582 0.56425
0.717773 0.565699
0.719727 0.567148
0.72168 0.568596
0.723633 0.570043
0.725586 0.571489
0.727539 0.572935
0.729492 0.57438
0.731445 0.575825
0.733398 0.577268
0.735352 0.578711
0.737305 0.580153
0.739258 0.581595
0.741211 0.583035
0.743164 0.584475
0.745117 0.585915
0.74707 0.587353
0.749023 0.588791
0.750977 0.590228
0.75293 0.591664
0.754883 0.5931
0.756836 0.594535
0.758789 0.595969
0.760742 0.597402
0.762695 0.598834
0.764648 0.600266
0.766602 0.601697
0.768555 0.603127
0.770508 0.604557
0.772461 0.605985
0.774414 0.607413
0.776367 0.60884
0.77832 0.610267
0.780273 0.611692
0.782227 0.613117
0.78418 0.614541
0.786133 0.615964
0.788086 0.617386
0.790039 0.618808
0.791992 0.620228
0.793945 0.621648
0.795898 0.623067
0.797852 0.624486
0.799805 0.625903
0.801758 0.62732
0.803711 0.628736
0.805664 0.630151
0.807617 0.631565
0.80957 0.632978
0.811523 0.63439
0.813477 0.635802
0.81543 0.637213
0.817383 0.638623
0.819336 0.640032
0.821289 0.64144
0.823242 0.642847
0.825195 0.644254
0.827148 0.645659
0.829102 0.647064
0.831055 0.648468
0.833008 0.649871
0.834961 0.651273
0.836914 0.652674
0.838867 0.654074
0.84082 0.655474
0.842773 0.656872
0.844727 0.65827
0.84668 0.659667
0.848633 0.661062
0.850586 0.662457
0.852539 0.663851
0.854492 0.665244
0.856445 0.666636
0.858398 0.668027
0.860352 0.669418
0.862305 0.670807
0.864258 0.672195
0.866211 0.673583
0.868164 0.674969
0.870117 0.676355
0.87207 0.677739
0.874023 0.679123
0.875977 0.680505
0.87793 0.681887
0.879883 0.683267
0.881836 0.684647
0.883789 0.686026
0.885742 0.687403
0.887695 0.68878
0.889648 0.690156
0.891602 0.69153
0.893555 0.692904
0.895508 0.694277
0.897461 0.695648
0.899414 0.697019
0.901367 0.698388
0.90332 0.699757
0.905273 0.701124
0.907227 0.702491
0.90918 0.703856
0.911133 0.70522
0.913086 0.706584
0.915039 0.707946
0.916992 0.709307
0.918945 0.710667
0.920898 0.712026
0.922852 0.713384
0.924805 0.71474
0.926758 0.716096
0.928711 0.717451
0.930664 0.718804
0.932617 0.720157
0.93457 0.721508
0.936523 0.722858
0.938477 0.724207
0.94043 0.725555
0.942383 0.726901
0.944336 0.728247
0.946289 0.729591
0.948242 0.730934
0.950195 0.732277
0.952148 0.733617
0.954102 0.734957
0.956055 0.736296
0.958008 0.737633
0.959961 0.738969
0.961914 0.740304
0.963867 0.741638
0.96582 0.74297
0.967773 0.744302
0.969727 0.745632
0.97168 0.74696
0.973633 0.748288
0.975586 0.749614
0.977539 0.750939
0.979492 0.752263
0.981445 0.753586
0.983398 0.754907
0.985352 0.756225
0.987305 0.757535
0.989258 0.758786
0.991211 0.759641
0.993164 0.757768
0.995117 0.738216
0.99707 0.630183
0.999023 0.276437
1 0
