0 0
0.000976562 0.00351529
0.00292969 0.0105392
0.00488281 0.0175463
0.00683594 0.0245322
0.00878906 0.0314956
0.0107422 0.0384365
0.0126953 0.0453548
0.0146484 0.0522504
0.0166016 0.0591234
0.0185547 0.0659736
0.0205078 0.0728012
0.0224609 0.0796061
0.0244141 0.0863882
0.0263672 0.0931475
0.0283203 0.099884
0.0302734 0.106598
0.0322266 0.113289
0.0341797 0.119957
0.0361328 0.126602
0.0380859 0.133224
0.0400391 0.139823
0.0419922 0.146399
0.0439453 0.152953
0.0458984 0.159483
0.0478516 0.16599
0.0498047 0.172474
0.0517578 0.178936
0.0537109 0.185374
0.0556641 0.191788
0.0576172 0.19818
0.0595703 0.204549
0.0615234 0.210894
0.0634766 0.217216
0.0654297 0.223515
0.0673828 0.229791
0.0693359 0.236043
0.0712891 0.242272
0.0732422 0.248478
0.0751953 0.25466
0.0771484 0.260819
0.0791016 0.266954
0.0810547 0.273066
0.0830078 0.279155
0.0849609 0.28522
0.0869141 0.291262
0.0888672 0.29728
0.0908203 0.303274
0.0927734 0.309245
0.0947266 0.315192
0.0966797 0.321116
0.0986328 0.327016
0.100586 0.332892
0.102539 0.338744
0.104492 0.344573
0.106445 0.350378
0.108398 0.356159
0.110352 0.361917
0.112305 0.36765
0.114258 0.37336
0.116211 0.379046
0.118164 0.384708
0.120117 0.390346
0.12207 0.39596
0.124023 0.40155
0.125977 0.407116
0.12793 0.412658
0.129883 0.418176
0.131836 0.423669
0.133789 0.429139
0.135742 0.434585
0.137695 0.440006
0.139648 0.445403
0.141602 0.450776
0.143555 0.456125
0.145508 0.461449
0.147461 0.466749
0.149414 0.472025
0.151367 0.477276
0.15332 0.482503
0.155273 0.487706
0.157227 0.492884
0.15918 0.498038
0.161133 0.503167
0.163086 0.508272
0.165039 0.513352
0.166992 0.518408
0.168945 0.523439
0.170898 0.528445
0.172852 0.533427
0.174805 0.538384
0.176758 0.543316
0.178711 0.548224
0.180664 0.553107
0.182617 0.557965
0.18457 0.562799
0.186523 0.567607
0.188477 0.572391
0.19043 0.57715
0.192383 0.581883
0.194336 0.586592
0.196289 0.591276
0.198242 0.595935
0.200195 0.600569
0.202148 0.605178
0.204102 0.609762
0.206055 0.61432
0.208008 0.618854
0.209961 0.623362
0.211914 0.627846
0.213867 0.632304
0.21582 0.636736
0.217773 0.641144
0.219727 0.645526
0.22168 0.649883
0.223633 0.654214
0.225586 0.65852
0.227539 0.662801
0.229492 0.667056
0.231445 0.671286
0.233398 0.675491
0.235352 0.679669
0.237305 0.683823
0.239258 0.68795
0.241211 0.692052
0.243164 0.696129
0.245117 0.700179
0.24707 0.704204
0.249023 0.708204
0.250977 0.712177
0.25293 0.716125
0.254883 0.720047
0.256836 0.723943
0.258789 0.727813
0.260742 0.731658
0.262695 0.735476
0.264648 0.739268
0.266602 0.743035
0.268555 0.746775
0.270508 0.75049
0.272461 0.754178
0.274414 0.75784
0.276367 0.761477
0.27832 0.765086
0.280273 0.76867
0.282227 0.772228
0.28418 0.775759
0.286133 0.779264
0.288086 0.782743
0.290039 0.786195
0.291992 0.789621
0.293945 0.793021
0.295898 0.796394
0.297852 0.799741
0.299805 0.803061
0.301758 0.806354
0.303711 0.809622
0.305664 0.812862
0.307617 0.816076
0.30957 0.819263
0.311523 0.822424
0.313477 0.825558
0.31543 0.828665
0.317383 0.831745
0.319336 0.834799
0.321289 0.837826
0.323242 0.840826
0.325195 0.843799
0.327148 0.846745
0.329102 0.849664
0.331055 0.852556
0.333008 0.855421
0.334961 0.85826
0.336914 0.861071
0.338867 0.863855
0.34082 0.866611
0.342773 0.869341
0.344727 0.872043
0.34668 0.874719
0.348633 0.877367
0.350586 0.879987
0.352539 0.88258
0.354492 0.885146
0.356445 0.887685
0.358398 0.890196
0.360352 0.89268
0.362305 0.895136
0.364258 0.897565
0.366211 0.899966
0.368164 0.902339
0.370117 0.904685
0.37207 0.907003
0.374023 0.909294
0.375977 0.911557
0.37793 0.913792
0.379883 0.915999
0.381836 0.918179
0.383789 0.92033
0.385742 0.922454
0.387695 0.92455
0.389648 0.926618
0.391602 0.928658
0.393555 0.93067
0.395508 0.932653
0.397461 0.934609
0.399414 0.936537
0.401367 0.938436
0.40332 0.940308
0.405273 0.942151
0.407227 0.943966
0.40918 0.945752
0.411133 0.947511
0.413086 0.949241
0.415039 0.950942
0.416992 0.952615
0.418945 0.95426
0.420898 0.955876
0.422852 0.957464
0.424805 0.959023
0.426758 0.960553
0.428711 0.962055
0.430664 0.963528
0.432617 0.964973
0.43457 0.966389
0.436523 0.967776
0.438477 0.969134
0.44043 0.970464
0.442383 0.971764
0.444336 0.973036
0.446289 0.974278
0.448242 0.975492
0.450195 0.976677
0.452148 0.977833
0.454102 0.978959
0.456055 0.980057
0.458008 0.981125
0.459961 0.982164
0.461914 0.983174
0.463867 0.984155
0.46582 0.985106
0.467773 0.986028
0.469727 0.986921
0.47168 0.987784
0.473633 0.988618
0.475586 0.989422
0.477539 0.990197
0.479492 0.990942
0.481445 0.991658
0.483398 0.992344
0.485352 0.993001
0.487305 0.993627
0.489258 0.994224
0.491211 0.994792
0.493164 0.995329
0.495117 0.995837
0.49707 0.996314
0.499023 0.996762
0.500977 0.99718
0.50293 0.997568
0.504883 0.997926
0.506836 0.998253
0.508789 0.998551
0.510742 0.998819
0.512695 0.999056
0.514648 0.999263
0.516602 0.99944
0.518555 0.999586
0.520508 0.999703
0.522461 0.999788
0.524414 0.999844
0.526367 0.999869
0.52832 0.999863
0.530273 0.999827
0.532227 0.999761
0.53418 0.999664
0.536133 0.999536
0.538086 0.999377
0.540039 0.999188
0.541992 0.998968
0.543945 0.998717
0.545898 0.998436
0.547852 0.998123
0.549805 0.99778
0.551758 0.997406
0.553711 0.997
0.555664 0.996564
0.557617 0.996096
0.55957 0.995598
0.561523 0.995068
0.563477 0.994507
0.56543 0.993915
0.567383 0.993292
0.569336 0.992637
0.571289 0.991951
0.573242 0.991233
0.575195 0.990485
0.577148 0.989704
0.579102 0.988892
0.581055 0.988049
0.583008 0.987174
0.584961 0.986267
0.586914 0.985329
0.588867 0.984359
0.59082 0.983357
0.592773 0.982323
0.594727 0.981258
0.59668 0.98016
0.598633 0.979031
0.600586 0.97787
0.602539 0.976676
0.604492 0.975451
0.606445 0.974193
0.608398 0.972904
0.610352 0.971582
0.612305 0.970228
0.614258 0.968842
0.616211 0.967423
0.618164 0.965972
0.620117 0.964489
0.62207 0.962973
0.624023 0.961425
0.625977 0.959844
0.62793 0.958231
0.629883 0.956585
0.631836 0.954906
0.633789 0.953195
0.635742 0.951451
0.637695 0.949674
0.639648 0.947865
0.641602 0.946022
0.643555 0.944147
0.645508 0.942238
0.647461 0.940297
0.649414 0.938322
0.651367 0.936315
0.65332 0.934274
0.655273 0.9322
0.657227 0.930093
0.65918 0.927953
0.661133 0.925779
0.663086 0.923572
0.665039 0.921332
0.666992 0.919058
0.668945 0.916751
0.670898 0.91441
0.672852 0.912035
0.674805 0.909627
0.676758 0.907185
0.678711 0.90471
0.680664 0.9022
0.682617 0.899657
0.68457 0.89708
0.686523 0.89447
0.688477 0.891825
0.69043 0.889146
0.692383 0.886433
0.694336 0.883686
0.696289 0.880905
0.698242 0.87809
0.700195 0.87524
0.702148 0.872356
0.704102 0.869438
0.706055 0.866486
0.708008 0.863499
0.709961 0.860477
0.711914 0.857421
0.713867 0.854331
0.71582 0.851206
0.717773 0.848046
0.719727 0.844851
0.72168 0.841622
0.723633 0.838358
0.725586 0.835059
0.727539 0.831725
0.729492 0.828357
0.731445 0.824953
0.733398 0.821514
0.735352 0.81804
0.737305 0.814531
0.739258 0.810987
0.741211 0.807407
0.743164 0.803792
0.745117 0.800142
0.74707 0.796457
0.749023 0.792736
0.750977 0.788979
0.75293 0.785187
0.754883 0.781359
0.756836 0.777496
0.758789 0.773597
0.760742 0.769662
0.762695 0.765692
0.764648 0.761685
0.766602 0.757643
0.768555 0.753565
0.770508 0.74945
0.772461 0.7453
0.774414 0.741114
0.776367 0.736891
0.77832 0.732632
0.780273 0.728337
0.782227 0.724006
0.78418 0.719638
0.786133 0.715234
0.788086 0.710793
0.790039 0.706316
0.791992 0.701802
0.793945 0.697252
0.795898 0.692665
0.797852 0.688041
0.799805 0.68338
0.801758 0.678683
0.803711 0.673949
0.805664 0.669177
0.807617 0.664369
0.80957 0.659524
0.811523 0.654641
0.813477 0.649722
0.81543 0.644765
0.817383 0.639771
0.819336 0.634739
0.821289 0.62967
0.823242 0.624564
0.825195 0.61942
0.827148 0.614239
0.829102 0.60902
0.831055 0.603763
0.833008 0.598469
0.834961 0.593137
0.836914 0.587767
0.838867 0.582359
0.84082 0.576913
0.842773 0.57143
0.844727 0.565908
0.84668 0.560348
0.848633 0.55475
0.850586 0.549114
0.852539 0.543439
0.854492 0.537726
0.856445 0.531975
0.858398 0.526185
0.860352 0.520357
0.862305 0.51449
0.864258 0.508584
0.866211 0.50264
0.868164 0.496657
0.870117 0.490636
0.87207 0.484575
0.874023 0.478476
0.875977 0.472337
0.87793 0.46616
0.879883 0.459943
0.881836 0.453687
0.883789 0.447392
0.885742 0.441058
0.887695 0.434685
0.889648 0.428272
0.891602 0.421819
0.893555 0.415327
0.895508 0.408796
0.897461 0.402225
0.899414 0.395614
0.901367 0.388963
0.90332 0.382273
0.905273 0.375543
0.907227 0.368772
0.90918 0.361962
0.911133 0.355112
0.913086 0.348221
0.915039 0.341291
0.916992 0.33432
0.918945 0.327309
0.920898 0.320257
0.922852 0.313165
0.924805 0.306033
0.926758 0.29886
0.928711 0.291646
0.930664 0.284392
0.932617 0.277097
0.93457 0.269761
0.936523 0.262384
0.938477 0.254966
0.94043 0.247507
0.942383 0.240008
0.944336 0.232467
0.946289 0.224884
0.948242 0.217261
0.950195 0.209596
0.952148 0.20189
0.954102 0.194142
0.956055 0.186353
0.958008 0.178522
0.959961 0.17065
0.961914 0.162736
0.963867 0.15478
0.96582 0.146782
0.967773 0.138742
0.969727 0.130661
0.97168 0.122537
0.973633 0.114371
0.975586 0.106163
0.977539 0.0979122
0.979492 0.0896195
0.981445 0.0812843
0.983398 0.0729067
0.985352 0.0644866
0.987305 0.0560238
0.989258 0.0475184
0.991211 0.0389702
0.993164 0.0303792
0.995117 0.0217454
0.99707 0.0130702
0.999023 0.00436131
1 0
