0 0
0.000976562 0.0033802
0.00292969 0.0101356
0.00488281 0.0168777
0.00683594 0.0236019
0.00878906 0.0303066
0.0107422 0.0369911
0.0126953 0.0436555
0.0146484 0.0502997
0.0166016 0.0569236
0.0185547 0.0635273
0.0205078 0.0701108
0.0224609 0.0766739
0.0244141 0.0832167
0.0263672 0.0897391
0.0283203 0.0962412
0.0302734 0.102723
0.0322266 0.109184
0.0341797 0.115625
0.0361328 0.122045
0.0380859 0.128445
0.0400391 0.134824
0.0419922 0.141183
0.0439453 0.147521
0.0458984 0.153838
0.0478516 0.160135
0.0498047 0.166411
0.0517578 0.172666
0.0537109 0.1789
0.0556641 0.185114
0.0576172 0.191307
0.0595703 0.197479
0.0615234 0.203631
0.0634766 0.209761
0.0654297 0.21587
0.0673828 0.221959
0.0693359 0.228027
0.0712891 0.234073
0.0732422 0.240099
0.0751953 0.246103
0.0771484 0.252087
0.0791016 0.258049
0.0810547 0.26399
0.0830078 0.26991
0.0849609 0.275809
0.0869141 0.281686
0.0888672 0.287543
0.0908203 0.293378
0.0927734 0.299191
0.0947266 0.304983
0.0966797 0.310754
0.0986328 0.316504
0.100586 0.322232
0.102539 0.327939
0.104492 0.333624
0.106445 0.339287
0.108398 0.344929
0.110352 0.35055
0.112305 0.356149
0.114258 0.361726
0.116211 0.367281
0.118164 0.372815
0.120117 0.378327
0.12207 0.383817
0.124023 0.389286
0.125977 0.394733
0.12793 0.400157
0.129883 0.40556
0.131836 0.410941
0.133789 0.4163
0.135742 0.421637
0.137695 0.426952
0.139648 0.432245
0.141602 0.437516
0.143555 0.442765
0.145508 0.447992
0.147461 0.453196
0.149414 0.458378
0.151367 0.463539
0.15332 0.468676
0.155273 0.473792
0.157227 0.478885
0.15918 0.483956
0.161133 0.489004
0.163086 0.49403
0.165039 0.499034
0.166992 0.504015
0.168945 0.508973
0.170898 0.513909
0.172852 0.518822
0.174805 0.523713
0.176758 0.528581
0.178711 0.533427
0.180664 0.538249
0.182617 0.543049
0.18457 0.547826
0.186523 0.552581
0.188477 0.557312
0.19043 0.562021
0.192383 0.566706
0.194336 0.571369
0.196289 0.576009
0.198242 0.580625
0.200195 0.585219
0.202148 0.58979
0.204102 0.594337
0.206055 0.598862
0.208008 0.603363
0.209961 0.607841
0.211914 0.612295
0.213867 0.616727
0.21582 0.621135
0.217773 0.625519
0.219727 0.629881
0.22168 0.634219
0.223633 0.638533
0.225586 0.642824
0.227539 0.647091
0.229492 0.651335
0.231445 0.655555
0.233398 0.659752
0.235352 0.663925
0.237305 0.668074
0.239258 0.6722
0.241211 0.676301
0.243164 0.680379
0.245117 0.684433
0.24707 0.688463
0.249023 0.69247
0.250977 0.696452
0.25293 0.70041
0.254883 0.704344
0.256836 0.708255
0.258789 0.712141
0.260742 0.716003
0.262695 0.719841
0.264648 0.723654
0.266602 0.727444
0.268555 0.731209
0.270508 0.734949
0.272461 0.738666
0.274414 0.742358
0.276367 0.746025
0.27832 0.749668
0.280273 0.753287
0.282227 0.756881
0.28418 0.760451
0.286133 0.763996
0.288086 0.767516
0.290039 0.771011
0.291992 0.774482
0.293945 0.777928
0.295898 0.781349
0.297852 0.784746
0.299805 0.788117
0.301758 0.791464
0.303711 0.794786
0.305664 0.798082
0.307617 0.801354
0.30957 0.8046
0.311523 0.807822
0.313477 0.811018
0.31543 0.814189
0.317383 0.817335
0.319336 0.820456
0.321289 0.823551
0.323242 0.826621
0.325195 0.829665
0.327148 0.832684
0.329102 0.835678
0.331055 0.838646
0.333008 0.841589
0.334961 0.844506
0.336914 0.847397
0.338867 0.850263
0.34082 0.853103
0.342773 0.855917
0.344727 0.858705
0.34668 0.861468
0.348633 0.864205
0.350586 0.866916
0.352539 0.8696
0.354492 0.872259
0.356445 0.874892
0.358398 0.877499
0.360352 0.88008
0.362305 0.882634
0.364258 0.885162
0.366211 0.887664
0.368164 0.89014
0.370117 0.89259
0.37207 0.895013
0.374023 0.897409
0.375977 0.89978
0.37793 0.902123
0.379883 0.90444
0.381836 0.906731
0.383789 0.908995
0.385742 0.911232
0.387695 0.913443
0.389648 0.915627
0.391602 0.917784
0.393555 0.919914
0.395508 0.922017
0.397461 0.924093
0.399414 0.926143
0.401367 0.928165
0.40332 0.93016
0.405273 0.932128
0.407227 0.934069
0.40918 0.935983
0.411133 0.93787
0.413086 0.939729
0.415039 0.941561
0.416992 0.943366
0.418945 0.945143
0.420898 0.946893
0.422852 0.948615
0.424805 0.950309
0.426758 0.951976
0.428711 0.953616
0.430664 0.955227
0.432617 0.956811
0.43457 0.958368
0.436523 0.959896
0.438477 0.961396
0.44043 0.962869
0.442383 0.964313
0.444336 0.96573
0.446289 0.967118
0.448242 0.968479
0.450195 0.969811
0.452148 0.971115
0.454102 0.972391
0.456055 0.973638
0.458008 0.974857
0.459961 0.976048
0.461914 0.97721
0.463867 0.978344
0.46582 0.979449
0.467773 0.980525
0.469727 0.981573
0.47168 0.982593
0.473633 0.983583
0.475586 0.984545
0.477539 0.985478
0.479492 0.986382
0.481445 0.987257
0.483398 0.988103
0.485352 0.98892
0.487305 0.989708
0.489258 0.990467
0.491211 0.991196
0.493164 0.991897
0.495117 0.992568
0.49707 0.993209
0.499023 0.993822
0.500977 0.994405
0.50293 0.994958
0.504883 0.995482
0.506836 0.995976
0.508789 0.996441
0.510742 0.996876
0.512695 0.997281
0.514648 0.997657
0.516602 0.998002
0.518555 0.998318
0.520508 0.998603
0.522461 0.998859
0.524414 0.999085
0.526367 0.99928
0.52832 0.999446
0.530273 0.999581
0.532227 0.999685
0.53418 0.99976
0.536133 0.999804
0.538086 0.999818
0.540039 0.999801
0.541992 0.999754
0.543945 0.999676
0.545898 0.999567
0.547852 0.999428
0.549805 0.999258
0.551758 0.999057
0.553711 0.998825
0.555664 0.998562
0.557617 0.998268
0.55957 0.997944
0.561523 0.997588
0.563477 0.997201
0.56543 0.996782
0.567383 0.996333
0.569336 0.995852
0.571289 0.99534
0.573242 0.994796
0.575195 0.994221
0.577148 0.993614
0.579102 0.992976
0.581055 0.992306
0.583008 0.991604
0.584961 0.990871
0.586914 0.990106
0.588867 0.989308
0.59082 0.988479
0.592773 0.987618
0.594727 0.986725
0.59668 0.985799
0.598633 0.984842
0.600586 0.983852
0.602539 0.98283
0.604492 0.981775
0.606445 0.980688
0.608398 0.979568
0.610352 0.978416
0.612305 0.977232
0.614258 0.976014
0.616211 0.974764
0.618164 0.973481
0.620117 0.972166
0.62207 0.970817
0.624023 0.969435
0.625977 0.96802
0.62793 0.966573
0.629883 0.965092
0.631836 0.963577
0.633789 0.96203
0.635742 0.960449
0.637695 0.958834
0.639648 0.957187
0.641602 0.955505
0.643555 0.95379
0.645508 0.952041
0.647461 0.950259
0.649414 0.948443
0.651367 0.946593
0.65332 0.944709
0.655273 0.942791
0.657227 0.940838
0.65918 0.938852
0.661133 0.936832
0.663086 0.934777
0.665039 0.932688
0.666992 0.930564
0.668945 0.928406
0.670898 0.926214
0.672852 0.923987
0.674805 0.921725
0.676758 0.919428
0.678711 0.917097
0.680664 0.914731
0.682617 0.91233
0.68457 0.909894
0.686523 0.907422
0.688477 0.904916
0.69043 0.902374
0.692383 0.899797
0.694336 0.897185
0.696289 0.894538
0.698242 0.891854
0.700195 0.889136
0.702148 0.886381
0.704102 0.883591
0.706055 0.880765
0.708008 0.877904
0.709961 0.875006
0.711914 0.872072
0.713867 0.869103
0.71582 0.866097
0.717773 0.863055
0.719727 0.859976
0.72168 0.856862
0.723633 0.85371
0.725586 0.850523
0.727539 0.847299
0.729492 0.844038
0.731445 0.84074
0.733398 0.837406
0.735352 0.834034
0.737305 0.830626
0.739258 0.827181
0.741211 0.823698
0.743164 0.820179
0.745117 0.816622
0.74707 0.813028
0.749023 0.809396
0.750977 0.805727
0.75293 0.802021
0.754883 0.798276
0.756836 0.794494
0.758789 0.790675
0.760742 0.786817
0.762695 0.782921
0.764648 0.778988
0.766602 0.775016
0.768555 0.771006
0.770508 0.766958
0.772461 0.762871
0.774414 0.758746
0.776367 0.754583
0.77832 0.75038
0.780273 0.74614
0.782227 0.74186
0.78418 0.737542
0.786133 0.733184
0.788086 0.728788
0.790039 0.724353
0.791992 0.719878
0.793945 0.715364
0.795898 0.710811
0.797852 0.706218
0.799805 0.701586
0.801758 0.696914
0.803711 0.692203
0.805664 0.687452
0.807617 0.682661
0.80957 0.67783
0.811523 0.672959
0.813477 0.668048
0.81543 0.663096
0.817383 0.658105
0.819336 0.653073
0.821289 0.648001
0.823242 0.642888
0.825195 0.637734
0.827148 0.63254
0.829102 0.627305
0.831055 0.622029
0.833008 0.616712
0.834961 0.611354
0.836914 0.605955
0.838867 0.600514
0.84082 0.595032
0.842773 0.589509
0.844727 0.583944
0.84668 0.578338
0.848633 0.57269
0.850586 0.567
0.852539 0.561268
0.854492 0.555494
0.856445 0.549678
0.858398 0.54382
0.860352 0.537919
0.862305 0.531976
0.864258 0.525991
0.866211 0.519963
0.868164 0.513893
0.870117 0.507779
0.87207 0.501623
0.874023 0.495424
0.875977 0.489182
0.87793 0.482896
0.879883 0.476568
0.881836 0.470196
0.883789 0.463781
0.885742 0.457322
0.887695 0.450819
0.889648 0.444273
0.891602 0.437683
0.893555 0.431048
0.895508 0.42437
0.897461 0.417648
0.899414 0.410881
0.901367 0.40407
0.90332 0.397215
0.905273 0.390315
0.907227 0.38337
0.90918 0.376381
0.911133 0.369346
0.913086 0.362267
0.915039 0.355143
0.916992 0.347973
0.918945 0.340758
0.920898 0.333498
0.922852 0.326192
0.924805 0.31884
0.926758 0.311443
0.928711 0.304
0.930664 0.296511
0.932617 0.288976
0.93457 0.281395
0.936523 0.273767
0.938477 0.266093
0.94043 0.258373
0.942383 0.250606
0.944336 0.242792
0.946289 0.234931
0.948242 0.227024
0.950195 0.219069
0.952148 0.211067
0.954102 0.203018
0.956055 0.194922
0.958008 0.186777
0.959961 0.178586
0.961914 0.170346
0.963867 0.162059
0.96582 0.153723
0.967773 0.14534
0.969727 0.136908
0.97168 0.128428
0.973633 0.119899
0.975586 0.111322
0.977539 0.102696
0.979492 0.0940216
0.981445 0.0852979
0.983398 0.0765251
0.985352 0.0677031
0.987305 0.0588318
0.989258 0.049911
0.991211 0.0409407
0.993164 0.0319207
0.995117 0.0228512
0.99707 0.0137352
0.999023 0.00458309
1 0
