0 0
0.000976562 0.00314978
0.00292969 0.00944612
0.00488281 0.0157335
0.00683594 0.022008
0.00878906 0.0282675
0.0107422 0.0345109
0.0126953 0.0407381
0.0146484 0.0469488
0.0166016 0.0531431
0.0185547 0.0593209
0.0205078 0.0654822
0.0224609 0.071627
0.0244141 0.0777552
0.0263672 0.0838668
0.0283203 0.0899617
0.0302734 0.09604
0.0322266 0.102102
0.0341797 0.108146
0.0361328 0.114175
0.0380859 0.120186
0.0400391 0.12618
0.0419922 0.132158
0.0439453 0.138119
0.0458984 0.144063
0.0478516 0.14999
0.0498047 0.1559
0.0517578 0.161793
0.0537109 0.167669
0.0556641 0.173528
0.0576172 0.179369
0.0595703 0.185194
0.0615234 0.191002
0.0634766 0.196792
0.0654297 0.202565
0.0673828 0.208321
0.0693359 0.21406
0.0712891 0.219781
0.0732422 0.225485
0.0751953 0.231171
0.0771484 0.23684
0.0791016 0.242492
0.0810547 0.248126
0.0830078 0.253743
0.0849609 0.259342
0.0869141 0.264923
0.0888672 0.270487
0.0908203 0.276034
0.0927734 0.281562
0.0947266 0.287073
0.0966797 0.292566
0.0986328 0.298042
0.100586 0.303499
0.102539 0.308939
0.104492 0.314361
0.106445 0.319764
0.108398 0.32515
0.110352 0.330518
0.112305 0.335868
0.114258 0.3412
0.116211 0.346514
0.118164 0.351809
0.120117 0.357087
0.12207 0.362346
0.124023 0.367587
0.125977 0.37281
0.12793 0.378015
0.129883 0.383201
0.131836 0.388369
0.133789 0.393518
0.135742 0.398649
0.137695 0.403761
0.139648 0.408855
0.141602 0.413931
0.143555 0.418988
0.145508 0.424026
0.147461 0.429045
0.149414 0.434046
0.151367 0.439028
0.15332 0.443992
0.155273 0.448936
0.157227 0.453862
0.15918 0.458769
0.161133 0.463656
0.163086 0.468525
0.165039 0.473375
0.166992 0.478206
0.168945 0.483018
0.170898 0.487811
0.172852 0.492584
0.174805 0.497338
0.176758 0.502074
0.178711 0.506789
0.180664 0.511486
0.182617 0.516163
0.18457 0.520821
0.186523 0.52546
0.188477 0.530078
0.19043 0.534678
0.192383 0.539258
0.194336 0.543818
0.196289 0.548359
0.198242 0.55288
0.200195 0.557381
0.202148 0.561863
0.204102 0.566325
0.206055 0.570767
0.208008 0.575189
0.209961 0.579591
0.211914 0.583974
0.213867 0.588336
0.21582 0.592679
0.217773 0.597001
0.219727 0.601303
0.22168 0.605585
0.223633 0.609847
0.225586 0.614088
0.227539 0.61831
0.229492 0.622511
0.231445 0.626691
0.233398 0.630852
0.235352 0.634991
0.237305 0.639111
0.239258 0.64321
0.241211 0.647288
0.243164 0.651345
0.245117 0.655382
0.24707 0.659399
0.249023 0.663394
0.250977 0.667369
0.25293 0.671323
0.254883 0.675256
0.256836 0.679168
0.258789 0.683059
0.260742 0.686929
0.262695 0.690778
0.264648 0.694606
0.266602 0.698413
0.268555 0.702198
0.270508 0.705963
0.272461 0.709706
0.274414 0.713427
0.276367 0.717128
0.27832 0.720807
0.280273 0.724464
0.282227 0.7281
0.28418 0.731714
0.286133 0.735307
0.288086 0.738878
0.290039 0.742428
0.291992 0.745955
0.293945 0.749461
0.295898 0.752945
0.297852 0.756407
0.299805 0.759848
0.301758 0.763266
0.303711 0.766662
0.305664 0.770036
0.307617 0.773388
0.30957 0.776718
0.311523 0.780025
0.313477 0.78331
0.31543 0.786573
0.317383 0.789814
0.319336 0.793032
0.321289 0.796227
0.323242 0.7994
0.325195 0.802551
0.327148 0.805679
0.329102 0.808784
0.331055 0.811866
0.333008 0.814926
0.334961 0.817963
0.336914 0.820977
0.338867 0.823967
0.34082 0.826935
0.342773 0.82988
0.344727 0.832802
0.34668 0.835701
0.348633 0.838576
0.350586 0.841428
0.352539 0.844257
0.354492 0.847063
0.356445 0.849845
0.358398 0.852603
0.360352 0.855338
0.362305 0.85805
0.364258 0.860738
0.366211 0.863402
0.368164 0.866042
0.370117 0.868659
0.37207 0.871252
0.374023 0.87382
0.375977 0.876365
0.37793 0.878886
0.379883 0.881383
0.381836 0.883855
0.383789 0.886304
0.385742 0.888728
0.387695 0.891128
0.389648 0.893503
0.391602 0.895854
0.393555 0.898181
0.395508 0.900483
0.397461 0.902761
0.399414 0.905013
0.401367 0.907241
0.40332 0.909445
0.405273 0.911623
0.407227 0.913777
0.40918 0.915905
0.411133 0.918009
0.413086 0.920087
0.415039 0.922141
0.416992 0.924169
0.418945 0.926172
0.420898 0.92815
0.422852 0.930102
0.424805 0.932029
0.426758 0.93393
0.428711 0.935806
0.430664 0.937656
0.432617 0.93948
0.43457 0.941279
0.436523 0.943051
0.438477 0.944798
0.44043 0.946519
0.442383 0.948214
0.444336 0.949883
0.446289 0.951526
0.448242 0.953143
0.450195 0.954733
0.452148 0.956297
0.454102 0.957834
0.456055 0.959346
0.458008 0.96083
0.459961 0.962288
0.461914 0.963719
0.463867 0.965124
0.46582 0.966502
0.467773 0.967853
0.469727 0.969177
0.47168 0.970473
0.473633 0.971743
0.475586 0.972986
0.477539 0.974202
0.479492 0.97539
0.481445 0.976551
0.483398 0.977684
0.485352 0.97879
0.487305 0.979869
0.489258 0.980919
0.491211 0.981942
0.493164 0.982938
0.495117 0.983905
0.49707 0.984845
0.499023 0.985756
0.500977 0.98664
0.50293 0.987495
0.504883 0.988322
0.506836 0.989121
0.508789 0.989891
0.510742 0.990633
0.512695 0.991347
0.514648 0.992032
0.516602 0.992688
0.518555 0.993315
0.520508 0.993914
0.522461 0.994484
0.524414 0.995025
0.526367 0.995536
0.52832 0.996019
0.530273 0.996473
0.532227 0.996897
0.53418 0.997292
0.536133 0.997657
0.538086 0.997993
0.540039 0.998299
0.541992 0.998576
0.543945 0.998822
0.545898 0.999039
0.547852 0.999226
0.549805 0.999383
0.551758 0.99951
0.553711 0.999607
0.555664 0.999674
0.557617 0.99971
0.55957 0.999716
0.561523 0.999691
0.563477 0.999636
0.56543 0.99955
0.567383 0.999433
0.569336 0.999286
0.571289 0.999107
0.573242 0.998898
0.575195 0.998657
0.577148 0.998385
0.579102 0.998082
0.581055 0.997748
0.583008 0.997382
0.584961 0.996985
0.586914 0.996555
0.588867 0.996095
0.59082 0.995602
0.592773 0.995078
0.594727 0.994521
0.59668 0.993933
0.598633 0.993312
0.600586 0.992659
0.602539 0.991974
0.604492 0.991256
0.606445 0.990505
0.608398 0.989722
0.610352 0.988907
0.612305 0.988058
0.614258 0.987177
0.616211 0.986262
0.618164 0.985315
0.620117 0.984334
0.62207 0.98332
0.624023 0.982272
0.625977 0.981191
0.62793 0.980076
0.629883 0.978928
0.631836 0.977746
0.633789 0.976529
0.635742 0.975279
0.637695 0.973995
0.639648 0.972677
0.641602 0.971324
0.643555 0.969937
0.645508 0.968515
0.647461 0.967059
0.649414 0.965567
0.651367 0.964041
0.65332 0.962481
0.655273 0.960885
0.657227 0.959254
0.65918 0.957587
0.661133 0.955886
0.663086 0.954148
0.665039 0.952376
0.666992 0.950567
0.668945 0.948723
0.670898 0.946843
0.672852 0.944926
0.674805 0.942974
0.676758 0.940985
0.678711 0.93896
0.680664 0.936899
0.682617 0.934801
0.68457 0.932666
0.686523 0.930494
0.688477 0.928286
0.69043 0.92604
0.692383 0.923757
0.694336 0.921437
0.696289 0.91908
0.698242 0.916685
0.700195 0.914252
0.702148 0.911781
0.704102 0.909273
0.706055 0.906727
0.708008 0.904142
0.709961 0.901519
0.711914 0.898858
0.713867 0.896158
0.71582 0.89342
0.717773 0.890643
0.719727 0.887827
0.72168 0.884972
0.723633 0.882077
0.725586 0.879144
0.727539 0.876171
0.729492 0.873159
0.731445 0.870107
0.733398 0.867015
0.735352 0.863883
0.737305 0.860711
0.739258 0.857499
0.741211 0.854247
0.743164 0.850954
0.745117 0.84762
0.74707 0.844246
0.749023 0.840831
0.750977 0.837375
0.75293 0.833878
0.754883 0.830339
0.756836 0.826759
0.758789 0.823137
0.760742 0.819474
0.762695 0.815769
0.764648 0.812022
0.766602 0.808232
0.768555 0.804401
0.770508 0.800526
0.772461 0.79661
0.774414 0.79265
0.776367 0.788648
0.77832 0.784602
0.780273 0.780514
0.782227 0.776382
0.78418 0.772206
0.786133 0.767987
0.788086 0.763724
0.790039 0.759417
0.791992 0.755066
0.793945 0.750671
0.795898 0.746231
0.797852 0.741747
0.799805 0.737217
0.801758 0.732643
0.803711 0.728024
0.805664 0.72336
0.807617 0.71865
0.80957 0.713894
0.811523 0.709093
0.813477 0.704246
0.81543 0.699353
0.817383 0.694413
0.819336 0.689427
0.821289 0.684395
0.823242 0.679315
0.825195 0.674189
0.827148 0.669016
0.829102 0.663795
0.831055 0.658527
0.833008 0.653211
0.834961 0.647847
0.836914 0.642436
0.838867 0.636976
0.84082 0.631468
0.842773 0.625911
0.844727 0.620305
0.84668 0.61465
0.848633 0.608947
0.850586 0.603194
0.852539 0.597391
0.854492 0.591539
0.856445 0.585637
0.858398 0.579685
0.860352 0.573682
0.862305 0.567629
0.864258 0.561525
0.866211 0.555371
0.868164 0.549165
0.870117 0.542908
0.87207 0.5366
0.874023 0.530239
0.875977 0.523827
0.87793 0.517363
0.879883 0.510847
0.881836 0.504277
0.883789 0.497656
0.885742 0.490981
0.887695 0.484253
0.889648 0.477472
0.891602 0.470637
0.893555 0.463748
0.895508 0.456805
0.897461 0.449808
0.899414 0.442756
0.901367 0.43565
0.90332 0.428488
0.905273 0.421272
0.907227 0.414
0.90918 0.406672
0.911133 0.399289
0.913086 0.391849
0.915039 0.384353
0.916992 0.376801
0.918945 0.369191
0.920898 0.361525
0.922852 0.353801
0.924805 0.34602
0.926758 0.338181
0.928711 0.330283
0.930664 0.322328
0.932617 0.314314
0.93457 0.306241
0.936523 0.298108
0.938477 0.289917
0.94043 0.281666
0.942383 0.273355
0.944336 0.264984
0.946289 0.256552
0.948242 0.24806
0.950195 0.239507
0.952148 0.230893
0.954102 0.222217
0.956055 0.213479
0.958008 0.204679
0.959961 0.195817
0.961914 0.186893
0.963867 0.177905
0.96582 0.168854
0.967773 0.15974
0.969727 0.150562
0.97168 0.14132
0.973633 0.132013
0.975586 0.122642
0.977539 0.113206
0.979492 0.103704
0.981445 0.0941373
0.983398 0.0845043
0.985352 0.0748051
0.987305 0.0650394
0.989258 0.0552068
0.991211 0.045307
0.993164 0.03534
0.995117 0.025307
0.99707 0.015214
0.999023 0.00507684
1 0
