0 0
0.000976562 0.00310947
0.00292969 0.00932541
0.00488281 0.015533
0.00683594 0.0217284
0.00878906 0.0279096
0.0107422 0.0340754
0.0126953 0.0402256
0.0146484 0.04636
0.0166016 0.0524785
0.0185547 0.0585812
0.0205078 0.064668
0.0224609 0.0707388
0.0244141 0.0767937
0.0263672 0.0828326
0.0283203 0.0888555
0.0302734 0.0948623
0.0322266 0.100853
0.0341797 0.106828
0.0361328 0.112786
0.0380859 0.118728
0.0400391 0.124655
0.0419922 0.130564
0.0439453 0.136458
0.0458984 0.142335
0.0478516 0.148196
0.0498047 0.154041
0.0517578 0.159869
0.0537109 0.165681
0.0556641 0.171476
0.0576172 0.177255
0.0595703 0.183017
0.0615234 0.188763
0.0634766 0.194492
0.0654297 0.200205
0.0673828 0.205901
0.0693359 0.21158
0.0712891 0.217243
0.0732422 0.222888
0.0751953 0.228517
0.0771484 0.23413
0.0791016 0.239725
0.0810547 0.245304
0.0830078 0.250865
0.0849609 0.25641
0.0869141 0.261937
0.0888672 0.267448
0.0908203 0.272942
0.0927734 0.278418
0.0947266 0.283878
0.0966797 0.28932
0.0986328 0.294745
0.100586 0.300153
0.102539 0.305544
0.104492 0.310917
0.106445 0.316273
0.108398 0.321612
0.110352 0.326933
0.112305 0.332237
0.114258 0.337523
0.116211 0.342792
0.118164 0.348044
0.120117 0.353278
0.12207 0.358494
0.124023 0.363693
0.125977 0.368874
0.12793 0.374037
0.129883 0.379182
0.131836 0.38431
0.133789 0.38942
0.135742 0.394512
0.137695 0.399586
0.139648 0.404643
0.141602 0.409681
0.143555 0.414701
0.145508 0.419704
0.147461 0.424688
0.149414 0.429654
0.151367 0.434602
0.15332 0.439532
0.155273 0.444444
0.157227 0.449337
0.15918 0.454212
0.161133 0.459069
0.163086 0.463907
0.165039 0.468727
0.166992 0.473529
0.168945 0.478312
0.170898 0.483076
0.172852 0.487822
0.174805 0.49255
0.176758 0.497258
0.178711 0.501949
0.180664 0.50662
0.182617 0.511272
0.18457 0.515906
0.186523 0.520521
0.188477 0.525117
0.19043 0.529694
0.192383 0.534253
0.194336 0.538792
0.196289 0.543312
0.198242 0.547813
0.200195 0.552295
0.202148 0.556758
0.204102 0.561202
0.206055 0.565626
0.208008 0.570031
0.209961 0.574417
0.211914 0.578783
0.213867 0.58313
0.21582 0.587458
0.217773 0.591766
0.219727 0.596054
0.22168 0.600323
0.223633 0.604573
0.225586 0.608802
0.227539 0.613012
0.229492 0.617203
0.231445 0.621373
0.233398 0.625524
0.235352 0.629654
0.237305 0.633765
0.239258 0.637856
0.241211 0.641927
0.243164 0.645978
0.245117 0.650008
0.24707 0.654019
0.249023 0.658009
0.250977 0.661979
0.25293 0.665929
0.254883 0.669859
0.256836 0.673768
0.258789 0.677657
0.260742 0.681525
0.262695 0.685373
0.264648 0.6892
0.266602 0.693007
0.268555 0.696793
0.270508 0.700558
0.272461 0.704303
0.274414 0.708026
0.276367 0.711729
0.27832 0.715411
0.280273 0.719073
0.282227 0.722713
0.28418 0.726332
0.286133 0.72993
0.288086 0.733507
0.290039 0.737063
0.291992 0.740598
0.293945 0.744111
0.295898 0.747603
0.297852 0.751074
0.299805 0.754523
0.301758 0.757951
0.303711 0.761357
0.305664 0.764742
0.307617 0.768105
0.30957 0.771447
0.311523 0.774766
0.313477 0.778065
0.31543 0.781341
0.317383 0.784595
0.319336 0.787828
0.321289 0.791038
0.323242 0.794227
0.325195 0.797393
0.327148 0.800537
0.329102 0.803659
0.331055 0.806759
0.333008 0.809837
0.334961 0.812892
0.336914 0.815925
0.338867 0.818936
0.34082 0.821924
0.342773 0.824889
0.344727 0.827832
0.34668 0.830752
0.348633 0.833649
0.350586 0.836524
0.352539 0.839376
0.354492 0.842205
0.356445 0.845011
0.358398 0.847794
0.360352 0.850554
0.362305 0.853291
0.364258 0.856005
0.366211 0.858696
0.368164 0.861363
0.370117 0.864007
0.37207 0.866628
0.374023 0.869225
0.375977 0.871799
0.37793 0.874349
0.379883 0.876876
0.381836 0.879379
0.383789 0.881858
0.385742 0.884313
0.387695 0.886745
0.389648 0.889152
0.391602 0.891536
0.393555 0.893896
0.395508 0.896231
0.397461 0.898543
0.399414 0.90083
0.401367 0.903093
0.40332 0.905332
0.405273 0.907546
0.407227 0.909736
0.40918 0.911901
0.411133 0.914042
0.413086 0.916158
0.415039 0.918249
0.416992 0.920316
0.418945 0.922357
0.420898 0.924374
0.422852 0.926366
0.424805 0.928333
0.426758 0.930275
0.428711 0.932192
0.430664 0.934083
0.432617 0.935949
0.43457 0.93779
0.436523 0.939606
0.438477 0.941396
0.44043 0.94316
0.442383 0.944899
0.444336 0.946612
0.446289 0.9483
0.448242 0.949961
0.450195 0.951597
0.452148 0.953207
0.454102 0.95479
0.456055 0.956348
0.458008 0.95788
0.459961 0.959385
0.461914 0.960864
0.463867 0.962317
0.46582 0.963743
0.467773 0.965143
0.469727 0.966516
0.47168 0.967862
0.473633 0.969182
0.475586 0.970475
0.477539 0.971741
0.479492 0.97298
0.481445 0.974193
0.483398 0.975378
0.485352 0.976536
0.487305 0.977666
0.489258 0.97877
0.491211 0.979846
0.493164 0.980894
0.495117 0.981915
0.49707 0.982909
0.499023 0.983875
0.500977 0.984813
0.50293 0.985723
0.504883 0.986605
0.506836 0.987459
0.508789 0.988286
0.510742 0.989084
0.512695 0.989854
0.514648 0.990595
0.516602 0.991308
0.518555 0.991993
0.520508 0.992649
0.522461 0.993277
0.524414 0.993876
0.526367 0.994446
0.52832 0.994987
0.530273 0.995499
0.532227 0.995982
0.53418 0.996437
0.536133 0.996861
0.538086 0.997257
0.540039 0.997623
0.541992 0.99796
0.543945 0.998268
0.545898 0.998545
0.547852 0.998793
0.549805 0.999011
0.551758 0.9992
0.553711 0.999358
0.555664 0.999486
0.557617 0.999584
0.55957 0.999652
0.561523 0.99969
0.563477 0.999697
0.56543 0.999674
0.567383 0.99962
0.569336 0.999535
0.571289 0.99942
0.573242 0.999274
0.575195 0.999097
0.577148 0.998888
0.579102 0.998649
0.581055 0.998379
0.583008 0.998077
0.584961 0.997743
0.586914 0.997379
0.588867 0.996982
0.59082 0.996554
0.592773 0.996094
0.594727 0.995602
0.59668 0.995078
0.598633 0.994523
0.600586 0.993934
0.602539 0.993314
0.604492 0.992661
0.606445 0.991976
0.608398 0.991258
0.610352 0.990508
0.612305 0.989724
0.614258 0.988908
0.616211 0.988059
0.618164 0.987177
0.620117 0.986261
0.62207 0.985312
0.624023 0.98433
0.625977 0.983314
0.62793 0.982265
0.629883 0.981182
0.631836 0.980065
0.633789 0.978914
0.635742 0.977729
0.637695 0.97651
0.639648 0.975257
0.641602 0.973969
0.643555 0.972647
0.645508 0.97129
0.647461 0.969899
0.649414 0.968472
0.651367 0.967011
0.65332 0.965515
0.655273 0.963983
0.657227 0.962417
0.65918 0.960814
0.661133 0.959177
0.663086 0.957504
0.665039 0.955795
0.666992 0.95405
0.668945 0.952269
0.670898 0.950452
0.672852 0.948599
0.674805 0.946709
0.676758 0.944783
0.678711 0.942821
0.680664 0.940822
0.682617 0.938785
0.68457 0.936712
0.686523 0.934602
0.688477 0.932455
0.69043 0.93027
0.692383 0.928048
0.694336 0.925789
0.696289 0.923491
0.698242 0.921156
0.700195 0.918783
0.702148 0.916372
0.704102 0.913922
0.706055 0.911434
0.708008 0.908908
0.709961 0.906343
0.711914 0.903739
0.713867 0.901096
0.71582 0.898415
0.717773 0.895694
0.719727 0.892934
0.72168 0.890134
0.723633 0.887295
0.725586 0.884416
0.727539 0.881497
0.729492 0.878538
0.731445 0.875539
0.733398 0.8725
0.735352 0.86942
0.737305 0.8663
0.739258 0.863139
0.741211 0.859937
0.743164 0.856694
0.745117 0.85341
0.74707 0.850084
0.749023 0.846717
0.750977 0.843309
0.75293 0.839858
0.754883 0.836366
0.756836 0.832832
0.758789 0.829255
0.760742 0.825636
0.762695 0.821974
0.764648 0.81827
0.766602 0.814523
0.768555 0.810732
0.770508 0.806899
0.772461 0.803022
0.774414 0.799102
0.776367 0.795138
0.77832 0.79113
0.780273 0.787078
0.782227 0.782982
0.78418 0.778841
0.786133 0.774656
0.788086 0.770426
0.790039 0.766152
0.791992 0.761832
0.793945 0.757467
0.795898 0.753057
0.797852 0.748601
0.799805 0.744099
0.801758 0.739552
0.803711 0.734958
0.805664 0.730318
0.807617 0.725632
0.80957 0.720899
0.811523 0.716119
0.813477 0.711292
0.81543 0.706417
0.817383 0.701496
0.819336 0.696526
0.821289 0.691509
0.823242 0.686444
0.825195 0.681331
0.827148 0.67617
0.829102 0.670959
0.831055 0.6657
0.833008 0.660393
0.834961 0.655035
0.836914 0.649629
0.838867 0.644173
0.84082 0.638667
0.842773 0.633111
0.844727 0.627505
0.84668 0.621849
0.848633 0.616142
0.850586 0.610384
0.852539 0.604575
0.854492 0.598714
0.856445 0.592803
0.858398 0.586839
0.860352 0.580824
0.862305 0.574756
0.864258 0.568637
0.866211 0.562464
0.868164 0.556239
0.870117 0.54996
0.87207 0.543629
0.874023 0.537244
0.875977 0.530805
0.87793 0.524312
0.879883 0.517765
0.881836 0.511163
0.883789 0.504507
0.885742 0.497796
0.887695 0.491029
0.889648 0.484207
0.891602 0.47733
0.893555 0.470396
0.895508 0.463407
0.897461 0.456361
0.899414 0.449258
0.901367 0.442098
0.90332 0.434881
0.905273 0.427607
0.907227 0.420275
0.90918 0.412884
0.911133 0.405436
0.913086 0.397929
0.915039 0.390363
0.916992 0.382738
0.918945 0.375054
0.920898 0.36731
0.922852 0.359506
0.924805 0.351642
0.926758 0.343717
0.928711 0.335732
0.930664 0.327685
0.932617 0.319578
0.93457 0.311408
0.936523 0.303177
0.938477 0.294883
0.94043 0.286527
0.942383 0.278107
0.944336 0.269625
0.946289 0.261079
0.948242 0.252469
0.950195 0.243796
0.952148 0.235057
0.954102 0.226254
0.956055 0.217386
0.958008 0.208453
0.959961 0.199453
0.961914 0.190388
0.963867 0.181256
0.96582 0.172058
0.967773 0.162792
0.969727 0.153459
0.97168 0.144059
0.973633 0.13459
0.975586 0.125052
0.977539 0.115446
0.979492 0.105771
0.981445 0.0960259
0.983398 0.0862111
0.985352 0.0763259
0.987305 0.0663701
0.989258 0.0563432
0.991211 0.046245
0.993164 0.0360752
0.995117 0.0258355
0.99707 0.0155325
0.999023 0.00518327
1 0
