0 0
0.000976562 0.00292261
0.00292969 0.00876569
0.00488281 0.0146027
0.00683594 0.0204307
0.00878906 0.0262474
0.0107422 0.032052
0.0126953 0.0378437
0.0146484 0.0436223
0.0166016 0.0493877
0.0185547 0.0551399
0.0205078 0.0608789
0.0224609 0.0666045
0.0244141 0.0723169
0.0263672 0.0780159
0.0283203 0.0837015
0.0302734 0.0893738
0.0322266 0.0950326
0.0341797 0.100678
0.0361328 0.10631
0.0380859 0.111928
0.0400391 0.117533
0.0419922 0.123124
0.0439453 0.128702
0.0458984 0.134265
0.0478516 0.139816
0.0498047 0.145352
0.0517578 0.150875
0.0537109 0.156384
0.0556641 0.161879
0.0576172 0.167361
0.0595703 0.172828
0.0615234 0.178282
0.0634766 0.183722
0.0654297 0.189147
0.0673828 0.194559
0.0693359 0.199957
0.0712891 0.205341
0.0732422 0.21071
0.0751953 0.216066
0.0771484 0.221407
0.0791016 0.226734
0.0810547 0.232047
0.0830078 0.237346
0.0849609 0.24263
0.0869141 0.2479
0.0888672 0.253156
0.0908203 0.258398
0.0927734 0.263625
0.0947266 0.268837
0.0966797 0.274035
0.0986328 0.279219
0.100586 0.284388
0.102539 0.289542
0.104492 0.294682
0.106445 0.299807
0.108398 0.304918
0.110352 0.310013
0.112305 0.315094
0.114258 0.32016
0.116211 0.325212
0.118164 0.330248
0.120117 0.33527
0.12207 0.340277
0.124023 0.345268
0.125977 0.350245
0.12793 0.355207
0.129883 0.360153
0.131836 0.365085
0.133789 0.370001
0.135742 0.374902
0.137695 0.379788
0.139648 0.384659
0.141602 0.389514
0.143555 0.394354
0.145508 0.399179
0.147461 0.403988
0.149414 0.408782
0.151367 0.413561
0.15332 0.418323
0.155273 0.423071
0.157227 0.427802
0.15918 0.432518
0.161133 0.437219
0.163086 0.441904
0.165039 0.446572
0.166992 0.451226
0.168945 0.455863
0.170898 0.460484
0.172852 0.46509
0.174805 0.46968
0.176758 0.474253
0.178711 0.478811
0.180664 0.483352
0.182617 0.487878
0.18457 0.492387
0.186523 0.49688
0.188477 0.501357
0.19043 0.505817
0.192383 0.510262
0.194336 0.51469
0.196289 0.519101
0.198242 0.523496
0.200195 0.527875
0.202148 0.532237
0.204102 0.536583
0.206055 0.540912
0.208008 0.545224
0.209961 0.549519
0.211914 0.553798
0.213867 0.55806
0.21582 0.562306
0.217773 0.566534
0.219727 0.570746
0.22168 0.57494
0.223633 0.579118
0.225586 0.583278
0.227539 0.587422
0.229492 0.591548
0.231445 0.595657
0.233398 0.599749
0.235352 0.603824
0.237305 0.607881
0.239258 0.611921
0.241211 0.615944
0.243164 0.619949
0.245117 0.623937
0.24707 0.627907
0.249023 0.631859
0.250977 0.635794
0.25293 0.639712
0.254883 0.643611
0.256836 0.647493
0.258789 0.651357
0.260742 0.655203
0.262695 0.659031
0.264648 0.662841
0.266602 0.666633
0.268555 0.670407
0.270508 0.674163
0.272461 0.677901
0.274414 0.681621
0.276367 0.685322
0.27832 0.689005
0.280273 0.69267
0.282227 0.696316
0.28418 0.699944
0.286133 0.703553
0.288086 0.707144
0.290039 0.710716
0.291992 0.714269
0.293945 0.717804
0.295898 0.72132
0.297852 0.724817
0.299805 0.728295
0.301758 0.731755
0.303711 0.735195
0.305664 0.738616
0.307617 0.742019
0.30957 0.745402
0.311523 0.748766
0.313477 0.75211
0.31543 0.755435
0.317383 0.758741
0.319336 0.762028
0.321289 0.765295
0.323242 0.768542
0.325195 0.77177
0.327148 0.774979
0.329102 0.778167
0.331055 0.781336
0.333008 0.784485
0.334961 0.787614
0.336914 0.790724
0.338867 0.793813
0.34082 0.796882
0.342773 0.799931
0.344727 0.80296
0.34668 0.805969
0.348633 0.808957
0.350586 0.811925
0.352539 0.814873
0.354492 0.8178
0.356445 0.820707
0.358398 0.823593
0.360352 0.826459
0.362305 0.829303
0.364258 0.832127
0.366211 0.834931
0.368164 0.837713
0.370117 0.840474
0.37207 0.843215
0.374023 0.845934
0.375977 0.848632
0.37793 0.851309
0.379883 0.853965
0.381836 0.856599
0.383789 0.859212
0.385742 0.861803
0.387695 0.864373
0.389648 0.866922
0.391602 0.869448
0.393555 0.871953
0.395508 0.874436
0.397461 0.876898
0.399414 0.879337
0.401367 0.881754
0.40332 0.88415
0.405273 0.886523
0.407227 0.888874
0.40918 0.891202
0.411133 0.893509
0.413086 0.895793
0.415039 0.898054
0.416992 0.900293
0.418945 0.902509
0.420898 0.904703
0.422852 0.906873
0.424805 0.909021
0.426758 0.911146
0.428711 0.913248
0.430664 0.915327
0.432617 0.917383
0.43457 0.919415
0.436523 0.921425
0.438477 0.923411
0.44043 0.925373
0.442383 0.927312
0.444336 0.929227
0.446289 0.931119
0.448242 0.932987
0.450195 0.934831
0.452148 0.936651
0.454102 0.938448
0.456055 0.94022
0.458008 0.941968
0.459961 0.943692
0.461914 0.945391
0.463867 0.947066
0.46582 0.948717
0.467773 0.950343
0.469727 0.951944
0.47168 0.953521
0.473633 0.955073
0.475586 0.9566
0.477539 0.958102
0.479492 0.959579
0.481445 0.961031
0.483398 0.962458
0.485352 0.963859
0.487305 0.965235
0.489258 0.966586
0.491211 0.967911
0.493164 0.96921
0.495117 0.970484
0.49707 0.971731
0.499023 0.972953
0.500977 0.974149
0.50293 0.975319
0.504883 0.976462
0.506836 0.97758
0.508789 0.97867
0.510742 0.979735
0.512695 0.980773
0.514648 0.981784
0.516602 0.982768
0.518555 0.983726
0.520508 0.984656
0.522461 0.98556
0.524414 0.986436
0.526367 0.987285
0.52832 0.988107
0.530273 0.988902
0.532227 0.989668
0.53418 0.990408
0.536133 0.991119
0.538086 0.991803
0.540039 0.992459
0.541992 0.993086
0.543945 0.993686
0.545898 0.994257
0.547852 0.9948
0.549805 0.995315
0.551758 0.995801
0.553711 0.996258
0.555664 0.996686
0.557617 0.997086
0.55957 0.997457
0.561523 0.997798
0.563477 0.99811
0.56543 0.998393
0.567383 0.998647
0.569336 0.998871
0.571289 0.999065
0.573242 0.99923
0.575195 0.999365
0.577148 0.999469
0.579102 0.999544
0.581055 0.999588
0.583008 0.999602
0.584961 0.999586
0.586914 0.999539
0.588867 0.999461
0.59082 0.999353
0.592773 0.999213
0.594727 0.999043
0.59668 0.998841
0.598633 0.998608
0.600586 0.998344
0.602539 0.998048
0.604492 0.99772
0.606445 0.99736
0.608398 0.996969
0.610352 0.996545
0.612305 0.99609
0.614258 0.995602
0.616211 0.995081
0.618164 0.994528
0.620117 0.993942
0.62207 0.993324
0.624023 0.992672
0.625977 0.991987
0.62793 0.991269
0.629883 0.990518
0.631836 0.989733
0.633789 0.988914
0.635742 0.988062
0.637695 0.987175
0.639648 0.986255
0.641602 0.9853
0.643555 0.984311
0.645508 0.983287
0.647461 0.982229
0.649414 0.981135
0.651367 0.980007
0.65332 0.978844
0.655273 0.977645
0.657227 0.976411
0.65918 0.975142
0.661133 0.973836
0.663086 0.972495
0.665039 0.971118
0.666992 0.969704
0.668945 0.968254
0.670898 0.966768
0.672852 0.965245
0.674805 0.963685
0.676758 0.962088
0.678711 0.960454
0.680664 0.958782
0.682617 0.957073
0.68457 0.955327
0.686523 0.953542
0.688477 0.95172
0.69043 0.949859
0.692383 0.94796
0.694336 0.946022
0.696289 0.944046
0.698242 0.942031
0.700195 0.939977
0.702148 0.937883
0.704102 0.93575
0.706055 0.933577
0.708008 0.931365
0.709961 0.929113
0.711914 0.92682
0.713867 0.924487
0.71582 0.922114
0.717773 0.919699
0.719727 0.917244
0.72168 0.914748
0.723633 0.91221
0.725586 0.909631
0.727539 0.90701
0.729492 0.904347
0.731445 0.901642
0.733398 0.898895
0.735352 0.896105
0.737305 0.893272
0.739258 0.890397
0.741211 0.887478
0.743164 0.884516
0.745117 0.88151
0.74707 0.87846
0.749023 0.875367
0.750977 0.872229
0.75293 0.869046
0.754883 0.865819
0.756836 0.862547
0.758789 0.85923
0.760742 0.855867
0.762695 0.852459
0.764648 0.849005
0.766602 0.845505
0.768555 0.841958
0.770508 0.838365
0.772461 0.834725
0.774414 0.831038
0.776367 0.827303
0.77832 0.823521
0.780273 0.819691
0.782227 0.815814
0.78418 0.811887
0.786133 0.807913
0.788086 0.803889
0.790039 0.799816
0.791992 0.795694
0.793945 0.791522
0.795898 0.787301
0.797852 0.783029
0.799805 0.778706
0.801758 0.774333
0.803711 0.769909
0.805664 0.765434
0.807617 0.760907
0.80957 0.756328
0.811523 0.751697
0.813477 0.747013
0.81543 0.742277
0.817383 0.737488
0.819336 0.732645
0.821289 0.727749
0.823242 0.722798
0.825195 0.717793
0.827148 0.712734
0.829102 0.70762
0.831055 0.70245
0.833008 0.697225
0.834961 0.691944
0.836914 0.686607
0.838867 0.681214
0.84082 0.675763
0.842773 0.670255
0.844727 0.66469
0.84668 0.659066
0.848633 0.653385
0.850586 0.647644
0.852539 0.641845
0.854492 0.635986
0.856445 0.630068
0.858398 0.624089
0.860352 0.61805
0.862305 0.611951
0.864258 0.605789
0.866211 0.599567
0.868164 0.593282
0.870117 0.586935
0.87207 0.580525
0.874023 0.574052
0.875977 0.567515
0.87793 0.560915
0.879883 0.55425
0.881836 0.54752
0.883789 0.540724
0.885742 0.533863
0.887695 0.526936
0.889648 0.519942
0.891602 0.512882
0.893555 0.505753
0.895508 0.498557
0.897461 0.491293
0.899414 0.483959
0.901367 0.476557
0.90332 0.469084
0.905273 0.461541
0.907227 0.453927
0.90918 0.446243
0.911133 0.438486
0.913086 0.430657
0.915039 0.422755
0.916992 0.41478
0.918945 0.406731
0.920898 0.398608
0.922852 0.39041
0.924805 0.382136
0.926758 0.373787
0.928711 0.365361
0.930664 0.356857
0.932617 0.348277
0.93457 0.339617
0.936523 0.330879
0.938477 0.322062
0.94043 0.313165
0.942383 0.304187
0.944336 0.295127
0.946289 0.285986
0.948242 0.276762
0.950195 0.267455
0.952148 0.258065
0.954102 0.24859
0.956055 0.239029
0.958008 0.229383
0.959961 0.219651
0.961914 0.209831
0.963867 0.199924
0.96582 0.189927
0.967773 0.179842
0.969727 0.169666
0.97168 0.1594
0.973633 0.149042
0.975586 0.138592
0.977539 0.128049
0.979492 0.117412
0.981445 0.10668
0.983398 0.095853
0.985352 0.0849296
0.987305 0.073909
0.989258 0.0627905
0.991211 0.0515732
0.993164 0.0402572
0.995117 0.0288453
0.99707 0.0173483
0.999023 0.00579025
1 0
