0 0
0.000976562 0.00268863
0.00292969 0.00806452
0.00488281 0.0134364
0.00683594 0.0188021
0.00878906 0.0241599
0.0107422 0.0295088
0.0126953 0.034848
0.0146484 0.0401772
0.0166016 0.0454962
0.0185547 0.0508049
0.0205078 0.0561032
0.0224609 0.0613912
0.0244141 0.0666687
0.0263672 0.0719358
0.0283203 0.0771924
0.0302734 0.0824386
0.0322266 0.0876742
0.0341797 0.0928993
0.0361328 0.0981137
0.0380859 0.103318
0.0400391 0.108511
0.0419922 0.113693
0.0439453 0.118865
0.0458984 0.124027
0.0478516 0.129177
0.0498047 0.134317
0.0517578 0.139446
0.0537109 0.144564
0.0556641 0.149671
0.0576172 0.154767
0.0595703 0.159853
0.0615234 0.164927
0.0634766 0.169991
0.0654297 0.175043
0.0673828 0.180085
0.0693359 0.185115
0.0712891 0.190135
0.0732422 0.195143
0.0751953 0.20014
0.0771484 0.205126
0.0791016 0.210101
0.0810547 0.215065
0.0830078 0.220017
0.0849609 0.224958
0.0869141 0.229888
0.0888672 0.234806
0.0908203 0.239713
0.0927734 0.244608
0.0947266 0.249492
0.0966797 0.254365
0.0986328 0.259226
0.100586 0.264076
0.102539 0.268914
0.104492 0.27374
0.106445 0.278555
0.108398 0.283358
0.110352 0.28815
0.112305 0.29293
0.114258 0.297698
0.116211 0.302454
0.118164 0.307198
0.120117 0.311931
0.12207 0.316651
0.124023 0.32136
0.125977 0.326057
0.12793 0.330742
0.129883 0.335414
0.131836 0.340075
0.133789 0.344724
0.135742 0.34936
0.137695 0.353985
0.139648 0.358597
0.141602 0.363197
0.143555 0.367785
0.145508 0.37236
0.147461 0.376923
0.149414 0.381474
0.151367 0.386012
0.15332 0.390538
0.155273 0.395051
0.157227 0.399552
0.15918 0.404041
0.161133 0.408517
0.163086 0.41298
0.165039 0.41743
0.166992 0.421868
0.168945 0.426293
0.170898 0.430706
0.172852 0.435106
0.174805 0.439492
0.176758 0.443866
0.178711 0.448227
0.180664 0.452575
0.182617 0.45691
0.18457 0.461233
0.186523 0.465542
0.188477 0.469837
0.19043 0.47412
0.192383 0.47839
0.194336 0.482646
0.196289 0.486889
0.198242 0.491119
0.200195 0.495336
0.202148 0.499539
0.204102 0.503729
0.206055 0.507905
0.208008 0.512068
0.209961 0.516217
0.211914 0.520353
0.213867 0.524475
0.21582 0.528583
0.217773 0.532678
0.219727 0.536759
0.22168 0.540826
0.223633 0.54488
0.225586 0.548919
0.227539 0.552945
0.229492 0.556956
0.231445 0.560954
0.233398 0.564938
0.235352 0.568907
0.237305 0.572863
0.239258 0.576804
0.241211 0.580731
0.243164 0.584644
0.245117 0.588542
0.24707 0.592427
0.249023 0.596296
0.250977 0.600152
0.25293 0.603992
0.254883 0.607819
0.256836 0.61163
0.258789 0.615428
0.260742 0.61921
0.262695 0.622978
0.264648 0.626731
0.266602 0.630469
0.268555 0.634192
0.270508 0.6379
0.272461 0.641594
0.274414 0.645272
0.276367 0.648936
0.27832 0.652584
0.280273 0.656217
0.282227 0.659835
0.28418 0.663438
0.286133 0.667025
0.288086 0.670597
0.290039 0.674154
0.291992 0.677695
0.293945 0.681221
0.295898 0.684731
0.297852 0.688226
0.299805 0.691704
0.301758 0.695168
0.303711 0.698615
0.305664 0.702047
0.307617 0.705462
0.30957 0.708862
0.311523 0.712246
0.313477 0.715614
0.31543 0.718966
0.317383 0.722301
0.319336 0.725621
0.321289 0.728924
0.323242 0.732211
0.325195 0.735481
0.327148 0.738736
0.329102 0.741973
0.331055 0.745194
0.333008 0.748399
0.334961 0.751587
0.336914 0.754758
0.338867 0.757912
0.34082 0.76105
0.342773 0.764171
0.344727 0.767274
0.34668 0.770361
0.348633 0.773431
0.350586 0.776484
0.352539 0.779519
0.354492 0.782537
0.356445 0.785538
0.358398 0.788522
0.360352 0.791488
0.362305 0.794437
0.364258 0.797368
0.366211 0.800281
0.368164 0.803177
0.370117 0.806055
0.37207 0.808915
0.374023 0.811758
0.375977 0.814582
0.37793 0.817389
0.379883 0.820177
0.381836 0.822948
0.383789 0.8257
0.385742 0.828433
0.387695 0.831149
0.389648 0.833846
0.391602 0.836525
0.393555 0.839185
0.395508 0.841826
0.397461 0.844449
0.399414 0.847053
0.401367 0.849638
0.40332 0.852205
0.405273 0.854752
0.407227 0.85728
0.40918 0.85979
0.411133 0.86228
0.413086 0.86475
0.415039 0.867202
0.416992 0.869634
0.418945 0.872047
0.420898 0.87444
0.422852 0.876813
0.424805 0.879167
0.426758 0.881501
0.428711 0.883815
0.430664 0.886109
0.432617 0.888383
0.43457 0.890637
0.436523 0.892871
0.438477 0.895085
0.44043 0.897278
0.442383 0.899451
0.444336 0.901603
0.446289 0.903735
0.448242 0.905846
0.450195 0.907936
0.452148 0.910006
0.454102 0.912054
0.456055 0.914082
0.458008 0.916089
0.459961 0.918074
0.461914 0.920038
0.463867 0.921981
0.46582 0.923902
0.467773 0.925802
0.469727 0.92768
0.47168 0.929537
0.473633 0.931371
0.475586 0.933184
0.477539 0.934975
0.479492 0.936744
0.481445 0.93849
0.483398 0.940215
0.485352 0.941917
0.487305 0.943596
0.489258 0.945253
0.491211 0.946888
0.493164 0.9485
0.495117 0.950088
0.49707 0.951654
0.499023 0.953197
0.500977 0.954717
0.50293 0.956214
0.504883 0.957687
0.506836 0.959137
0.508789 0.960563
0.510742 0.961965
0.512695 0.963344
0.514648 0.964699
0.516602 0.96603
0.518555 0.967337
0.520508 0.96862
0.522461 0.969879
0.524414 0.971113
0.526367 0.972323
0.52832 0.973508
0.530273 0.974668
0.532227 0.975804
0.53418 0.976914
0.536133 0.978
0.538086 0.97906
0.540039 0.980095
0.541992 0.981105
0.543945 0.982089
0.545898 0.983048
0.547852 0.98398
0.549805 0.984887
0.551758 0.985768
0.553711 0.986623
0.555664 0.987451
0.557617 0.988253
0.55957 0.989029
0.561523 0.989778
0.563477 0.9905
0.56543 0.991195
0.567383 0.991864
0.569336 0.992505
0.571289 0.993119
0.573242 0.993705
0.575195 0.994264
0.577148 0.994795
0.579102 0.995299
0.581055 0.995774
0.583008 0.996221
0.584961 0.996641
0.586914 0.997031
0.588867 0.997394
0.59082 0.997727
0.592773 0.998032
0.594727 0.998308
0.59668 0.998555
0.598633 0.998772
0.600586 0.99896
0.602539 0.999119
0.604492 0.999248
0.606445 0.999347
0.608398 0.999416
0.610352 0.999455
0.612305 0.999463
0.614258 0.999441
0.616211 0.999389
0.618164 0.999306
0.620117 0.999191
0.62207 0.999046
0.624023 0.998869
0.625977 0.998661
0.62793 0.998421
0.629883 0.99815
0.631836 0.997846
0.633789 0.99751
0.635742 0.997142
0.637695 0.996742
0.639648 0.996309
0.641602 0.995843
0.643555 0.995344
0.645508 0.994811
0.647461 0.994246
0.649414 0.993646
0.651367 0.993013
0.65332 0.992346
0.655273 0.991645
0.657227 0.99091
0.65918 0.990139
0.661133 0.989335
0.663086 0.988495
0.665039 0.98762
0.666992 0.98671
0.668945 0.985764
0.670898 0.984782
0.672852 0.983765
0.674805 0.982711
0.676758 0.981621
0.678711 0.980494
0.680664 0.97933
0.682617 0.97813
0.68457 0.976892
0.686523 0.975616
0.688477 0.974303
0.69043 0.972952
0.692383 0.971562
0.694336 0.970135
0.696289 0.968668
0.698242 0.967163
0.700195 0.965618
0.702148 0.964035
0.704102 0.962411
0.706055 0.960748
0.708008 0.959044
0.709961 0.9573
0.711914 0.955516
0.713867 0.95369
0.71582 0.951824
0.717773 0.949916
0.719727 0.947966
0.72168 0.945974
0.723633 0.94394
0.725586 0.941864
0.727539 0.939744
0.729492 0.937582
0.731445 0.935376
0.733398 0.933127
0.735352 0.930833
0.737305 0.928495
0.739258 0.926113
0.741211 0.923686
0.743164 0.921214
0.745117 0.918696
0.74707 0.916132
0.749023 0.913523
0.750977 0.910867
0.75293 0.908164
0.754883 0.905414
0.756836 0.902616
0.758789 0.899771
0.760742 0.896878
0.762695 0.893936
0.764648 0.890946
0.766602 0.887906
0.768555 0.884817
0.770508 0.881678
0.772461 0.878489
0.774414 0.875249
0.776367 0.871958
0.77832 0.868616
0.780273 0.865222
0.782227 0.861776
0.78418 0.858277
0.786133 0.854725
0.788086 0.85112
0.790039 0.847462
0.791992 0.843749
0.793945 0.839981
0.795898 0.836159
0.797852 0.832281
0.799805 0.828347
0.801758 0.824357
0.803711 0.82031
0.805664 0.816206
0.807617 0.812044
0.80957 0.807823
0.811523 0.803545
0.813477 0.799207
0.81543 0.794809
0.817383 0.790351
0.819336 0.785833
0.821289 0.781254
0.823242 0.776613
0.825195 0.771909
0.827148 0.767143
0.829102 0.762314
0.831055 0.757421
0.833008 0.752463
0.834961 0.747441
0.836914 0.742353
0.838867 0.737199
0.84082 0.731979
0.842773 0.726691
0.844727 0.721335
0.84668 0.715911
0.848633 0.710417
0.850586 0.704854
0.852539 0.699221
0.854492 0.693516
0.856445 0.68774
0.858398 0.681891
0.860352 0.675969
0.862305 0.669974
0.864258 0.663903
0.866211 0.657758
0.868164 0.651537
0.870117 0.645239
0.87207 0.638863
0.874023 0.632409
0.875977 0.625877
0.87793 0.619264
0.879883 0.612571
0.881836 0.605796
0.883789 0.598939
0.885742 0.591999
0.887695 0.584975
0.889648 0.577866
0.891602 0.570671
0.893555 0.563389
0.895508 0.55602
0.897461 0.548562
0.899414 0.541014
0.901367 0.533376
0.90332 0.525646
0.905273 0.517824
0.907227 0.509908
0.90918 0.501897
0.911133 0.493791
0.913086 0.485587
0.915039 0.477286
0.916992 0.468885
0.918945 0.460384
0.920898 0.451781
0.922852 0.443076
0.924805 0.434267
0.926758 0.425352
0.928711 0.416331
0.930664 0.407202
0.932617 0.397963
0.93457 0.388614
0.936523 0.379153
0.938477 0.369578
0.94043 0.359889
0.942383 0.350082
0.944336 0.340158
0.946289 0.330114
0.948242 0.319949
0.950195 0.309662
0.952148 0.299249
0.954102 0.288711
0.956055 0.278044
0.958008 0.267247
0.959961 0.256319
0.961914 0.245257
0.963867 0.23406
0.96582 0.222725
0.967773 0.21125
0.969727 0.199634
0.97168 0.187874
0.973633 0.175968
0.975586 0.163914
0.977539 0.151709
0.979492 0.139351
0.981445 0.126838
0.983398 0.114167
0.985352 0.101335
0.987305 0.0883399
0.989258 0.0751791
0.991211 0.0618499
0.993164 0.0483515
0.995117 0.0346893
0.99707 0.0208825
0.999023 0.00697332
1 0
