0 0
0.000976562 0.00256146
0.00292969 0.0076833
0.00488281 0.012802
0.00683594 0.0179157
0.00878906 0.023023
0.0107422 0.0281228
0.0126953 0.0332146
0.0146484 0.0382978
0.0166016 0.0433723
0.0185547 0.0484379
0.0205078 0.0534946
0.0224609 0.0585423
0.0244141 0.0635809
0.0263672 0.0686105
0.0283203 0.0736311
0.0302734 0.0786425
0.0322266 0.0836448
0.0341797 0.088638
0.0361328 0.093622
0.0380859 0.0985968
0.0400391 0.103562
0.0419922 0.108519
0.0439453 0.113466
0.0458984 0.118404
0.0478516 0.123332
0.0498047 0.128251
0.0517578 0.133161
0.0537109 0.138061
0.0556641 0.142952
0.0576172 0.147834
0.0595703 0.152706
0.0615234 0.157568
0.0634766 0.162421
0.0654297 0.167264
0.0673828 0.172098
0.0693359 0.176922
0.0712891 0.181737
0.0732422 0.186542
0.0751953 0.191337
0.0771484 0.196123
0.0791016 0.200898
0.0810547 0.205664
0.0830078 0.210421
0.0849609 0.215167
0.0869141 0.219904
0.0888672 0.22463
0.0908203 0.229347
0.0927734 0.234054
0.0947266 0.238751
0.0966797 0.243437
0.0986328 0.248114
0.100586 0.252781
0.102539 0.257438
0.104492 0.262084
0.106445 0.266721
0.108398 0.271347
0.110352 0.275963
0.112305 0.280569
0.114258 0.285165
0.116211 0.28975
0.118164 0.294325
0.120117 0.29889
0.12207 0.303444
0.124023 0.307988
0.125977 0.312521
0.12793 0.317044
0.129883 0.321557
0.131836 0.326058
0.133789 0.33055
0.135742 0.335031
0.137695 0.339501
0.139648 0.34396
0.141602 0.348409
0.143555 0.352847
0.145508 0.357274
0.147461 0.361691
0.149414 0.366097
0.151367 0.370492
0.15332 0.374876
0.155273 0.379249
0.157227 0.383611
0.15918 0.387962
0.161133 0.392302
0.163086 0.396631
0.165039 0.400949
0.166992 0.405256
0.168945 0.409552
0.170898 0.413836
0.172852 0.41811
0.174805 0.422372
0.176758 0.426622
0.178711 0.430862
0.180664 0.43509
0.182617 0.439307
0.18457 0.443512
0.186523 0.447706
0.188477 0.451888
0.19043 0.456059
0.192383 0.460218
0.194336 0.464366
0.196289 0.468502
0.198242 0.472626
0.200195 0.476738
0.202148 0.480839
0.204102 0.484928
0.206055 0.489005
0.208008 0.49307
0.209961 0.497124
0.211914 0.501165
0.213867 0.505194
0.21582 0.509212
0.217773 0.513217
0.219727 0.51721
0.22168 0.521191
0.223633 0.52516
0.225586 0.529117
0.227539 0.533061
0.229492 0.536993
0.231445 0.540913
0.233398 0.54482
0.235352 0.548715
0.237305 0.552597
0.239258 0.556467
0.241211 0.560325
0.243164 0.56417
0.245117 0.568002
0.24707 0.571821
0.249023 0.575628
0.250977 0.579422
0.25293 0.583203
0.254883 0.586971
0.256836 0.590727
0.258789 0.594469
0.260742 0.598199
0.262695 0.601915
0.264648 0.605618
0.266602 0.609309
0.268555 0.612986
0.270508 0.61665
0.272461 0.6203
0.274414 0.623938
0.276367 0.627562
0.27832 0.631172
0.280273 0.634769
0.282227 0.638353
0.28418 0.641923
0.286133 0.64548
0.288086 0.649023
0.290039 0.652552
0.291992 0.656068
0.293945 0.659569
0.295898 0.663057
0.297852 0.666531
0.299805 0.669991
0.301758 0.673438
0.303711 0.67687
0.305664 0.680288
0.307617 0.683692
0.30957 0.687082
0.311523 0.690457
0.313477 0.693818
0.31543 0.697165
0.317383 0.700498
0.319336 0.703816
0.321289 0.70712
0.323242 0.710409
0.325195 0.713683
0.327148 0.716943
0.329102 0.720188
0.331055 0.723419
0.333008 0.726634
0.334961 0.729835
0.336914 0.733021
0.338867 0.736192
0.34082 0.739348
0.342773 0.742488
0.344727 0.745614
0.34668 0.748724
0.348633 0.751819
0.350586 0.754899
0.352539 0.757963
0.354492 0.761012
0.356445 0.764046
0.358398 0.767064
0.360352 0.770066
0.362305 0.773053
0.364258 0.776023
0.366211 0.778978
0.368164 0.781918
0.370117 0.784841
0.37207 0.787748
0.374023 0.790639
0.375977 0.793514
0.37793 0.796373
0.379883 0.799216
0.381836 0.802042
0.383789 0.804852
0.385742 0.807646
0.387695 0.810423
0.389648 0.813183
0.391602 0.815927
0.393555 0.818654
0.395508 0.821365
0.397461 0.824058
0.399414 0.826735
0.401367 0.829394
0.40332 0.832037
0.405273 0.834662
0.407227 0.837271
0.40918 0.839862
0.411133 0.842435
0.413086 0.844992
0.415039 0.84753
0.416992 0.850052
0.418945 0.852555
0.420898 0.855041
0.422852 0.857509
0.424805 0.85996
0.426758 0.862392
0.428711 0.864807
0.430664 0.867203
0.432617 0.869581
0.43457 0.871941
0.436523 0.874283
0.438477 0.876606
0.44043 0.878911
0.442383 0.881197
0.444336 0.883464
0.446289 0.885713
0.448242 0.887943
0.450195 0.890155
0.452148 0.892347
0.454102 0.89452
0.456055 0.896674
0.458008 0.898809
0.459961 0.900925
0.461914 0.903021
0.463867 0.905098
0.46582 0.907155
0.467773 0.909192
0.469727 0.91121
0.47168 0.913208
0.473633 0.915186
0.475586 0.917144
0.477539 0.919082
0.479492 0.921
0.481445 0.922898
0.483398 0.924775
0.485352 0.926631
0.487305 0.928467
0.489258 0.930283
0.491211 0.932077
0.493164 0.933851
0.495117 0.935604
0.49707 0.937336
0.499023 0.939047
0.500977 0.940736
0.50293 0.942404
0.504883 0.944051
0.506836 0.945676
0.508789 0.947279
0.510742 0.94886
0.512695 0.95042
0.514648 0.951958
0.516602 0.953474
0.518555 0.954967
0.520508 0.956438
0.522461 0.957887
0.524414 0.959313
0.526367 0.960717
0.52832 0.962097
0.530273 0.963455
0.532227 0.96479
0.53418 0.966102
0.536133 0.967391
0.538086 0.968656
0.540039 0.969898
0.541992 0.971116
0.543945 0.972311
0.545898 0.973481
0.547852 0.974628
0.549805 0.975751
0.551758 0.97685
0.553711 0.977924
0.555664 0.978974
0.557617 0.979999
0.55957 0.981
0.561523 0.981975
0.563477 0.982926
0.56543 0.983852
0.567383 0.984752
0.569336 0.985628
0.571289 0.986477
0.573242 0.987301
0.575195 0.988099
0.577148 0.988872
0.579102 0.989618
0.581055 0.990338
0.583008 0.991032
0.584961 0.991699
0.586914 0.99234
0.588867 0.992953
0.59082 0.99354
0.592773 0.9941
0.594727 0.994633
0.59668 0.995138
0.598633 0.995615
0.600586 0.996065
0.602539 0.996487
0.604492 0.996881
0.606445 0.997247
0.608398 0.997585
0.610352 0.997894
0.612305 0.998174
0.614258 0.998426
0.616211 0.998648
0.618164 0.998841
0.620117 0.999005
0.62207 0.99914
0.624023 0.999244
0.625977 0.999319
0.62793 0.999364
0.629883 0.999378
0.631836 0.999362
0.633789 0.999316
0.635742 0.999238
0.637695 0.99913
0.639648 0.99899
0.641602 0.998819
0.643555 0.998617
0.645508 0.998383
0.647461 0.998116
0.649414 0.997818
0.651367 0.997487
0.65332 0.997124
0.655273 0.996728
0.657227 0.996298
0.65918 0.995836
0.661133 0.99534
0.663086 0.994811
0.665039 0.994247
0.666992 0.99365
0.668945 0.993018
0.670898 0.992352
0.672852 0.991651
0.674805 0.990915
0.676758 0.990143
0.678711 0.989337
0.680664 0.988494
0.682617 0.987616
0.68457 0.986701
0.686523 0.98575
0.688477 0.984762
0.69043 0.983738
0.692383 0.982676
0.694336 0.981576
0.696289 0.980439
0.698242 0.979264
0.700195 0.978051
0.702148 0.976799
0.704102 0.975508
0.706055 0.974178
0.708008 0.972809
0.709961 0.9714
0.711914 0.969951
0.713867 0.968462
0.71582 0.966932
0.717773 0.965361
0.719727 0.96375
0.72168 0.962097
0.723633 0.960402
0.725586 0.958665
0.727539 0.956885
0.729492 0.955063
0.731445 0.953198
0.733398 0.951289
0.735352 0.949337
0.737305 0.94734
0.739258 0.9453
0.741211 0.943214
0.743164 0.941083
0.745117 0.938907
0.74707 0.936685
0.749023 0.934417
0.750977 0.932102
0.75293 0.92974
0.754883 0.927331
0.756836 0.924874
0.758789 0.922369
0.760742 0.919815
0.762695 0.917213
0.764648 0.914561
0.766602 0.911859
0.768555 0.909107
0.770508 0.906305
0.772461 0.903451
0.774414 0.900546
0.776367 0.897589
0.77832 0.894579
0.780273 0.891517
0.782227 0.888401
0.78418 0.885231
0.786133 0.882007
0.788086 0.878728
0.790039 0.875394
0.791992 0.872004
0.793945 0.868558
0.795898 0.865055
0.797852 0.861495
0.799805 0.857876
0.801758 0.854199
0.803711 0.850464
0.805664 0.846668
0.807617 0.842812
0.80957 0.838896
0.811523 0.834918
0.813477 0.830879
0.81543 0.826776
0.817383 0.822611
0.819336 0.818382
0.821289 0.814088
0.823242 0.809729
0.825195 0.805304
0.827148 0.800813
0.829102 0.796255
0.831055 0.791629
0.833008 0.786934
0.834961 0.78217
0.836914 0.777336
0.838867 0.772431
0.84082 0.767454
0.842773 0.762406
0.844727 0.757284
0.84668 0.752088
0.848633 0.746817
0.850586 0.74147
0.852539 0.736047
0.854492 0.730547
0.856445 0.724969
0.858398 0.719311
0.860352 0.713573
0.862305 0.707754
0.864258 0.701853
0.866211 0.695869
0.868164 0.689802
0.870117 0.683649
0.87207 0.67741
0.874023 0.671083
0.875977 0.664669
0.87793 0.658165
0.879883 0.651571
0.881836 0.644885
0.883789 0.638106
0.885742 0.631234
0.887695 0.624265
0.889648 0.617201
0.891602 0.610038
0.893555 0.602777
0.895508 0.595414
0.897461 0.58795
0.899414 0.580382
0.901367 0.57271
0.90332 0.564931
0.905273 0.557045
0.907227 0.549049
0.90918 0.540942
0.911133 0.532722
0.913086 0.524388
0.915039 0.515938
0.916992 0.50737
0.918945 0.498682
0.920898 0.489873
0.922852 0.480941
0.924805 0.471883
0.926758 0.462697
0.928711 0.453383
0.930664 0.443936
0.932617 0.434356
0.93457 0.42464
0.936523 0.414785
0.938477 0.404789
0.94043 0.39465
0.942383 0.384366
0.944336 0.373933
0.946289 0.363349
0.948242 0.352611
0.950195 0.341716
0.952148 0.330662
0.954102 0.319445
0.956055 0.308063
0.958008 0.296511
0.959961 0.284787
0.961914 0.272887
0.963867 0.260807
0.96582 0.248544
0.967773 0.236095
0.969727 0.223454
0.97168 0.210618
0.973633 0.197583
0.975586 0.184343
0.977539 0.170896
0.979492 0.157235
0.981445 0.143356
0.983398 0.129253
0.985352 0.114922
0.987305 0.100356
0.989258 0.0855497
0.991211 0.0704979
0.993164 0.0551972
0.995117 0.0396538
0.99707 0.0238953
0.999023 0.00798375
1 0
