0 0
0.000976562 0.00247688
0.00292969 0.00742972
0.00488281 0.0123799
0.00683594 0.0173257
0.00878906 0.022266
0.0107422 0.0271999
0.0126953 0.0321265
0.0146484 0.0370456
0.0166016 0.0419568
0.0185547 0.04686
0.0205078 0.0517551
0.0224609 0.0566421
0.0244141 0.061521
0.0263672 0.0663916
0.0283203 0.0712541
0.0302734 0.0761083
0.0322266 0.0809542
0.0341797 0.0857919
0.0361328 0.0906213
0.0380859 0.0954423
0.0400391 0.100255
0.0419922 0.105059
0.0439453 0.109855
0.0458984 0.114643
0.0478516 0.119422
0.0498047 0.124192
0.0517578 0.128954
0.0537109 0.133708
0.0556641 0.138453
0.0576172 0.143189
0.0595703 0.147917
0.0615234 0.152637
0.0634766 0.157347
0.0654297 0.162049
0.0673828 0.166742
0.0693359 0.171427
0.0712891 0.176103
0.0732422 0.18077
0.0751953 0.185428
0.0771484 0.190078
0.0791016 0.194718
0.0810547 0.19935
0.0830078 0.203973
0.0849609 0.208587
0.0869141 0.213192
0.0888672 0.217788
0.0908203 0.222375
0.0927734 0.226953
0.0947266 0.231522
0.0966797 0.236082
0.0986328 0.240632
0.100586 0.245174
0.102539 0.249706
0.104492 0.25423
0.106445 0.258744
0.108398 0.263249
0.110352 0.267744
0.112305 0.272231
0.114258 0.276708
0.116211 0.281175
0.118164 0.285634
0.120117 0.290082
0.12207 0.294522
0.124023 0.298952
0.125977 0.303372
0.12793 0.307783
0.129883 0.312185
0.131836 0.316576
0.133789 0.320959
0.135742 0.325331
0.137695 0.329694
0.139648 0.334047
0.141602 0.338391
0.143555 0.342725
0.145508 0.347049
0.147461 0.351363
0.149414 0.355667
0.151367 0.359961
0.15332 0.364246
0.155273 0.36852
0.157227 0.372785
0.15918 0.37704
0.161133 0.381284
0.163086 0.385519
0.165039 0.389743
0.166992 0.393957
0.168945 0.398161
0.170898 0.402355
0.172852 0.406539
0.174805 0.410712
0.176758 0.414875
0.178711 0.419028
0.180664 0.423171
0.182617 0.427303
0.18457 0.431424
0.186523 0.435536
0.188477 0.439636
0.19043 0.443726
0.192383 0.447806
0.194336 0.451875
0.196289 0.455933
0.198242 0.459981
0.200195 0.464018
0.202148 0.468044
0.204102 0.472059
0.206055 0.476064
0.208008 0.480058
0.209961 0.484041
0.211914 0.488013
0.213867 0.491974
0.21582 0.495924
0.217773 0.499863
0.219727 0.503791
0.22168 0.507708
0.223633 0.511614
0.225586 0.515508
0.227539 0.519391
0.229492 0.523263
0.231445 0.527124
0.233398 0.530974
0.235352 0.534812
0.237305 0.538638
0.239258 0.542454
0.241211 0.546257
0.243164 0.55005
0.245117 0.55383
0.24707 0.557599
0.249023 0.561357
0.250977 0.565102
0.25293 0.568836
0.254883 0.572559
0.256836 0.576269
0.258789 0.579967
0.260742 0.583654
0.262695 0.587329
0.264648 0.590992
0.266602 0.594642
0.268555 0.598281
0.270508 0.601907
0.272461 0.605522
0.274414 0.609124
0.276367 0.612714
0.27832 0.616291
0.280273 0.619857
0.282227 0.62341
0.28418 0.62695
0.286133 0.630478
0.288086 0.633994
0.290039 0.637497
0.291992 0.640987
0.293945 0.644465
0.295898 0.64793
0.297852 0.651382
0.299805 0.654822
0.301758 0.658248
0.303711 0.661662
0.305664 0.665063
0.307617 0.668451
0.30957 0.671826
0.311523 0.675187
0.313477 0.678536
0.31543 0.681871
0.317383 0.685194
0.319336 0.688503
0.321289 0.691798
0.323242 0.69508
0.325195 0.698349
0.327148 0.701604
0.329102 0.704846
0.331055 0.708074
0.333008 0.711289
0.334961 0.71449
0.336914 0.717677
0.338867 0.72085
0.34082 0.724009
0.342773 0.727155
0.344727 0.730286
0.34668 0.733404
0.348633 0.736507
0.350586 0.739597
0.352539 0.742672
0.354492 0.745733
0.356445 0.748779
0.358398 0.751811
0.360352 0.754829
0.362305 0.757833
0.364258 0.760821
0.366211 0.763795
0.368164 0.766755
0.370117 0.7697
0.37207 0.77263
0.374023 0.775545
0.375977 0.778445
0.37793 0.781331
0.379883 0.784201
0.381836 0.787056
0.383789 0.789896
0.385742 0.792721
0.387695 0.795531
0.389648 0.798325
0.391602 0.801104
0.393555 0.803867
0.395508 0.806615
0.397461 0.809348
0.399414 0.812064
0.401367 0.814765
0.40332 0.81745
0.405273 0.820119
0.407227 0.822773
0.40918 0.82541
0.411133 0.828031
0.413086 0.830636
0.415039 0.833225
0.416992 0.835798
0.418945 0.838354
0.420898 0.840894
0.422852 0.843417
0.424805 0.845924
0.426758 0.848414
0.428711 0.850887
0.430664 0.853344
0.432617 0.855783
0.43457 0.858206
0.436523 0.860612
0.438477 0.863
0.44043 0.865372
0.442383 0.867726
0.444336 0.870063
0.446289 0.872382
0.448242 0.874684
0.450195 0.876968
0.452148 0.879235
0.454102 0.881484
0.456055 0.883715
0.458008 0.885929
0.459961 0.888124
0.461914 0.890301
0.463867 0.89246
0.46582 0.894601
0.467773 0.896723
0.469727 0.898827
0.47168 0.900913
0.473633 0.90298
0.475586 0.905028
0.477539 0.907058
0.479492 0.909068
0.481445 0.91106
0.483398 0.913033
0.485352 0.914986
0.487305 0.91692
0.489258 0.918835
0.491211 0.920731
0.493164 0.922607
0.495117 0.924463
0.49707 0.9263
0.499023 0.928117
0.500977 0.929914
0.50293 0.931691
0.504883 0.933447
0.506836 0.935184
0.508789 0.9369
0.510742 0.938596
0.512695 0.940272
0.514648 0.941926
0.516602 0.94356
0.518555 0.945173
0.520508 0.946766
0.522461 0.948337
0.524414 0.949887
0.526367 0.951416
0.52832 0.952923
0.530273 0.954409
0.532227 0.955873
0.53418 0.957315
0.536133 0.958736
0.538086 0.960135
0.540039 0.961511
0.541992 0.962865
0.543945 0.964197
0.545898 0.965507
0.547852 0.966794
0.549805 0.968058
0.551758 0.9693
0.553711 0.970518
0.555664 0.971714
0.557617 0.972886
0.55957 0.974035
0.561523 0.975161
0.563477 0.976262
0.56543 0.977341
0.567383 0.978395
0.569336 0.979425
0.571289 0.980432
0.573242 0.981414
0.575195 0.982371
0.577148 0.983304
0.579102 0.984212
0.581055 0.985096
0.583008 0.985954
0.584961 0.986788
0.586914 0.987596
0.588867 0.988378
0.59082 0.989135
0.592773 0.989867
0.594727 0.990572
0.59668 0.991252
0.598633 0.991905
0.600586 0.992532
0.602539 0.993132
0.604492 0.993706
0.606445 0.994253
0.608398 0.994773
0.610352 0.995266
0.612305 0.995731
0.614258 0.996169
0.616211 0.996579
0.618164 0.996961
0.620117 0.997316
0.62207 0.997642
0.624023 0.997939
0.625977 0.998208
0.62793 0.998449
0.629883 0.99866
0.631836 0.998843
0.633789 0.998996
0.635742 0.999119
0.637695 0.999213
0.639648 0.999277
0.641602 0.999311
0.643555 0.999314
0.645508 0.999287
0.647461 0.999229
0.649414 0.999141
0.651367 0.999021
0.65332 0.99887
0.655273 0.998687
0.657227 0.998473
0.65918 0.998227
0.661133 0.997948
0.663086 0.997637
0.665039 0.997293
0.666992 0.996917
0.668945 0.996507
0.670898 0.996064
0.672852 0.995587
0.674805 0.995077
0.676758 0.994533
0.678711 0.993954
0.680664 0.99334
0.682617 0.992692
0.68457 0.992009
0.686523 0.99129
0.688477 0.990536
0.69043 0.989746
0.692383 0.988919
0.694336 0.988057
0.696289 0.987157
0.698242 0.986221
0.700195 0.985247
0.702148 0.984236
0.704102 0.983187
0.706055 0.9821
0.708008 0.980975
0.709961 0.97981
0.711914 0.978607
0.713867 0.977365
0.71582 0.976082
0.717773 0.97476
0.719727 0.973398
0.72168 0.971995
0.723633 0.970551
0.725586 0.969065
0.727539 0.967538
0.729492 0.965969
0.731445 0.964358
0.733398 0.962704
0.735352 0.961007
0.737305 0.959267
0.739258 0.957482
0.741211 0.955654
0.743164 0.953781
0.745117 0.951863
0.74707 0.9499
0.749023 0.947892
0.750977 0.945837
0.75293 0.943735
0.754883 0.941587
0.756836 0.939391
0.758789 0.937147
0.760742 0.934856
0.762695 0.932515
0.764648 0.930126
0.766602 0.927686
0.768555 0.925197
0.770508 0.922657
0.772461 0.920067
0.774414 0.917425
0.776367 0.91473
0.77832 0.911984
0.780273 0.909184
0.782227 0.906331
0.78418 0.903424
0.786133 0.900462
0.788086 0.897445
0.790039 0.894373
0.791992 0.891244
0.793945 0.888058
0.795898 0.884815
0.797852 0.881514
0.799805 0.878155
0.801758 0.874736
0.803711 0.871258
0.805664 0.867719
0.807617 0.864119
0.80957 0.860457
0.811523 0.856732
0.813477 0.852945
0.81543 0.849094
0.817383 0.845178
0.819336 0.841197
0.821289 0.83715
0.823242 0.833036
0.825195 0.828855
0.827148 0.824605
0.829102 0.820287
0.831055 0.815898
0.833008 0.811439
0.834961 0.806908
0.836914 0.802305
0.838867 0.797629
0.84082 0.792878
0.842773 0.788053
0.844727 0.783151
0.84668 0.778172
0.848633 0.773115
0.850586 0.76798
0.852539 0.762764
0.854492 0.757467
0.856445 0.752089
0.858398 0.746627
0.860352 0.741081
0.862305 0.735449
0.864258 0.729731
0.866211 0.723925
0.868164 0.718031
0.870117 0.712046
0.87207 0.705969
0.874023 0.6998
0.875977 0.693537
0.87793 0.687178
0.879883 0.680723
0.881836 0.674169
0.883789 0.667515
0.885742 0.66076
0.887695 0.653902
0.889648 0.64694
0.891602 0.639872
0.893555 0.632696
0.895508 0.625411
0.897461 0.618015
0.899414 0.610505
0.901367 0.602881
0.90332 0.59514
0.905273 0.58728
0.907227 0.5793
0.90918 0.571196
0.911133 0.562968
0.913086 0.554612
0.915039 0.546128
0.916992 0.537511
0.918945 0.52876
0.920898 0.519872
0.922852 0.510846
0.924805 0.501677
0.926758 0.492364
0.928711 0.482903
0.930664 0.473292
0.932617 0.463527
0.93457 0.453606
0.936523 0.443525
0.938477 0.433281
0.94043 0.422871
0.942383 0.41229
0.944336 0.401535
0.946289 0.390603
0.948242 0.379489
0.950195 0.368189
0.952148 0.356699
0.954102 0.345015
0.956055 0.333131
0.958008 0.321042
0.959961 0.308745
0.961914 0.296232
0.963867 0.2835
0.96582 0.270541
0.967773 0.257351
0.969727 0.243923
0.97168 0.230249
0.973633 0.216324
0.975586 0.20214
0.977539 0.187689
0.979492 0.172964
0.981445 0.157956
0.983398 0.142656
0.985352 0.127054
0.987305 0.111142
0.989258 0.0949086
0.991211 0.0783434
0.993164 0.0614392
0.995117 0.0442013
0.99707 0.0266648
0.999023 0.00891445
1 0
