0 0
0.000976562 0.00240958
0.00292969 0.00722792
0.00488281 0.0120439
0.00683594 0.0168561
0.00878906 0.0216633
0.0107422 0.0264648
0.0126953 0.0312597
0.0146484 0.0360478
0.0166016 0.0408287
0.0185547 0.0456023
0.0205078 0.0503685
0.0224609 0.0551271
0.0244141 0.0598783
0.0263672 0.0646219
0.0283203 0.069358
0.0302734 0.0740864
0.0322266 0.0788073
0.0341797 0.0835205
0.0361328 0.0882261
0.0380859 0.092924
0.0400391 0.0976142
0.0419922 0.102297
0.0439453 0.106971
0.0458984 0.111638
0.0478516 0.116298
0.0498047 0.120949
0.0517578 0.125592
0.0537109 0.130228
0.0556641 0.134856
0.0576172 0.139476
0.0595703 0.144088
0.0615234 0.148692
0.0634766 0.153288
0.0654297 0.157876
0.0673828 0.162456
0.0693359 0.167028
0.0712891 0.171592
0.0732422 0.176148
0.0751953 0.180696
0.0771484 0.185235
0.0791016 0.189767
0.0810547 0.19429
0.0830078 0.198805
0.0849609 0.203312
0.0869141 0.207811
0.0888672 0.212301
0.0908203 0.216783
0.0927734 0.221257
0.0947266 0.225722
0.0966797 0.230179
0.0986328 0.234628
0.100586 0.239068
0.102539 0.243499
0.104492 0.247922
0.106445 0.252337
0.108398 0.256743
0.110352 0.261141
0.112305 0.26553
0.114258 0.26991
0.116211 0.274282
0.118164 0.278645
0.120117 0.282999
0.12207 0.287345
0.124023 0.291682
0.125977 0.29601
0.12793 0.30033
0.129883 0.30464
0.131836 0.308942
0.133789 0.313235
0.135742 0.317518
0.137695 0.321793
0.139648 0.326059
0.141602 0.330316
0.143555 0.334564
0.145508 0.338803
0.147461 0.343033
0.149414 0.347254
0.151367 0.351465
0.15332 0.355668
0.155273 0.359861
0.157227 0.364045
0.15918 0.36822
0.161133 0.372385
0.163086 0.376541
0.165039 0.380688
0.166992 0.384825
0.168945 0.388953
0.170898 0.393072
0.172852 0.397181
0.174805 0.401281
0.176758 0.405371
0.178711 0.409451
0.180664 0.413522
0.182617 0.417583
0.18457 0.421635
0.186523 0.425677
0.188477 0.429709
0.19043 0.433732
0.192383 0.437744
0.194336 0.441747
0.196289 0.44574
0.198242 0.449723
0.200195 0.453696
0.202148 0.45766
0.204102 0.461613
0.206055 0.465556
0.208008 0.469489
0.209961 0.473412
0.211914 0.477325
0.213867 0.481228
0.21582 0.485121
0.217773 0.489003
0.219727 0.492875
0.22168 0.496737
0.223633 0.500589
0.225586 0.50443
0.227539 0.50826
0.229492 0.512081
0.231445 0.51589
0.233398 0.51969
0.235352 0.523478
0.237305 0.527257
0.239258 0.531024
0.241211 0.534781
0.243164 0.538527
0.245117 0.542262
0.24707 0.545987
0.249023 0.549701
0.250977 0.553404
0.25293 0.557096
0.254883 0.560777
0.256836 0.564447
0.258789 0.568106
0.260742 0.571754
0.262695 0.575391
0.264648 0.579017
0.266602 0.582631
0.268555 0.586235
0.270508 0.589827
0.272461 0.593408
0.274414 0.596977
0.276367 0.600536
0.27832 0.604082
0.280273 0.607618
0.282227 0.611141
0.28418 0.614654
0.286133 0.618154
0.288086 0.621643
0.290039 0.62512
0.291992 0.628586
0.293945 0.63204
0.295898 0.635482
0.297852 0.638912
0.299805 0.64233
0.301758 0.645736
0.303711 0.64913
0.305664 0.652512
0.307617 0.655882
0.30957 0.65924
0.311523 0.662586
0.313477 0.66592
0.31543 0.669241
0.317383 0.67255
0.319336 0.675846
0.321289 0.67913
0.323242 0.682402
0.325195 0.685661
0.327148 0.688908
0.329102 0.692142
0.331055 0.695363
0.333008 0.698571
0.334961 0.701767
0.336914 0.70495
0.338867 0.70812
0.34082 0.711277
0.342773 0.714421
0.344727 0.717552
0.34668 0.72067
0.348633 0.723775
0.350586 0.726867
0.352539 0.729945
0.354492 0.73301
0.356445 0.736062
0.358398 0.739101
0.360352 0.742125
0.362305 0.745137
0.364258 0.748134
0.366211 0.751119
0.368164 0.754089
0.370117 0.757046
0.37207 0.759989
0.374023 0.762918
0.375977 0.765833
0.37793 0.768734
0.379883 0.771621
0.381836 0.774494
0.383789 0.777352
0.385742 0.780197
0.387695 0.783027
0.389648 0.785843
0.391602 0.788644
0.393555 0.791431
0.395508 0.794204
0.397461 0.796962
0.399414 0.799705
0.401367 0.802433
0.40332 0.805147
0.405273 0.807846
0.407227 0.81053
0.40918 0.813198
0.411133 0.815852
0.413086 0.818491
0.415039 0.821114
0.416992 0.823723
0.418945 0.826315
0.420898 0.828893
0.422852 0.831455
0.424805 0.834001
0.426758 0.836532
0.428711 0.839047
0.430664 0.841546
0.432617 0.84403
0.43457 0.846498
0.436523 0.848949
0.438477 0.851385
0.44043 0.853804
0.442383 0.856207
0.444336 0.858594
0.446289 0.860965
0.448242 0.863319
0.450195 0.865657
0.452148 0.867978
0.454102 0.870282
0.456055 0.87257
0.458008 0.87484
0.459961 0.877094
0.461914 0.879331
0.463867 0.881551
0.46582 0.883753
0.467773 0.885939
0.469727 0.888107
0.47168 0.890257
0.473633 0.89239
0.475586 0.894506
0.477539 0.896604
0.479492 0.898684
0.481445 0.900746
0.483398 0.90279
0.485352 0.904816
0.487305 0.906824
0.489258 0.908814
0.491211 0.910785
0.493164 0.912739
0.495117 0.914673
0.49707 0.916589
0.499023 0.918486
0.500977 0.920365
0.50293 0.922224
0.504883 0.924065
0.506836 0.925887
0.508789 0.927689
0.510742 0.929472
0.512695 0.931236
0.514648 0.93298
0.516602 0.934704
0.518555 0.936409
0.520508 0.938094
0.522461 0.939759
0.524414 0.941404
0.526367 0.943029
0.52832 0.944634
0.530273 0.946218
0.532227 0.947782
0.53418 0.949325
0.536133 0.950848
0.538086 0.95235
0.540039 0.95383
0.541992 0.95529
0.543945 0.956729
0.545898 0.958146
0.547852 0.959542
0.549805 0.960917
0.551758 0.962269
0.553711 0.9636
0.555664 0.964909
0.557617 0.966196
0.55957 0.967461
0.561523 0.968704
0.563477 0.969924
0.56543 0.971122
0.567383 0.972297
0.569336 0.973449
0.571289 0.974578
0.573242 0.975684
0.575195 0.976767
0.577148 0.977827
0.579102 0.978863
0.581055 0.979875
0.583008 0.980864
0.584961 0.981829
0.586914 0.982769
0.588867 0.983686
0.59082 0.984578
0.592773 0.985445
0.594727 0.986288
0.59668 0.987106
0.598633 0.987899
0.600586 0.988667
0.602539 0.989409
0.604492 0.990126
0.606445 0.990818
0.608398 0.991483
0.610352 0.992123
0.612305 0.992737
0.614258 0.993324
0.616211 0.993884
0.618164 0.994419
0.620117 0.994926
0.62207 0.995406
0.624023 0.995859
0.625977 0.996285
0.62793 0.996683
0.629883 0.997053
0.631836 0.997396
0.633789 0.99771
0.635742 0.997996
0.637695 0.998253
0.639648 0.998482
0.641602 0.998682
0.643555 0.998853
0.645508 0.998994
0.647461 0.999106
0.649414 0.999189
0.651367 0.999241
0.65332 0.999263
0.655273 0.999255
0.657227 0.999216
0.65918 0.999147
0.661133 0.999046
0.663086 0.998914
0.665039 0.998751
0.666992 0.998556
0.668945 0.998329
0.670898 0.998069
0.672852 0.997778
0.674805 0.997453
0.676758 0.997096
0.678711 0.996706
0.680664 0.996282
0.682617 0.995824
0.68457 0.995333
0.686523 0.994807
0.688477 0.994247
0.69043 0.993652
0.692383 0.993022
0.694336 0.992357
0.696289 0.991656
0.698242 0.990919
0.700195 0.990146
0.702148 0.989337
0.704102 0.98849
0.706055 0.987607
0.708008 0.986687
0.709961 0.985728
0.711914 0.984732
0.713867 0.983698
0.71582 0.982624
0.717773 0.981512
0.719727 0.980361
0.72168 0.97917
0.723633 0.977939
0.725586 0.976667
0.727539 0.975355
0.729492 0.974002
0.731445 0.972608
0.733398 0.971172
0.735352 0.969693
0.737305 0.968172
0.739258 0.966608
0.741211 0.965001
0.743164 0.963351
0.745117 0.961656
0.74707 0.959916
0.749023 0.958132
0.750977 0.956302
0.75293 0.954427
0.754883 0.952505
0.756836 0.950537
0.758789 0.948521
0.760742 0.946458
0.762695 0.944347
0.764648 0.942188
0.766602 0.939979
0.768555 0.937721
0.770508 0.935413
0.772461 0.933055
0.774414 0.930646
0.776367 0.928185
0.77832 0.925672
0.780273 0.923106
0.782227 0.920487
0.78418 0.917815
0.786133 0.915088
0.788086 0.912307
0.790039 0.90947
0.791992 0.906576
0.793945 0.903627
0.795898 0.90062
0.797852 0.897555
0.799805 0.894431
0.801758 0.891248
0.803711 0.888006
0.805664 0.884702
0.807617 0.881338
0.80957 0.877911
0.811523 0.874422
0.813477 0.870869
0.81543 0.867252
0.817383 0.86357
0.819336 0.859822
0.821289 0.856008
0.823242 0.852126
0.825195 0.848176
0.827148 0.844156
0.829102 0.840067
0.831055 0.835907
0.833008 0.831675
0.834961 0.827371
0.836914 0.822992
0.838867 0.818539
0.84082 0.814011
0.842773 0.809406
0.844727 0.804723
0.84668 0.799961
0.848633 0.795119
0.850586 0.790197
0.852539 0.785192
0.854492 0.780104
0.856445 0.774932
0.858398 0.769674
0.860352 0.764329
0.862305 0.758896
0.864258 0.753373
0.866211 0.747759
0.868164 0.742053
0.870117 0.736254
0.87207 0.730359
0.874023 0.724367
0.875977 0.718278
0.87793 0.712088
0.879883 0.705797
0.881836 0.699403
0.883789 0.692905
0.885742 0.686299
0.887695 0.679586
0.889648 0.672762
0.891602 0.665826
0.893555 0.658776
0.895508 0.65161
0.897461 0.644325
0.899414 0.63692
0.901367 0.629393
0.90332 0.62174
0.905273 0.61396
0.907227 0.606051
0.90918 0.598009
0.911133 0.589832
0.913086 0.581518
0.915039 0.573063
0.916992 0.564465
0.918945 0.555721
0.920898 0.546827
0.922852 0.537781
0.924805 0.528579
0.926758 0.519217
0.928711 0.509693
0.930664 0.500002
0.932617 0.49014
0.93457 0.480104
0.936523 0.46989
0.938477 0.459492
0.94043 0.448906
0.942383 0.438129
0.944336 0.427154
0.946289 0.415976
0.948242 0.404591
0.950195 0.392993
0.952148 0.381175
0.954102 0.369132
0.956055 0.356858
0.958008 0.344344
0.959961 0.331585
0.961914 0.318573
0.963867 0.305299
0.96582 0.291757
0.967773 0.277936
0.969727 0.263828
0.97168 0.249423
0.973633 0.23471
0.975586 0.21968
0.977539 0.204319
0.979492 0.188616
0.981445 0.172557
0.983398 0.156129
0.985352 0.139317
0.987305 0.122103
0.989258 0.104473
0.991211 0.0864061
0.993164 0.0678896
0.995117 0.0489244
0.99707 0.0295528
0.999023 0.00988716
1 0
