0 0
0.000976562 0.00238018
0.00292969 0.00713978
0.00488281 0.0118971
0.00683594 0.0166509
0.00878906 0.0214
0.0107422 0.0261436
0.0126953 0.0308809
0.0146484 0.0356117
0.0166016 0.0403356
0.0185547 0.0450525
0.0205078 0.0497622
0.0224609 0.0544647
0.0244141 0.05916
0.0263672 0.063848
0.0283203 0.0685287
0.0302734 0.073202
0.0322266 0.0778681
0.0341797 0.0825268
0.0361328 0.0871781
0.0380859 0.091822
0.0400391 0.0964584
0.0419922 0.101087
0.0439453 0.105709
0.0458984 0.110323
0.0478516 0.11493
0.0498047 0.119529
0.0517578 0.12412
0.0537109 0.128704
0.0556641 0.13328
0.0576172 0.137849
0.0595703 0.14241
0.0615234 0.146964
0.0634766 0.151509
0.0654297 0.156047
0.0673828 0.160577
0.0693359 0.1651
0.0712891 0.169615
0.0732422 0.174122
0.0751953 0.178621
0.0771484 0.183112
0.0791016 0.187595
0.0810547 0.192071
0.0830078 0.196538
0.0849609 0.200998
0.0869141 0.20545
0.0888672 0.209893
0.0908203 0.214329
0.0927734 0.218757
0.0947266 0.223176
0.0966797 0.227588
0.0986328 0.231991
0.100586 0.236386
0.102539 0.240773
0.104492 0.245152
0.106445 0.249523
0.108398 0.253885
0.110352 0.25824
0.112305 0.262586
0.114258 0.266923
0.116211 0.271252
0.118164 0.275573
0.120117 0.279886
0.12207 0.28419
0.124023 0.288485
0.125977 0.292773
0.12793 0.297051
0.129883 0.301321
0.131836 0.305583
0.133789 0.309836
0.135742 0.314081
0.137695 0.318316
0.139648 0.322543
0.141602 0.326762
0.143555 0.330972
0.145508 0.335173
0.147461 0.339365
0.149414 0.343548
0.151367 0.347723
0.15332 0.351889
0.155273 0.356046
0.157227 0.360194
0.15918 0.364333
0.161133 0.368463
0.163086 0.372584
0.165039 0.376696
0.166992 0.380799
0.168945 0.384893
0.170898 0.388977
0.172852 0.393053
0.174805 0.397119
0.176758 0.401177
0.178711 0.405225
0.180664 0.409263
0.182617 0.413293
0.18457 0.417313
0.186523 0.421324
0.188477 0.425325
0.19043 0.429317
0.192383 0.433299
0.194336 0.437272
0.196289 0.441236
0.198242 0.44519
0.200195 0.449134
0.202148 0.453069
0.204102 0.456994
0.206055 0.460909
0.208008 0.464815
0.209961 0.468711
0.211914 0.472597
0.213867 0.476473
0.21582 0.480339
0.217773 0.484196
0.219727 0.488043
0.22168 0.491879
0.223633 0.495706
0.225586 0.499523
0.227539 0.503329
0.229492 0.507126
0.231445 0.510912
0.233398 0.514688
0.235352 0.518454
0.237305 0.52221
0.239258 0.525955
0.241211 0.52969
0.243164 0.533415
0.245117 0.53713
0.24707 0.540834
0.249023 0.544527
0.250977 0.54821
0.25293 0.551883
0.254883 0.555545
0.256836 0.559196
0.258789 0.562836
0.260742 0.566466
0.262695 0.570086
0.264648 0.573694
0.266602 0.577292
0.268555 0.580878
0.270508 0.584454
0.272461 0.588019
0.274414 0.591573
0.276367 0.595116
0.27832 0.598648
0.280273 0.602169
0.282227 0.605678
0.28418 0.609177
0.286133 0.612664
0.288086 0.61614
0.290039 0.619605
0.291992 0.623058
0.293945 0.6265
0.295898 0.62993
0.297852 0.633349
0.299805 0.636757
0.301758 0.640153
0.303711 0.643537
0.305664 0.64691
0.307617 0.65027
0.30957 0.65362
0.311523 0.656957
0.313477 0.660282
0.31543 0.663596
0.317383 0.666898
0.319336 0.670187
0.321289 0.673465
0.323242 0.676731
0.325195 0.679984
0.327148 0.683225
0.329102 0.686454
0.331055 0.689671
0.333008 0.692875
0.334961 0.696067
0.336914 0.699247
0.338867 0.702414
0.34082 0.705569
0.342773 0.708711
0.344727 0.71184
0.34668 0.714957
0.348633 0.718061
0.350586 0.721152
0.352539 0.72423
0.354492 0.727296
0.356445 0.730348
0.358398 0.733388
0.360352 0.736414
0.362305 0.739427
0.364258 0.742428
0.366211 0.745414
0.368164 0.748388
0.370117 0.751348
0.37207 0.754295
0.374023 0.757229
0.375977 0.760149
0.37793 0.763055
0.379883 0.765948
0.381836 0.768827
0.383789 0.771692
0.385742 0.774544
0.387695 0.777381
0.389648 0.780205
0.391602 0.783015
0.393555 0.785811
0.395508 0.788592
0.397461 0.79136
0.399414 0.794113
0.401367 0.796852
0.40332 0.799576
0.405273 0.802286
0.407227 0.804982
0.40918 0.807663
0.411133 0.81033
0.413086 0.812981
0.415039 0.815618
0.416992 0.81824
0.418945 0.820848
0.420898 0.82344
0.422852 0.826017
0.424805 0.82858
0.426758 0.831127
0.428711 0.833658
0.430664 0.836175
0.432617 0.838676
0.43457 0.841162
0.436523 0.843632
0.438477 0.846086
0.44043 0.848525
0.442383 0.850948
0.444336 0.853356
0.446289 0.855747
0.448242 0.858122
0.450195 0.860482
0.452148 0.862825
0.454102 0.865152
0.456055 0.867463
0.458008 0.869757
0.459961 0.872035
0.461914 0.874296
0.463867 0.876541
0.46582 0.878769
0.467773 0.88098
0.469727 0.883175
0.47168 0.885352
0.473633 0.887513
0.475586 0.889656
0.477539 0.891782
0.479492 0.893891
0.481445 0.895983
0.483398 0.898057
0.485352 0.900113
0.487305 0.902152
0.489258 0.904173
0.491211 0.906177
0.493164 0.908162
0.495117 0.910129
0.49707 0.912079
0.499023 0.91401
0.500977 0.915922
0.50293 0.917817
0.504883 0.919693
0.506836 0.92155
0.508789 0.923389
0.510742 0.925208
0.512695 0.927009
0.514648 0.928791
0.516602 0.930554
0.518555 0.932298
0.520508 0.934022
0.522461 0.935727
0.524414 0.937412
0.526367 0.939078
0.52832 0.940724
0.530273 0.94235
0.532227 0.943957
0.53418 0.945543
0.536133 0.947109
0.538086 0.948655
0.540039 0.95018
0.541992 0.951685
0.543945 0.953169
0.545898 0.954632
0.547852 0.956075
0.549805 0.957496
0.551758 0.958897
0.553711 0.960276
0.555664 0.961634
0.557617 0.96297
0.55957 0.964285
0.561523 0.965578
0.563477 0.966849
0.56543 0.968098
0.567383 0.969325
0.569336 0.970529
0.571289 0.971712
0.573242 0.972871
0.575195 0.974008
0.577148 0.975123
0.579102 0.976214
0.581055 0.977282
0.583008 0.978327
0.584961 0.979348
0.586914 0.980346
0.588867 0.981321
0.59082 0.982271
0.592773 0.983198
0.594727 0.9841
0.59668 0.984978
0.598633 0.985832
0.600586 0.986661
0.602539 0.987465
0.604492 0.988245
0.606445 0.988999
0.608398 0.989728
0.610352 0.990432
0.612305 0.99111
0.614258 0.991762
0.616211 0.992389
0.618164 0.992989
0.620117 0.993563
0.62207 0.994111
0.624023 0.994632
0.625977 0.995126
0.62793 0.995593
0.629883 0.996033
0.631836 0.996446
0.633789 0.996831
0.635742 0.997188
0.637695 0.997517
0.639648 0.997819
0.641602 0.998092
0.643555 0.998336
0.645508 0.998552
0.647461 0.998739
0.649414 0.998896
0.651367 0.999024
0.65332 0.999123
0.655273 0.999192
0.657227 0.999231
0.65918 0.999239
0.661133 0.999218
0.663086 0.999165
0.665039 0.999082
0.666992 0.998967
0.668945 0.998821
0.670898 0.998643
0.672852 0.998434
0.674805 0.998192
0.676758 0.997918
0.678711 0.997612
0.680664 0.997272
0.682617 0.9969
0.68457 0.996494
0.686523 0.996054
0.688477 0.99558
0.69043 0.995073
0.692383 0.99453
0.694336 0.993954
0.696289 0.993342
0.698242 0.992694
0.700195 0.992011
0.702148 0.991292
0.704102 0.990537
0.706055 0.989746
0.708008 0.988917
0.709961 0.988052
0.711914 0.987149
0.713867 0.986208
0.71582 0.985229
0.717773 0.984212
0.719727 0.983156
0.72168 0.982061
0.723633 0.980926
0.725586 0.979752
0.727539 0.978537
0.729492 0.977282
0.731445 0.975986
0.733398 0.974649
0.735352 0.97327
0.737305 0.971849
0.739258 0.970385
0.741211 0.968879
0.743164 0.96733
0.745117 0.965737
0.74707 0.9641
0.749023 0.962418
0.750977 0.960692
0.75293 0.95892
0.754883 0.957102
0.756836 0.955239
0.758789 0.953328
0.760742 0.951371
0.762695 0.949365
0.764648 0.947312
0.766602 0.94521
0.768555 0.943059
0.770508 0.940859
0.772461 0.938608
0.774414 0.936307
0.776367 0.933954
0.77832 0.93155
0.780273 0.929093
0.782227 0.926584
0.78418 0.924021
0.786133 0.921404
0.788086 0.918733
0.790039 0.916007
0.791992 0.913224
0.793945 0.910385
0.795898 0.90749
0.797852 0.904536
0.799805 0.901524
0.801758 0.898453
0.803711 0.895322
0.805664 0.892131
0.807617 0.888878
0.80957 0.885564
0.811523 0.882187
0.813477 0.878746
0.81543 0.875241
0.817383 0.871671
0.819336 0.868036
0.821289 0.864333
0.823242 0.860563
0.825195 0.856725
0.827148 0.852818
0.829102 0.84884
0.831055 0.844791
0.833008 0.84067
0.834961 0.836476
0.836914 0.832208
0.838867 0.827866
0.84082 0.823447
0.842773 0.818951
0.844727 0.814376
0.84668 0.809723
0.848633 0.804989
0.850586 0.800173
0.852539 0.795275
0.854492 0.790292
0.856445 0.785225
0.858398 0.780071
0.860352 0.774829
0.862305 0.769497
0.864258 0.764075
0.866211 0.758561
0.868164 0.752954
0.870117 0.747251
0.87207 0.741453
0.874023 0.735555
0.875977 0.729559
0.87793 0.72346
0.879883 0.717259
0.881836 0.710953
0.883789 0.70454
0.885742 0.698018
0.887695 0.691386
0.889648 0.684641
0.891602 0.677782
0.893555 0.670806
0.895508 0.663711
0.897461 0.656495
0.899414 0.649156
0.901367 0.64169
0.90332 0.634097
0.905273 0.626372
0.907227 0.618514
0.90918 0.61052
0.911133 0.602386
0.913086 0.594111
0.915039 0.58569
0.916992 0.577121
0.918945 0.568401
0.920898 0.559526
0.922852 0.550492
0.924805 0.541296
0.926758 0.531935
0.928711 0.522403
0.930664 0.512698
0.932617 0.502814
0.93457 0.492748
0.936523 0.482494
0.938477 0.472048
0.94043 0.461405
0.942383 0.450559
0.944336 0.439505
0.946289 0.428237
0.948242 0.416748
0.950195 0.405034
0.952148 0.393086
0.954102 0.380898
0.956055 0.368462
0.958008 0.355771
0.959961 0.342816
0.961914 0.329589
0.963867 0.31608
0.96582 0.30228
0.967773 0.288178
0.969727 0.273764
0.97168 0.259025
0.973633 0.24395
0.975586 0.228525
0.977539 0.212737
0.979492 0.196569
0.981445 0.180007
0.983398 0.163032
0.985352 0.145626
0.987305 0.127768
0.989258 0.109438
0.991211 0.0906118
0.993164 0.07127
0.995117 0.0514102
0.99707 0.0310781
0.999023 0.0104019
1 0
