0 0
0.000976562 0.00191359
0.00292969 0.00574049
0.00488281 0.00956656
0.00683594 0.0133912
0.00878906 0.0172141
0.0107422 0.0210347
0.0126953 0.0248526
0.0146484 0.0286676
0.0166016 0.0324794
0.0185547 0.0362879
0.0205078 0.0400928
0.0224609 0.0438942
0.0244141 0.0476918
0.0263672 0.0514858
0.0283203 0.055276
0.0302734 0.0590624
0.0322266 0.0628449
0.0341797 0.0666237
0.0361328 0.0703986
0.0380859 0.0741696
0.0400391 0.0779368
0.0419922 0.0817001
0.0439453 0.0854595
0.0458984 0.089215
0.0478516 0.0929666
0.0498047 0.0967142
0.0517578 0.100458
0.0537109 0.104198
0.0556641 0.107933
0.0576172 0.111665
0.0595703 0.115393
0.0615234 0.119117
0.0634766 0.122837
0.0654297 0.126552
0.0673828 0.130264
0.0693359 0.133972
0.0712891 0.137675
0.0732422 0.141375
0.0751953 0.14507
0.0771484 0.148762
0.0791016 0.152449
0.0810547 0.156132
0.0830078 0.159811
0.0849609 0.163486
0.0869141 0.167156
0.0888672 0.170823
0.0908203 0.174485
0.0927734 0.178143
0.0947266 0.181797
0.0966797 0.185446
0.0986328 0.189091
0.100586 0.192732
0.102539 0.196369
0.104492 0.200002
0.106445 0.20363
0.108398 0.207254
0.110352 0.210873
0.112305 0.214488
0.114258 0.218099
0.116211 0.221705
0.118164 0.225307
0.120117 0.228905
0.12207 0.232498
0.124023 0.236087
0.125977 0.239671
0.12793 0.243251
0.129883 0.246826
0.131836 0.250397
0.133789 0.253963
0.135742 0.257525
0.137695 0.261083
0.139648 0.264635
0.141602 0.268183
0.143555 0.271727
0.145508 0.275266
0.147461 0.2788
0.149414 0.28233
0.151367 0.285855
0.15332 0.289375
0.155273 0.292891
0.157227 0.296402
0.15918 0.299908
0.161133 0.30341
0.163086 0.306907
0.165039 0.310399
0.166992 0.313886
0.168945 0.317368
0.170898 0.320846
0.172852 0.324319
0.174805 0.327787
0.176758 0.33125
0.178711 0.334708
0.180664 0.338161
0.182617 0.34161
0.18457 0.345053
0.186523 0.348492
0.188477 0.351925
0.19043 0.355354
0.192383 0.358777
0.194336 0.362196
0.196289 0.365609
0.198242 0.369018
0.200195 0.372421
0.202148 0.375819
0.204102 0.379212
0.206055 0.3826
0.208008 0.385983
0.209961 0.389361
0.211914 0.392733
0.213867 0.396101
0.21582 0.399463
0.217773 0.402819
0.219727 0.406171
0.22168 0.409517
0.223633 0.412858
0.225586 0.416194
0.227539 0.419524
0.229492 0.422849
0.231445 0.426168
0.233398 0.429482
0.235352 0.432791
0.237305 0.436094
0.239258 0.439392
0.241211 0.442684
0.243164 0.445971
0.245117 0.449252
0.24707 0.452527
0.249023 0.455797
0.250977 0.459062
0.25293 0.462321
0.254883 0.465574
0.256836 0.468821
0.258789 0.472063
0.260742 0.475299
0.262695 0.478529
0.264648 0.481754
0.266602 0.484973
0.268555 0.488186
0.270508 0.491393
0.272461 0.494595
0.274414 0.49779
0.276367 0.50098
0.27832 0.504163
0.280273 0.507341
0.282227 0.510513
0.28418 0.513679
0.286133 0.516838
0.288086 0.519992
0.290039 0.52314
0.291992 0.526281
0.293945 0.529417
0.295898 0.532546
0.297852 0.535669
0.299805 0.538786
0.301758 0.541897
0.303711 0.545001
0.305664 0.5481
0.307617 0.551192
0.30957 0.554277
0.311523 0.557356
0.313477 0.560429
0.31543 0.563496
0.317383 0.566556
0.319336 0.56961
0.321289 0.572657
0.323242 0.575697
0.325195 0.578731
0.327148 0.581759
0.329102 0.58478
0.331055 0.587794
0.333008 0.590802
0.334961 0.593803
0.336914 0.596797
0.338867 0.599784
0.34082 0.602765
0.342773 0.605739
0.344727 0.608706
0.34668 0.611666
0.348633 0.61462
0.350586 0.617566
0.352539 0.620505
0.354492 0.623438
0.356445 0.626363
0.358398 0.629282
0.360352 0.632193
0.362305 0.635097
0.364258 0.637994
0.366211 0.640884
0.368164 0.643767
0.370117 0.646642
0.37207 0.64951
0.374023 0.652371
0.375977 0.655225
0.37793 0.658071
0.379883 0.66091
0.381836 0.663741
0.383789 0.666565
0.385742 0.669381
0.387695 0.67219
0.389648 0.674991
0.391602 0.677784
0.393555 0.68057
0.395508 0.683348
0.397461 0.686118
0.399414 0.688881
0.401367 0.691636
0.40332 0.694383
0.405273 0.697122
0.407227 0.699853
0.40918 0.702576
0.411133 0.705291
0.413086 0.707998
0.415039 0.710697
0.416992 0.713388
0.418945 0.71607
0.420898 0.718745
0.422852 0.721411
0.424805 0.724069
0.426758 0.726719
0.428711 0.72936
0.430664 0.731993
0.432617 0.734617
0.43457 0.737233
0.436523 0.73984
0.438477 0.742439
0.44043 0.745029
0.442383 0.74761
0.444336 0.750183
0.446289 0.752747
0.448242 0.755302
0.450195 0.757848
0.452148 0.760385
0.454102 0.762913
0.456055 0.765433
0.458008 0.767943
0.459961 0.770444
0.461914 0.772936
0.463867 0.775419
0.46582 0.777892
0.467773 0.780356
0.469727 0.782811
0.47168 0.785257
0.473633 0.787693
0.475586 0.790119
0.477539 0.792536
0.479492 0.794943
0.481445 0.797341
0.483398 0.799729
0.485352 0.802107
0.487305 0.804475
0.489258 0.806833
0.491211 0.809182
0.493164 0.81152
0.495117 0.813848
0.49707 0.816167
0.499023 0.818475
0.500977 0.820772
0.50293 0.82306
0.504883 0.825337
0.506836 0.827604
0.508789 0.82986
0.510742 0.832106
0.512695 0.834341
0.514648 0.836565
0.516602 0.838779
0.518555 0.840982
0.520508 0.843174
0.522461 0.845355
0.524414 0.847525
0.526367 0.849684
0.52832 0.851832
0.530273 0.853968
0.532227 0.856094
0.53418 0.858208
0.536133 0.86031
0.538086 0.862401
0.540039 0.864481
0.541992 0.866549
0.543945 0.868605
0.545898 0.87065
0.547852 0.872682
0.549805 0.874703
0.551758 0.876711
0.553711 0.878708
0.555664 0.880692
0.557617 0.882665
0.55957 0.884624
0.561523 0.886572
0.563477 0.888507
0.56543 0.890429
0.567383 0.892339
0.569336 0.894236
0.571289 0.89612
0.573242 0.897991
0.575195 0.899849
0.577148 0.901694
0.579102 0.903526
0.581055 0.905345
0.583008 0.90715
0.584961 0.908942
0.586914 0.91072
0.588867 0.912485
0.59082 0.914235
0.592773 0.915972
0.594727 0.917695
0.59668 0.919404
0.598633 0.921099
0.600586 0.92278
0.602539 0.924446
0.604492 0.926098
0.606445 0.927735
0.608398 0.929357
0.610352 0.930965
0.612305 0.932558
0.614258 0.934136
0.616211 0.935698
0.618164 0.937246
0.620117 0.938778
0.62207 0.940295
0.624023 0.941796
0.625977 0.943281
0.62793 0.944751
0.629883 0.946204
0.631836 0.947642
0.633789 0.949063
0.635742 0.950468
0.637695 0.951856
0.639648 0.953228
0.641602 0.954583
0.643555 0.955921
0.645508 0.957242
0.647461 0.958546
0.649414 0.959833
0.651367 0.961103
0.65332 0.962354
0.655273 0.963588
0.657227 0.964804
0.65918 0.966003
0.661133 0.967182
0.663086 0.968344
0.665039 0.969487
0.666992 0.970611
0.668945 0.971717
0.670898 0.972804
0.672852 0.973871
0.674805 0.974919
0.676758 0.975948
0.678711 0.976956
0.680664 0.977945
0.682617 0.978914
0.68457 0.979863
0.686523 0.980792
0.688477 0.981699
0.69043 0.982586
0.692383 0.983452
0.694336 0.984297
0.696289 0.98512
0.698242 0.985922
0.700195 0.986702
0.702148 0.98746
0.704102 0.988196
0.706055 0.988909
0.708008 0.989599
0.709961 0.990267
0.711914 0.990912
0.713867 0.991533
0.71582 0.99213
0.717773 0.992704
0.719727 0.993254
0.72168 0.993779
0.723633 0.99428
0.725586 0.994755
0.727539 0.995206
0.729492 0.995631
0.731445 0.996031
0.733398 0.996405
0.735352 0.996752
0.737305 0.997073
0.739258 0.997367
0.741211 0.997634
0.743164 0.997874
0.745117 0.998086
0.74707 0.998269
0.749023 0.998425
0.750977 0.998552
0.75293 0.998649
0.754883 0.998717
0.756836 0.998756
0.758789 0.998765
0.760742 0.998743
0.762695 0.99869
0.764648 0.998606
0.766602 0.99849
0.768555 0.998343
0.770508 0.998163
0.772461 0.99795
0.774414 0.997704
0.776367 0.997424
0.77832 0.997111
0.780273 0.996762
0.782227 0.996379
0.78418 0.995961
0.786133 0.995506
0.788086 0.995015
0.790039 0.994487
0.791992 0.993921
0.793945 0.993318
0.795898 0.992676
0.797852 0.991995
0.799805 0.991274
0.801758 0.990514
0.803711 0.989712
0.805664 0.988869
0.807617 0.987984
0.80957 0.987056
0.811523 0.986085
0.813477 0.98507
0.81543 0.984011
0.817383 0.982906
0.819336 0.981755
0.821289 0.980557
0.823242 0.979311
0.825195 0.978017
0.827148 0.976674
0.829102 0.975281
0.831055 0.973836
0.833008 0.972341
0.834961 0.970792
0.836914 0.96919
0.838867 0.967533
0.84082 0.965821
0.842773 0.964052
0.844727 0.962225
0.84668 0.96034
0.848633 0.958395
0.850586 0.956389
0.852539 0.954321
0.854492 0.952189
0.856445 0.949993
0.858398 0.947731
0.860352 0.945401
0.862305 0.943003
0.864258 0.940534
0.866211 0.937994
0.868164 0.93538
0.870117 0.932692
0.87207 0.929927
0.874023 0.927083
0.875977 0.924159
0.87793 0.921154
0.879883 0.918064
0.881836 0.914888
0.883789 0.911624
0.885742 0.90827
0.887695 0.904823
0.889648 0.901281
0.891602 0.897641
0.893555 0.893901
0.895508 0.890058
0.897461 0.886108
0.899414 0.88205
0.901367 0.87788
0.90332 0.873595
0.905273 0.86919
0.907227 0.864663
0.90918 0.86001
0.911133 0.855226
0.913086 0.850307
0.915039 0.845249
0.916992 0.840046
0.918945 0.834695
0.920898 0.829189
0.922852 0.823522
0.924805 0.817689
0.926758 0.811684
0.928711 0.805498
0.930664 0.799125
0.932617 0.792557
0.93457 0.785786
0.936523 0.778801
0.938477 0.771595
0.94043 0.764155
0.942383 0.75647
0.944336 0.748529
0.946289 0.740317
0.948242 0.731819
0.950195 0.72302
0.952148 0.713901
0.954102 0.704443
0.956055 0.694625
0.958008 0.684421
0.959961 0.673806
0.961914 0.662748
0.963867 0.651214
0.96582 0.639164
0.967773 0.626554
0.969727 0.613333
0.97168 0.599439
0.973633 0.584804
0.975586 0.569342
0.977539 0.552954
0.979492 0.535512
0.981445 0.516872
0.983398 0.496813
0.985352 0.475129
0.987305 0.451356
0.989258 0.425248
0.991211 0.395511
0.993164 0.362108
0.995117 0.320067
0.99707 0.268814
0.999023 0.147394
1 0
