0 0
0.000976562 0.00182083
0.00292969 0.00546227
0.00488281 0.00910303
0.00683594 0.0127427
0.00878906 0.0163808
0.0107422 0.0200172
0.0126953 0.0236513
0.0146484 0.027283
0.0166016 0.0309121
0.0185547 0.0345383
0.0205078 0.0381617
0.0224609 0.0417819
0.0244141 0.0453991
0.0263672 0.049013
0.0283203 0.0526238
0.0302734 0.0562313
0.0322266 0.0598355
0.0341797 0.0634364
0.0361328 0.067034
0.0380859 0.0706283
0.0400391 0.0742193
0.0419922 0.0778069
0.0439453 0.0813911
0.0458984 0.084972
0.0478516 0.0885496
0.0498047 0.0921237
0.0517578 0.0956944
0.0537109 0.0992618
0.0556641 0.102826
0.0576172 0.106386
0.0595703 0.109943
0.0615234 0.113497
0.0634766 0.117047
0.0654297 0.120594
0.0673828 0.124137
0.0693359 0.127677
0.0712891 0.131213
0.0732422 0.134745
0.0751953 0.138275
0.0771484 0.1418
0.0791016 0.145322
0.0810547 0.148841
0.0830078 0.152356
0.0849609 0.155867
0.0869141 0.159375
0.0888672 0.162879
0.0908203 0.16638
0.0927734 0.169877
0.0947266 0.17337
0.0966797 0.17686
0.0986328 0.180346
0.100586 0.183828
0.102539 0.187307
0.104492 0.190781
0.106445 0.194253
0.108398 0.19772
0.110352 0.201184
0.112305 0.204644
0.114258 0.2081
0.116211 0.211553
0.118164 0.215002
0.120117 0.218446
0.12207 0.221888
0.124023 0.225325
0.125977 0.228758
0.12793 0.232188
0.129883 0.235614
0.131836 0.239036
0.133789 0.242454
0.135742 0.245868
0.137695 0.249278
0.139648 0.252684
0.141602 0.256087
0.143555 0.259485
0.145508 0.262879
0.147461 0.26627
0.149414 0.269656
0.151367 0.273039
0.15332 0.276417
0.155273 0.279792
0.157227 0.283162
0.15918 0.286528
0.161133 0.289891
0.163086 0.293249
0.165039 0.296603
0.166992 0.299953
0.168945 0.303299
0.170898 0.30664
0.172852 0.309978
0.174805 0.313311
0.176758 0.31664
0.178711 0.319965
0.180664 0.323286
0.182617 0.326603
0.18457 0.329915
0.186523 0.333223
0.188477 0.336527
0.19043 0.339826
0.192383 0.343121
0.194336 0.346412
0.196289 0.349698
0.198242 0.352981
0.200195 0.356258
0.202148 0.359532
0.204102 0.362801
0.206055 0.366065
0.208008 0.369325
0.209961 0.372581
0.211914 0.375832
0.213867 0.379079
0.21582 0.382321
0.217773 0.385559
0.219727 0.388792
0.22168 0.39202
0.223633 0.395244
0.225586 0.398464
0.227539 0.401679
0.229492 0.404889
0.231445 0.408094
0.233398 0.411295
0.235352 0.414492
0.237305 0.417683
0.239258 0.42087
0.241211 0.424052
0.243164 0.42723
0.245117 0.430402
0.24707 0.43357
0.249023 0.436733
0.250977 0.439891
0.25293 0.443045
0.254883 0.446193
0.256836 0.449337
0.258789 0.452476
0.260742 0.45561
0.262695 0.458739
0.264648 0.461863
0.266602 0.464982
0.268555 0.468096
0.270508 0.471205
0.272461 0.474309
0.274414 0.477408
0.276367 0.480502
0.27832 0.48359
0.280273 0.486674
0.282227 0.489753
0.28418 0.492826
0.286133 0.495894
0.288086 0.498957
0.290039 0.502015
0.291992 0.505068
0.293945 0.508115
0.295898 0.511157
0.297852 0.514194
0.299805 0.517226
0.301758 0.520252
0.303711 0.523272
0.305664 0.526288
0.307617 0.529298
0.30957 0.532302
0.311523 0.535301
0.313477 0.538295
0.31543 0.541283
0.317383 0.544265
0.319336 0.547242
0.321289 0.550214
0.323242 0.55318
0.325195 0.55614
0.327148 0.559094
0.329102 0.562043
0.331055 0.564987
0.333008 0.567924
0.334961 0.570856
0.336914 0.573782
0.338867 0.576702
0.34082 0.579616
0.342773 0.582525
0.344727 0.585427
0.34668 0.588324
0.348633 0.591215
0.350586 0.5941
0.352539 0.596979
0.354492 0.599852
0.356445 0.602719
0.358398 0.605579
0.360352 0.608434
0.362305 0.611283
0.364258 0.614125
0.366211 0.616962
0.368164 0.619792
0.370117 0.622616
0.37207 0.625433
0.374023 0.628245
0.375977 0.63105
0.37793 0.633848
0.379883 0.636641
0.381836 0.639427
0.383789 0.642206
0.385742 0.644979
0.387695 0.647746
0.389648 0.650506
0.391602 0.65326
0.393555 0.656006
0.395508 0.658747
0.397461 0.66148
0.399414 0.664207
0.401367 0.666928
0.40332 0.669641
0.405273 0.672348
0.407227 0.675048
0.40918 0.677741
0.411133 0.680427
0.413086 0.683107
0.415039 0.685779
0.416992 0.688445
0.418945 0.691103
0.420898 0.693754
0.422852 0.696399
0.424805 0.699036
0.426758 0.701666
0.428711 0.704289
0.430664 0.706904
0.432617 0.709513
0.43457 0.712114
0.436523 0.714707
0.438477 0.717294
0.44043 0.719873
0.442383 0.722444
0.444336 0.725008
0.446289 0.727565
0.448242 0.730113
0.450195 0.732655
0.452148 0.735188
0.454102 0.737714
0.456055 0.740233
0.458008 0.742743
0.459961 0.745246
0.461914 0.74774
0.463867 0.750227
0.46582 0.752706
0.467773 0.755177
0.469727 0.75764
0.47168 0.760095
0.473633 0.762542
0.475586 0.76498
0.477539 0.767411
0.479492 0.769833
0.481445 0.772247
0.483398 0.774652
0.485352 0.777049
0.487305 0.779438
0.489258 0.781818
0.491211 0.78419
0.493164 0.786553
0.495117 0.788908
0.49707 0.791254
0.499023 0.793591
0.500977 0.795919
0.50293 0.798238
0.504883 0.800549
0.506836 0.802851
0.508789 0.805143
0.510742 0.807427
0.512695 0.809702
0.514648 0.811967
0.516602 0.814223
0.518555 0.81647
0.520508 0.818708
0.522461 0.820936
0.524414 0.823155
0.526367 0.825364
0.52832 0.827564
0.530273 0.829755
0.532227 0.831935
0.53418 0.834106
0.536133 0.836267
0.538086 0.838418
0.540039 0.84056
0.541992 0.842691
0.543945 0.844813
0.545898 0.846924
0.547852 0.849025
0.549805 0.851116
0.551758 0.853197
0.553711 0.855267
0.555664 0.857327
0.557617 0.859376
0.55957 0.861415
0.561523 0.863444
0.563477 0.865461
0.56543 0.867468
0.567383 0.869464
0.569336 0.871449
0.571289 0.873423
0.573242 0.875386
0.575195 0.877338
0.577148 0.879279
0.579102 0.881208
0.581055 0.883126
0.583008 0.885033
0.584961 0.886928
0.586914 0.888812
0.588867 0.890684
0.59082 0.892544
0.592773 0.894392
0.594727 0.896228
0.59668 0.898053
0.598633 0.899865
0.600586 0.901665
0.602539 0.903453
0.604492 0.905228
0.606445 0.906991
0.608398 0.908742
0.610352 0.91048
0.612305 0.912205
0.614258 0.913917
0.616211 0.915616
0.618164 0.917303
0.620117 0.918976
0.62207 0.920636
0.624023 0.922283
0.625977 0.923916
0.62793 0.925536
0.629883 0.927142
0.631836 0.928734
0.633789 0.930313
0.635742 0.931877
0.637695 0.933428
0.639648 0.934964
0.641602 0.936486
0.643555 0.937994
0.645508 0.939487
0.647461 0.940966
0.649414 0.94243
0.651367 0.943878
0.65332 0.945312
0.655273 0.946731
0.657227 0.948135
0.65918 0.949523
0.661133 0.950896
0.663086 0.952253
0.665039 0.953594
0.666992 0.954919
0.668945 0.956229
0.670898 0.957522
0.672852 0.958799
0.674805 0.960059
0.676758 0.961303
0.678711 0.962529
0.680664 0.963739
0.682617 0.964932
0.68457 0.966108
0.686523 0.967266
0.688477 0.968407
0.69043 0.96953
0.692383 0.970636
0.694336 0.971723
0.696289 0.972792
0.698242 0.973842
0.700195 0.974874
0.702148 0.975888
0.704102 0.976882
0.706055 0.977857
0.708008 0.978813
0.709961 0.97975
0.711914 0.980667
0.713867 0.981564
0.71582 0.982441
0.717773 0.983298
0.719727 0.984134
0.72168 0.984949
0.723633 0.985744
0.725586 0.986517
0.727539 0.98727
0.729492 0.988
0.731445 0.988709
0.733398 0.989396
0.735352 0.99006
0.737305 0.990702
0.739258 0.991322
0.741211 0.991918
0.743164 0.992491
0.745117 0.99304
0.74707 0.993566
0.749023 0.994068
0.750977 0.994545
0.75293 0.994998
0.754883 0.995426
0.756836 0.995828
0.758789 0.996205
0.760742 0.996557
0.762695 0.996882
0.764648 0.997181
0.766602 0.997453
0.768555 0.997698
0.770508 0.997916
0.772461 0.998105
0.774414 0.998267
0.776367 0.998401
0.77832 0.998505
0.780273 0.998581
0.782227 0.998626
0.78418 0.998642
0.786133 0.998628
0.788086 0.998582
0.790039 0.998506
0.791992 0.998398
0.793945 0.998258
0.795898 0.998085
0.797852 0.99788
0.799805 0.997641
0.801758 0.997368
0.803711 0.997061
0.805664 0.996719
0.807617 0.996341
0.80957 0.995928
0.811523 0.995478
0.813477 0.994991
0.81543 0.994467
0.817383 0.993904
0.819336 0.993303
0.821289 0.992662
0.823242 0.991981
0.825195 0.99126
0.827148 0.990498
0.829102 0.989693
0.831055 0.988846
0.833008 0.987955
0.834961 0.98702
0.836914 0.98604
0.838867 0.985015
0.84082 0.983943
0.842773 0.982824
0.844727 0.981656
0.84668 0.980439
0.848633 0.979173
0.850586 0.977855
0.852539 0.976486
0.854492 0.975064
0.856445 0.973587
0.858398 0.972056
0.860352 0.970469
0.862305 0.968824
0.864258 0.967121
0.866211 0.965358
0.868164 0.963535
0.870117 0.961649
0.87207 0.959699
0.874023 0.957685
0.875977 0.955604
0.87793 0.953455
0.879883 0.951237
0.881836 0.948947
0.883789 0.946585
0.885742 0.944148
0.887695 0.941634
0.889648 0.939042
0.891602 0.936369
0.893555 0.933614
0.895508 0.930775
0.897461 0.927848
0.899414 0.924832
0.901367 0.921724
0.90332 0.918521
0.905273 0.915221
0.907227 0.911821
0.90918 0.908318
0.911133 0.904709
0.913086 0.90099
0.915039 0.897157
0.916992 0.893208
0.918945 0.889138
0.920898 0.884943
0.922852 0.880618
0.924805 0.876159
0.926758 0.871561
0.928711 0.866819
0.930664 0.861927
0.932617 0.856879
0.93457 0.851668
0.936523 0.846289
0.938477 0.840732
0.94043 0.834991
0.942383 0.829058
0.944336 0.822922
0.946289 0.816574
0.948242 0.810003
0.950195 0.803198
0.952148 0.796143
0.954102 0.788832
0.956055 0.781233
0.958008 0.773364
0.959961 0.765132
0.961914 0.756673
0.963867 0.747629
0.96582 0.738685
0.967773 0.728315
0.969727 0.7196
0.97168 0.706097
0.973633 0.700767
0.975586 0.677589
0.977539 0.687605
0.979492 0.632882
0.981445 0.697801
0.983398 0.551599
0.985352 0.776308
0.987305 0.437218
0.989258 0.948903
0.991211 0.466783
0.993164 0.961557
0.995117 0.743389
0.99707 1.98096
0.999023 -0.820856
1 0
