0 0
0.000976562 0.00170931
0.00292969 0.00512775
0.00488281 0.00854567
0.00683594 0.0119628
0.00878906 0.0153787
0.0107422 0.0187932
0.0126953 0.022206
0.0146484 0.025617
0.0166016 0.0290258
0.0185547 0.0324325
0.0205078 0.0358367
0.0224609 0.0392386
0.0244141 0.0426379
0.0263672 0.0460346
0.0283203 0.0494286
0.0302734 0.05282
0.0322266 0.0562087
0.0341797 0.0595947
0.0361328 0.062978
0.0380859 0.0663585
0.0400391 0.0697363
0.0419922 0.0731113
0.0439453 0.0764835
0.0458984 0.079853
0.0478516 0.0832197
0.0498047 0.0865835
0.0517578 0.0899446
0.0537109 0.0933028
0.0556641 0.0966583
0.0576172 0.100011
0.0595703 0.103361
0.0615234 0.106708
0.0634766 0.110052
0.0654297 0.113393
0.0673828 0.116731
0.0693359 0.120066
0.0712891 0.123399
0.0732422 0.126729
0.0751953 0.130055
0.0771484 0.133379
0.0791016 0.1367
0.0810547 0.140018
0.0830078 0.143333
0.0849609 0.146645
0.0869141 0.149954
0.0888672 0.15326
0.0908203 0.156563
0.0927734 0.159863
0.0947266 0.16316
0.0966797 0.166454
0.0986328 0.169745
0.100586 0.173033
0.102539 0.176318
0.104492 0.1796
0.106445 0.182879
0.108398 0.186155
0.110352 0.189427
0.112305 0.192697
0.114258 0.195964
0.116211 0.199227
0.118164 0.202487
0.120117 0.205744
0.12207 0.208998
0.124023 0.212249
0.125977 0.215497
0.12793 0.218741
0.129883 0.221983
0.131836 0.225221
0.133789 0.228456
0.135742 0.231687
0.137695 0.234916
0.139648 0.238141
0.141602 0.241363
0.143555 0.244582
0.145508 0.247797
0.147461 0.25101
0.149414 0.254218
0.151367 0.257424
0.15332 0.260626
0.155273 0.263825
0.157227 0.267021
0.15918 0.270213
0.161133 0.273402
0.163086 0.276588
0.165039 0.27977
0.166992 0.282949
0.168945 0.286124
0.170898 0.289296
0.172852 0.292464
0.174805 0.295629
0.176758 0.298791
0.178711 0.301949
0.180664 0.305104
0.182617 0.308255
0.18457 0.311403
0.186523 0.314547
0.188477 0.317688
0.19043 0.320825
0.192383 0.323958
0.194336 0.327088
0.196289 0.330215
0.198242 0.333338
0.200195 0.336457
0.202148 0.339572
0.204102 0.342684
0.206055 0.345793
0.208008 0.348897
0.209961 0.351998
0.211914 0.355096
0.213867 0.358189
0.21582 0.361279
0.217773 0.364366
0.219727 0.367448
0.22168 0.370527
0.223633 0.373602
0.225586 0.376673
0.227539 0.37974
0.229492 0.382804
0.231445 0.385864
0.233398 0.38892
0.235352 0.391972
0.237305 0.39502
0.239258 0.398064
0.241211 0.401105
0.243164 0.404142
0.245117 0.407174
0.24707 0.410203
0.249023 0.413228
0.250977 0.416249
0.25293 0.419265
0.254883 0.422278
0.256836 0.425287
0.258789 0.428292
0.260742 0.431293
0.262695 0.434289
0.264648 0.437282
0.266602 0.44027
0.268555 0.443255
0.270508 0.446235
0.272461 0.449211
0.274414 0.452183
0.276367 0.455151
0.27832 0.458115
0.280273 0.461075
0.282227 0.46403
0.28418 0.466981
0.286133 0.469928
0.288086 0.47287
0.290039 0.475808
0.291992 0.478742
0.293945 0.481672
0.295898 0.484597
0.297852 0.487518
0.299805 0.490434
0.301758 0.493347
0.303711 0.496254
0.305664 0.499158
0.307617 0.502056
0.30957 0.504951
0.311523 0.507841
0.313477 0.510726
0.31543 0.513607
0.317383 0.516483
0.319336 0.519355
0.321289 0.522222
0.323242 0.525085
0.325195 0.527943
0.327148 0.530796
0.329102 0.533645
0.331055 0.536489
0.333008 0.539328
0.334961 0.542163
0.336914 0.544993
0.338867 0.547818
0.34082 0.550638
0.342773 0.553454
0.344727 0.556265
0.34668 0.559071
0.348633 0.561872
0.350586 0.564668
0.352539 0.567459
0.354492 0.570245
0.356445 0.573027
0.358398 0.575803
0.360352 0.578575
0.362305 0.581341
0.364258 0.584102
0.366211 0.586859
0.368164 0.58961
0.370117 0.592356
0.37207 0.595097
0.374023 0.597833
0.375977 0.600564
0.37793 0.603289
0.379883 0.60601
0.381836 0.608725
0.383789 0.611434
0.385742 0.614139
0.387695 0.616838
0.389648 0.619532
0.391602 0.62222
0.393555 0.624903
0.395508 0.627581
0.397461 0.630253
0.399414 0.63292
0.401367 0.635581
0.40332 0.638237
0.405273 0.640887
0.407227 0.643532
0.40918 0.646171
0.411133 0.648804
0.413086 0.651432
0.415039 0.654054
0.416992 0.65667
0.418945 0.659281
0.420898 0.661886
0.422852 0.664485
0.424805 0.667078
0.426758 0.669665
0.428711 0.672247
0.430664 0.674822
0.432617 0.677392
0.43457 0.679955
0.436523 0.682513
0.438477 0.685065
0.44043 0.68761
0.442383 0.69015
0.444336 0.692683
0.446289 0.69521
0.448242 0.697731
0.450195 0.700246
0.452148 0.702755
0.454102 0.705257
0.456055 0.707753
0.458008 0.710243
0.459961 0.712726
0.461914 0.715203
0.463867 0.717673
0.46582 0.720137
0.467773 0.722594
0.469727 0.725045
0.47168 0.72749
0.473633 0.729927
0.475586 0.732358
0.477539 0.734782
0.479492 0.7372
0.481445 0.739611
0.483398 0.742015
0.485352 0.744412
0.487305 0.746802
0.489258 0.749186
0.491211 0.751562
0.493164 0.753931
0.495117 0.756294
0.49707 0.758649
0.499023 0.760997
0.500977 0.763338
0.50293 0.765672
0.504883 0.767999
0.506836 0.770318
0.508789 0.77263
0.510742 0.774935
0.512695 0.777232
0.514648 0.779522
0.516602 0.781804
0.518555 0.784079
0.520508 0.786346
0.522461 0.788606
0.524414 0.790858
0.526367 0.793102
0.52832 0.795338
0.530273 0.797567
0.532227 0.799788
0.53418 0.802001
0.536133 0.804206
0.538086 0.806403
0.540039 0.808592
0.541992 0.810773
0.543945 0.812945
0.545898 0.81511
0.547852 0.817266
0.549805 0.819414
0.551758 0.821554
0.553711 0.823685
0.555664 0.825808
0.557617 0.827922
0.55957 0.830028
0.561523 0.832125
0.563477 0.834213
0.56543 0.836293
0.567383 0.838364
0.569336 0.840426
0.571289 0.842479
0.573242 0.844523
0.575195 0.846558
0.577148 0.848584
0.579102 0.850601
0.581055 0.852609
0.583008 0.854607
0.584961 0.856597
0.586914 0.858576
0.588867 0.860547
0.59082 0.862507
0.592773 0.864459
0.594727 0.8664
0.59668 0.868332
0.598633 0.870254
0.600586 0.872166
0.602539 0.874069
0.604492 0.875961
0.606445 0.877843
0.608398 0.879715
0.610352 0.881577
0.612305 0.883429
0.614258 0.88527
0.616211 0.887101
0.618164 0.888921
0.620117 0.890731
0.62207 0.89253
0.624023 0.894319
0.625977 0.896096
0.62793 0.897863
0.629883 0.899618
0.631836 0.901363
0.633789 0.903096
0.635742 0.904818
0.637695 0.906529
0.639648 0.908229
0.641602 0.909917
0.643555 0.911593
0.645508 0.913258
0.647461 0.91491
0.649414 0.916551
0.651367 0.918181
0.65332 0.919797
0.655273 0.921402
0.657227 0.922995
0.65918 0.924575
0.661133 0.926143
0.663086 0.927698
0.665039 0.929241
0.666992 0.93077
0.668945 0.932287
0.670898 0.933791
0.672852 0.935282
0.674805 0.936759
0.676758 0.938224
0.678711 0.939675
0.680664 0.941112
0.682617 0.942535
0.68457 0.943945
0.686523 0.945341
0.688477 0.946723
0.69043 0.948091
0.692383 0.949444
0.694336 0.950783
0.696289 0.952107
0.698242 0.953417
0.700195 0.954712
0.702148 0.955992
0.704102 0.957257
0.706055 0.958506
0.708008 0.959741
0.709961 0.960959
0.711914 0.962162
0.713867 0.96335
0.71582 0.964521
0.717773 0.965676
0.719727 0.966815
0.72168 0.967937
0.723633 0.969043
0.725586 0.970131
0.727539 0.971203
0.729492 0.972258
0.731445 0.973296
0.733398 0.974316
0.735352 0.975318
0.737305 0.976303
0.739258 0.977269
0.741211 0.978217
0.743164 0.979147
0.745117 0.980058
0.74707 0.98095
0.749023 0.981824
0.750977 0.982678
0.75293 0.983512
0.754883 0.984327
0.756836 0.985122
0.758789 0.985897
0.760742 0.986652
0.762695 0.987386
0.764648 0.988099
0.766602 0.988791
0.768555 0.989462
0.770508 0.990111
0.772461 0.990739
0.774414 0.991344
0.776367 0.991927
0.77832 0.992487
0.780273 0.993025
0.782227 0.993539
0.78418 0.99403
0.786133 0.994497
0.788086 0.99494
0.790039 0.995358
0.791992 0.995752
0.793945 0.996121
0.795898 0.996465
0.797852 0.996782
0.799805 0.997074
0.801758 0.997339
0.803711 0.997578
0.805664 0.997789
0.807617 0.997973
0.80957 0.998129
0.811523 0.998257
0.813477 0.998356
0.81543 0.998426
0.817383 0.998466
0.819336 0.998476
0.821289 0.998456
0.823242 0.998405
0.825195 0.998323
0.827148 0.998208
0.829102 0.998062
0.831055 0.997883
0.833008 0.99767
0.834961 0.997423
0.836914 0.997142
0.838867 0.996826
0.84082 0.996474
0.842773 0.996086
0.844727 0.995661
0.84668 0.995199
0.848633 0.994698
0.850586 0.994159
0.852539 0.993581
0.854492 0.992962
0.856445 0.992302
0.858398 0.991601
0.860352 0.990857
0.862305 0.99007
0.864258 0.989239
0.866211 0.988363
0.868164 0.987441
0.870117 0.986472
0.87207 0.985456
0.874023 0.984391
0.875977 0.983276
0.87793 0.982111
0.879883 0.980894
0.881836 0.979624
0.883789 0.9783
0.885742 0.976921
0.887695 0.975485
0.889648 0.973991
0.891602 0.972439
0.893555 0.970825
0.895508 0.96915
0.897461 0.96741
0.899414 0.965607
0.901367 0.963734
0.90332 0.961797
0.905273 0.959784
0.907227 0.957707
0.90918 0.955543
0.911133 0.953323
0.913086 0.950993
0.915039 0.948631
0.916992 0.946111
0.918945 0.943621
0.920898 0.940865
0.922852 0.938293
0.924805 0.935206
0.926758 0.932663
0.928711 0.929048
0.930664 0.9268
0.932617 0.922233
0.93457 0.920865
0.936523 0.914461
0.938477 0.915207
0.94043 0.90518
0.942383 0.910516
0.944336 0.893411
0.946289 0.908046
0.948242 0.877555
0.950195 0.909943
0.952148 0.855246
0.954102 0.919733
0.956055 0.823396
0.958008 0.94336
0.959961 0.778559
0.961914 0.992065
0.963867 0.717849
0.96582 1.09045
0.967773 0.642387
0.969727 1.29527
0.97168 0.569163
0.973633 1.71996
0.975586 0.544627
0.977539 2.49354
0.979492 0.612575
0.981445 3.59593
0.983398 0.764122
0.985352 4.87497
0.987305 0.963806
0.989258 6.22431
0.991211 -0.154726
0.993164 -0.208768
0.995117 0.162721
0.99707 0.223282
0.999023 -11.4441
1 0
