0 0
0.000976562 0.00169155
0.00292969 0.00507447
0.00488281 0.00845691
0.00683594 0.0118385
0.00878906 0.0152191
0.0107422 0.0185983
0.0126953 0.0219758
0.0146484 0.0253516
0.0166016 0.0287253
0.0185547 0.0320969
0.0205078 0.0354662
0.0224609 0.0388332
0.0244141 0.0421977
0.0263672 0.0455597
0.0283203 0.0489192
0.0302734 0.0522761
0.0322266 0.0556304
0.0341797 0.058982
0.0361328 0.0623311
0.0380859 0.0656774
0.0400391 0.0690211
0.0419922 0.0723621
0.0439453 0.0757005
0.0458984 0.0790361
0.0478516 0.082369
0.0498047 0.0856993
0.0517578 0.0890268
0.0537109 0.0923516
0.0556641 0.0956736
0.0576172 0.0989929
0.0595703 0.102309
0.0615234 0.105623
0.0634766 0.108934
0.0654297 0.112242
0.0673828 0.115548
0.0693359 0.118851
0.0712891 0.12215
0.0732422 0.125447
0.0751953 0.128742
0.0771484 0.132033
0.0791016 0.135322
0.0810547 0.138607
0.0830078 0.14189
0.0849609 0.14517
0.0869141 0.148447
0.0888672 0.151721
0.0908203 0.154993
0.0927734 0.158261
0.0947266 0.161527
0.0966797 0.164789
0.0986328 0.168049
0.100586 0.171306
0.102539 0.174559
0.104492 0.17781
0.106445 0.181058
0.108398 0.184303
0.110352 0.187545
0.112305 0.190784
0.114258 0.19402
0.116211 0.197253
0.118164 0.200482
0.120117 0.203709
0.12207 0.206933
0.124023 0.210154
0.125977 0.213371
0.12793 0.216586
0.129883 0.219797
0.131836 0.223006
0.133789 0.226211
0.135742 0.229413
0.137695 0.232612
0.139648 0.235808
0.141602 0.239001
0.143555 0.242191
0.145508 0.245377
0.147461 0.24856
0.149414 0.251741
0.151367 0.254917
0.15332 0.258091
0.155273 0.261262
0.157227 0.264429
0.15918 0.267593
0.161133 0.270754
0.163086 0.273911
0.165039 0.277065
0.166992 0.280216
0.168945 0.283364
0.170898 0.286508
0.172852 0.289649
0.174805 0.292787
0.176758 0.295921
0.178711 0.299052
0.180664 0.302179
0.182617 0.305304
0.18457 0.308424
0.186523 0.311542
0.188477 0.314656
0.19043 0.317766
0.192383 0.320874
0.194336 0.323977
0.196289 0.327077
0.198242 0.330174
0.200195 0.333267
0.202148 0.336357
0.204102 0.339443
0.206055 0.342526
0.208008 0.345605
0.209961 0.348681
0.211914 0.351753
0.213867 0.354821
0.21582 0.357886
0.217773 0.360948
0.219727 0.364005
0.22168 0.367059
0.223633 0.37011
0.225586 0.373157
0.227539 0.3762
0.229492 0.379239
0.231445 0.382275
0.233398 0.385307
0.235352 0.388335
0.237305 0.391359
0.239258 0.39438
0.241211 0.397397
0.243164 0.40041
0.245117 0.40342
0.24707 0.406426
0.249023 0.409427
0.250977 0.412425
0.25293 0.415419
0.254883 0.41841
0.256836 0.421396
0.258789 0.424379
0.260742 0.427357
0.262695 0.430332
0.264648 0.433302
0.266602 0.436269
0.268555 0.439232
0.270508 0.442191
0.272461 0.445145
0.274414 0.448096
0.276367 0.451043
0.27832 0.453986
0.280273 0.456924
0.282227 0.459859
0.28418 0.462789
0.286133 0.465715
0.288086 0.468638
0.290039 0.471556
0.291992 0.474469
0.293945 0.477379
0.295898 0.480285
0.297852 0.483186
0.299805 0.486083
0.301758 0.488976
0.303711 0.491864
0.305664 0.494748
0.307617 0.497628
0.30957 0.500504
0.311523 0.503375
0.313477 0.506242
0.31543 0.509104
0.317383 0.511963
0.319336 0.514816
0.321289 0.517666
0.323242 0.52051
0.325195 0.523351
0.327148 0.526187
0.329102 0.529018
0.331055 0.531845
0.333008 0.534667
0.334961 0.537485
0.336914 0.540298
0.338867 0.543107
0.34082 0.545911
0.342773 0.54871
0.344727 0.551505
0.34668 0.554295
0.348633 0.55708
0.350586 0.559861
0.352539 0.562636
0.354492 0.565408
0.356445 0.568174
0.358398 0.570935
0.360352 0.573692
0.362305 0.576444
0.364258 0.579191
0.366211 0.581933
0.368164 0.58467
0.370117 0.587402
0.37207 0.590129
0.374023 0.592851
0.375977 0.595569
0.37793 0.598281
0.379883 0.600988
0.381836 0.60369
0.383789 0.606387
0.385742 0.609079
0.387695 0.611766
0.389648 0.614447
0.391602 0.617124
0.393555 0.619795
0.395508 0.622461
0.397461 0.625121
0.399414 0.627777
0.401367 0.630427
0.40332 0.633071
0.405273 0.635711
0.407227 0.638345
0.40918 0.640973
0.411133 0.643596
0.413086 0.646214
0.415039 0.648826
0.416992 0.651433
0.418945 0.654034
0.420898 0.656629
0.422852 0.659219
0.424805 0.661804
0.426758 0.664382
0.428711 0.666955
0.430664 0.669522
0.432617 0.672084
0.43457 0.67464
0.436523 0.67719
0.438477 0.679734
0.44043 0.682272
0.442383 0.684804
0.444336 0.687331
0.446289 0.689851
0.448242 0.692366
0.450195 0.694874
0.452148 0.697377
0.454102 0.699873
0.456055 0.702363
0.458008 0.704847
0.459961 0.707325
0.461914 0.709797
0.463867 0.712263
0.46582 0.714722
0.467773 0.717175
0.469727 0.719622
0.47168 0.722062
0.473633 0.724496
0.475586 0.726923
0.477539 0.729344
0.479492 0.731759
0.481445 0.734167
0.483398 0.736568
0.485352 0.738963
0.487305 0.741351
0.489258 0.743733
0.491211 0.746107
0.493164 0.748475
0.495117 0.750837
0.49707 0.753191
0.499023 0.755539
0.500977 0.757879
0.50293 0.760213
0.504883 0.762539
0.506836 0.764859
0.508789 0.767172
0.510742 0.769477
0.512695 0.771775
0.514648 0.774066
0.516602 0.77635
0.518555 0.778627
0.520508 0.780896
0.522461 0.783158
0.524414 0.785413
0.526367 0.78766
0.52832 0.789899
0.530273 0.792132
0.532227 0.794356
0.53418 0.796573
0.536133 0.798782
0.538086 0.800983
0.540039 0.803177
0.541992 0.805363
0.543945 0.807541
0.545898 0.809711
0.547852 0.811873
0.549805 0.814028
0.551758 0.816174
0.553711 0.818312
0.555664 0.820441
0.557617 0.822563
0.55957 0.824676
0.561523 0.826781
0.563477 0.828878
0.56543 0.830966
0.567383 0.833046
0.569336 0.835117
0.571289 0.83718
0.573242 0.839234
0.575195 0.841279
0.577148 0.843316
0.579102 0.845343
0.581055 0.847362
0.583008 0.849372
0.584961 0.851373
0.586914 0.853365
0.588867 0.855348
0.59082 0.857321
0.592773 0.859286
0.594727 0.861241
0.59668 0.863186
0.598633 0.865122
0.600586 0.867049
0.602539 0.868966
0.604492 0.870874
0.606445 0.872772
0.608398 0.87466
0.610352 0.876538
0.612305 0.878406
0.614258 0.880264
0.616211 0.882113
0.618164 0.883951
0.620117 0.885779
0.62207 0.887596
0.624023 0.889403
0.625977 0.8912
0.62793 0.892987
0.629883 0.894762
0.631836 0.896527
0.633789 0.898282
0.635742 0.900025
0.637695 0.901758
0.639648 0.903479
0.641602 0.90519
0.643555 0.906889
0.645508 0.908577
0.647461 0.910254
0.649414 0.911919
0.651367 0.913573
0.65332 0.915215
0.655273 0.916845
0.657227 0.918464
0.65918 0.920071
0.661133 0.921665
0.663086 0.923248
0.665039 0.924818
0.666992 0.926377
0.668945 0.927922
0.670898 0.929456
0.672852 0.930976
0.674805 0.932484
0.676758 0.933979
0.678711 0.935461
0.680664 0.93693
0.682617 0.938386
0.68457 0.939829
0.686523 0.941258
0.688477 0.942674
0.69043 0.944076
0.692383 0.945465
0.694336 0.946839
0.696289 0.9482
0.698242 0.949546
0.700195 0.950878
0.702148 0.952196
0.704102 0.953499
0.706055 0.954788
0.708008 0.956061
0.709961 0.95732
0.711914 0.958564
0.713867 0.959793
0.71582 0.961006
0.717773 0.962203
0.719727 0.963385
0.72168 0.964552
0.723633 0.965702
0.725586 0.966836
0.727539 0.967954
0.729492 0.969055
0.731445 0.97014
0.733398 0.971207
0.735352 0.972258
0.737305 0.973292
0.739258 0.974308
0.741211 0.975307
0.743164 0.976289
0.745117 0.977252
0.74707 0.978197
0.749023 0.979124
0.750977 0.980033
0.75293 0.980923
0.754883 0.981794
0.756836 0.982645
0.758789 0.983478
0.760742 0.984291
0.762695 0.985084
0.764648 0.985858
0.766602 0.986611
0.768555 0.987344
0.770508 0.988056
0.772461 0.988747
0.774414 0.989417
0.776367 0.990065
0.77832 0.990692
0.780273 0.991297
0.782227 0.99188
0.78418 0.99244
0.786133 0.992977
0.788086 0.993492
0.790039 0.993983
0.791992 0.99445
0.793945 0.994893
0.795898 0.995312
0.797852 0.995707
0.799805 0.996076
0.801758 0.996421
0.803711 0.996739
0.805664 0.997032
0.807617 0.997298
0.80957 0.997538
0.811523 0.997751
0.813477 0.997936
0.81543 0.998093
0.817383 0.998222
0.819336 0.998323
0.821289 0.998394
0.823242 0.998436
0.825195 0.998448
0.827148 0.99843
0.829102 0.99838
0.831055 0.998299
0.833008 0.998187
0.834961 0.998042
0.836914 0.997864
0.838867 0.997653
0.84082 0.997408
0.842773 0.997128
0.844727 0.996813
0.84668 0.996463
0.848633 0.996076
0.850586 0.995652
0.852539 0.995191
0.854492 0.994692
0.856445 0.994153
0.858398 0.993575
0.860352 0.992957
0.862305 0.992297
0.864258 0.991596
0.866211 0.990851
0.868164 0.990064
0.870117 0.989232
0.87207 0.988354
0.874023 0.987431
0.875977 0.98646
0.87793 0.985441
0.879883 0.984374
0.881836 0.983256
0.883789 0.982086
0.885742 0.980865
0.887695 0.97959
0.889648 0.97826
0.891602 0.976875
0.893555 0.97543
0.895508 0.97393
0.897461 0.972366
0.899414 0.970747
0.901367 0.969054
0.90332 0.967313
0.905273 0.96548
0.907227 0.963618
0.90918 0.961628
0.911133 0.959654
0.913086 0.957474
0.915039 0.955416
0.916992 0.952985
0.918945 0.950912
0.920898 0.948111
0.922852 0.94617
0.924805 0.942764
0.926758 0.94126
0.928711 0.9368
0.930664 0.93633
0.932617 0.929971
0.93457 0.931647
0.936523 0.921876
0.938477 0.927675
0.94043 0.911887
0.942383 0.925171
0.944336 0.899061
0.946289 0.925348
0.948242 0.88203
0.950195 0.930203
0.952148 0.858807
0.954102 0.943278
0.956055 0.826511
0.958008 0.971422
0.959961 0.781248
0.961914 1.02868
0.963867 0.719541
0.96582 1.14465
0.967773 0.644515
0.969727 1.38094
0.97168 0.578857
0.973633 1.84808
0.975586 0.568614
0.977539 2.65104
0.979492 0.647216
0.981445 3.75137
0.983398 0.800262
0.985352 5.02076
0.987305 0.995113
0.989258 6.3705
0.991211 -0.14967
0.993164 -0.117425
0.995117 0.134237
0.99707 0.111773
0.999023 -0.780345
1 0
