0 0
0.000976562 0.00168571
0.00292969 0.00505696
0.00488281 0.00842773
0.00683594 0.0117977
0.00878906 0.0151666
0.0107422 0.0185342
0.0126953 0.0219001
0.0146484 0.0252643
0.0166016 0.0286265
0.0185547 0.0319866
0.0205078 0.0353444
0.0224609 0.0386999
0.0244141 0.042053
0.0263672 0.0454036
0.0283203 0.0487517
0.0302734 0.0520972
0.0322266 0.0554402
0.0341797 0.0587806
0.0361328 0.0621183
0.0380859 0.0654535
0.0400391 0.0687859
0.0419922 0.0721158
0.0439453 0.075443
0.0458984 0.0787675
0.0478516 0.0820893
0.0498047 0.0854085
0.0517578 0.0887249
0.0537109 0.0920387
0.0556641 0.0953498
0.0576172 0.0986581
0.0595703 0.101964
0.0615234 0.105267
0.0634766 0.108567
0.0654297 0.111864
0.0673828 0.115159
0.0693359 0.118451
0.0712891 0.12174
0.0732422 0.125026
0.0751953 0.12831
0.0771484 0.13159
0.0791016 0.134868
0.0810547 0.138143
0.0830078 0.141416
0.0849609 0.144685
0.0869141 0.147952
0.0888672 0.151215
0.0908203 0.154476
0.0927734 0.157734
0.0947266 0.160989
0.0966797 0.164242
0.0986328 0.167491
0.100586 0.170737
0.102539 0.173981
0.104492 0.177221
0.106445 0.180459
0.108398 0.183694
0.110352 0.186925
0.112305 0.190154
0.114258 0.19338
0.116211 0.196603
0.118164 0.199823
0.120117 0.20304
0.12207 0.206253
0.124023 0.209464
0.125977 0.212672
0.12793 0.215877
0.129883 0.219078
0.131836 0.222277
0.133789 0.225472
0.135742 0.228665
0.137695 0.231854
0.139648 0.23504
0.141602 0.238224
0.143555 0.241404
0.145508 0.244581
0.147461 0.247754
0.149414 0.250925
0.151367 0.254092
0.15332 0.257257
0.155273 0.260418
0.157227 0.263575
0.15918 0.26673
0.161133 0.269882
0.163086 0.27303
0.165039 0.276175
0.166992 0.279316
0.168945 0.282455
0.170898 0.28559
0.172852 0.288722
0.174805 0.291851
0.176758 0.294976
0.178711 0.298098
0.180664 0.301216
0.182617 0.304332
0.18457 0.307444
0.186523 0.310552
0.188477 0.313657
0.19043 0.316759
0.192383 0.319858
0.194336 0.322953
0.196289 0.326044
0.198242 0.329132
0.200195 0.332217
0.202148 0.335298
0.204102 0.338376
0.206055 0.34145
0.208008 0.344521
0.209961 0.347588
0.211914 0.350652
0.213867 0.353712
0.21582 0.356769
0.217773 0.359822
0.219727 0.362871
0.22168 0.365917
0.223633 0.368959
0.225586 0.371998
0.227539 0.375033
0.229492 0.378064
0.231445 0.381092
0.233398 0.384116
0.235352 0.387136
0.237305 0.390153
0.239258 0.393166
0.241211 0.396175
0.243164 0.399181
0.245117 0.402183
0.24707 0.405181
0.249023 0.408175
0.250977 0.411165
0.25293 0.414152
0.254883 0.417134
0.256836 0.420113
0.258789 0.423088
0.260742 0.42606
0.262695 0.429027
0.264648 0.43199
0.266602 0.43495
0.268555 0.437905
0.270508 0.440857
0.272461 0.443805
0.274414 0.446748
0.276367 0.449688
0.27832 0.452624
0.280273 0.455555
0.282227 0.458483
0.28418 0.461407
0.286133 0.464326
0.288086 0.467242
0.290039 0.470153
0.291992 0.47306
0.293945 0.475963
0.295898 0.478862
0.297852 0.481757
0.299805 0.484647
0.301758 0.487534
0.303711 0.490416
0.305664 0.493294
0.307617 0.496167
0.30957 0.499037
0.311523 0.501902
0.313477 0.504762
0.31543 0.507619
0.317383 0.510471
0.319336 0.513319
0.321289 0.516162
0.323242 0.519001
0.325195 0.521835
0.327148 0.524665
0.329102 0.527491
0.331055 0.530312
0.333008 0.533129
0.334961 0.535941
0.336914 0.538749
0.338867 0.541552
0.34082 0.54435
0.342773 0.547144
0.344727 0.549933
0.34668 0.552718
0.348633 0.555498
0.350586 0.558273
0.352539 0.561044
0.354492 0.56381
0.356445 0.566571
0.358398 0.569328
0.360352 0.572079
0.362305 0.574826
0.364258 0.577568
0.366211 0.580305
0.368164 0.583038
0.370117 0.585765
0.37207 0.588488
0.374023 0.591205
0.375977 0.593918
0.37793 0.596626
0.379883 0.599329
0.381836 0.602026
0.383789 0.604719
0.385742 0.607407
0.387695 0.610089
0.389648 0.612767
0.391602 0.615439
0.393555 0.618106
0.395508 0.620768
0.397461 0.623425
0.399414 0.626076
0.401367 0.628723
0.40332 0.631364
0.405273 0.633999
0.407227 0.63663
0.40918 0.639255
0.411133 0.641874
0.413086 0.644489
0.415039 0.647097
0.416992 0.649701
0.418945 0.652299
0.420898 0.654891
0.422852 0.657478
0.424805 0.660059
0.426758 0.662635
0.428711 0.665205
0.430664 0.667769
0.432617 0.670328
0.43457 0.672881
0.436523 0.675428
0.438477 0.677969
0.44043 0.680505
0.442383 0.683035
0.444336 0.685559
0.446289 0.688077
0.448242 0.690589
0.450195 0.693096
0.452148 0.695596
0.454102 0.69809
0.456055 0.700579
0.458008 0.703061
0.459961 0.705537
0.461914 0.708007
0.463867 0.710471
0.46582 0.712928
0.467773 0.71538
0.469727 0.717825
0.47168 0.720264
0.473633 0.722696
0.475586 0.725123
0.477539 0.727542
0.479492 0.729956
0.481445 0.732363
0.483398 0.734763
0.485352 0.737157
0.487305 0.739544
0.489258 0.741925
0.491211 0.744299
0.493164 0.746666
0.495117 0.749027
0.49707 0.751381
0.499023 0.753728
0.500977 0.756068
0.50293 0.758402
0.504883 0.760728
0.506836 0.763048
0.508789 0.76536
0.510742 0.767666
0.512695 0.769965
0.514648 0.772256
0.516602 0.77454
0.518555 0.776817
0.520508 0.779087
0.522461 0.78135
0.524414 0.783605
0.526367 0.785853
0.52832 0.788093
0.530273 0.790326
0.532227 0.792552
0.53418 0.79477
0.536133 0.79698
0.538086 0.799183
0.540039 0.801378
0.541992 0.803565
0.543945 0.805745
0.545898 0.807917
0.547852 0.810081
0.549805 0.812237
0.551758 0.814385
0.553711 0.816525
0.555664 0.818657
0.557617 0.82078
0.55957 0.822896
0.561523 0.825004
0.563477 0.827103
0.56543 0.829194
0.567383 0.831276
0.569336 0.83335
0.571289 0.835416
0.573242 0.837473
0.575195 0.839521
0.577148 0.841561
0.579102 0.843592
0.581055 0.845614
0.583008 0.847628
0.584961 0.849632
0.586914 0.851628
0.588867 0.853615
0.59082 0.855592
0.592773 0.857561
0.594727 0.85952
0.59668 0.86147
0.598633 0.86341
0.600586 0.865342
0.602539 0.867264
0.604492 0.869176
0.606445 0.871078
0.608398 0.872972
0.610352 0.874855
0.612305 0.876728
0.614258 0.878592
0.616211 0.880446
0.618164 0.882289
0.620117 0.884123
0.62207 0.885947
0.624023 0.88776
0.625977 0.889563
0.62793 0.891355
0.629883 0.893137
0.631836 0.894909
0.633789 0.89667
0.635742 0.89842
0.637695 0.90016
0.639648 0.901888
0.641602 0.903606
0.643555 0.905312
0.645508 0.907008
0.647461 0.908692
0.649414 0.910365
0.651367 0.912027
0.65332 0.913677
0.655273 0.915316
0.657227 0.916943
0.65918 0.918558
0.661133 0.920161
0.663086 0.921752
0.665039 0.923332
0.666992 0.924899
0.668945 0.926454
0.670898 0.927997
0.672852 0.929527
0.674805 0.931044
0.676758 0.932549
0.678711 0.934041
0.680664 0.935521
0.682617 0.936987
0.68457 0.93844
0.686523 0.93988
0.688477 0.941307
0.69043 0.94272
0.692383 0.94412
0.694336 0.945505
0.696289 0.946878
0.698242 0.948236
0.700195 0.94958
0.702148 0.95091
0.704102 0.952225
0.706055 0.953526
0.708008 0.954813
0.709961 0.956084
0.711914 0.957341
0.713867 0.958583
0.71582 0.95981
0.717773 0.961021
0.719727 0.962217
0.72168 0.963397
0.723633 0.964562
0.725586 0.96571
0.727539 0.966843
0.729492 0.967959
0.731445 0.969059
0.733398 0.970142
0.735352 0.971209
0.737305 0.972258
0.739258 0.973291
0.741211 0.974306
0.743164 0.975304
0.745117 0.976284
0.74707 0.977246
0.749023 0.978191
0.750977 0.979117
0.75293 0.980024
0.754883 0.980913
0.756836 0.981784
0.758789 0.982635
0.760742 0.983467
0.762695 0.984279
0.764648 0.985072
0.766602 0.985845
0.768555 0.986597
0.770508 0.98733
0.772461 0.988041
0.774414 0.988732
0.776367 0.989402
0.77832 0.99005
0.780273 0.990677
0.782227 0.991281
0.78418 0.991864
0.786133 0.992424
0.788086 0.992962
0.790039 0.993476
0.791992 0.993967
0.793945 0.994434
0.795898 0.994878
0.797852 0.995297
0.799805 0.995692
0.801758 0.996061
0.803711 0.996406
0.805664 0.996725
0.807617 0.997018
0.80957 0.997285
0.811523 0.997525
0.813477 0.997738
0.81543 0.997924
0.817383 0.998081
0.819336 0.998211
0.821289 0.998312
0.823242 0.998384
0.825195 0.998426
0.827148 0.998439
0.829102 0.998421
0.831055 0.998372
0.833008 0.998292
0.834961 0.99818
0.836914 0.998035
0.838867 0.997858
0.84082 0.997647
0.842773 0.997403
0.844727 0.997124
0.84668 0.996809
0.848633 0.996459
0.850586 0.996073
0.852539 0.99565
0.854492 0.995189
0.856445 0.994689
0.858398 0.994151
0.860352 0.993573
0.862305 0.992955
0.864258 0.992295
0.866211 0.991594
0.868164 0.99085
0.870117 0.990062
0.87207 0.989229
0.874023 0.988351
0.875977 0.987427
0.87793 0.986456
0.879883 0.985437
0.881836 0.984368
0.883789 0.983249
0.885742 0.982078
0.887695 0.980855
0.889648 0.979578
0.891602 0.978247
0.893555 0.976857
0.895508 0.975415
0.897461 0.973906
0.899414 0.972348
0.901367 0.97071
0.90332 0.969037
0.905273 0.967257
0.907227 0.965472
0.90918 0.963528
0.911133 0.961648
0.913086 0.959496
0.915039 0.957564
0.916992 0.955125
0.918945 0.953235
0.920898 0.950355
0.922852 0.948701
0.924805 0.945089
0.926758 0.944046
0.928711 0.939167
0.930664 0.939432
0.932617 0.932329
0.93457 0.935142
0.936523 0.924171
0.938477 0.931638
0.94043 0.91408
0.942383 0.929664
0.944336 0.901146
0.946289 0.930427
0.948242 0.884012
0.950195 0.935991
0.952148 0.860631
0.954102 0.95014
0.956055 0.827948
0.958008 0.980214
0.959961 0.781967
0.961914 1.04096
0.963867 0.719609
0.96582 1.16283
0.967773 0.645142
0.969727 1.4086
0.97168 0.582208
0.973633 1.88897
0.975586 0.575674
0.977539 2.70441
0.979492 0.656314
0.981445 3.81217
0.983398 0.81001
0.985352 5.08359
0.987305 1.00512
0.989258 6.43295
0.991211 -0.148411
0.993164 -0.109696
0.995117 0.13269
0.99707 0.0926188
0.999023 -0.465631
1 0
