0 0
0.000976562 0.00165711
0.00292969 0.00497119
0.00488281 0.00828481
0.00683594 0.0115977
0.00878906 0.0149096
0.0107422 0.0182202
0.0126953 0.0215294
0.0146484 0.0248368
0.0166016 0.0281424
0.0185547 0.0314461
0.0205078 0.0347476
0.0224609 0.0380469
0.0244141 0.041344
0.0263672 0.0446387
0.0283203 0.047931
0.0302734 0.0512209
0.0322266 0.0545084
0.0341797 0.0577934
0.0361328 0.0610759
0.0380859 0.064356
0.0400391 0.0676335
0.0419922 0.0709085
0.0439453 0.074181
0.0458984 0.077451
0.0478516 0.0807184
0.0498047 0.0839833
0.0517578 0.0872456
0.0537109 0.0905053
0.0556641 0.0937625
0.0576172 0.0970171
0.0595703 0.100269
0.0615234 0.103519
0.0634766 0.106765
0.0654297 0.11001
0.0673828 0.113251
0.0693359 0.11649
0.0712891 0.119726
0.0732422 0.12296
0.0751953 0.126191
0.0771484 0.12942
0.0791016 0.132645
0.0810547 0.135868
0.0830078 0.139089
0.0849609 0.142306
0.0869141 0.145521
0.0888672 0.148733
0.0908203 0.151943
0.0927734 0.15515
0.0947266 0.158354
0.0966797 0.161555
0.0986328 0.164754
0.100586 0.16795
0.102539 0.171143
0.104492 0.174333
0.106445 0.17752
0.108398 0.180705
0.110352 0.183887
0.112305 0.187066
0.114258 0.190242
0.116211 0.193416
0.118164 0.196586
0.120117 0.199754
0.12207 0.202919
0.124023 0.206081
0.125977 0.20924
0.12793 0.212396
0.129883 0.215549
0.131836 0.2187
0.133789 0.221847
0.135742 0.224992
0.137695 0.228134
0.139648 0.231272
0.141602 0.234408
0.143555 0.237541
0.145508 0.240671
0.147461 0.243798
0.149414 0.246921
0.151367 0.250042
0.15332 0.25316
0.155273 0.256275
0.157227 0.259387
0.15918 0.262495
0.161133 0.265601
0.163086 0.268704
0.165039 0.271803
0.166992 0.2749
0.168945 0.277993
0.170898 0.281083
0.172852 0.28417
0.174805 0.287254
0.176758 0.290335
0.178711 0.293413
0.180664 0.296487
0.182617 0.299559
0.18457 0.302627
0.186523 0.305692
0.188477 0.308754
0.19043 0.311812
0.192383 0.314868
0.194336 0.31792
0.196289 0.320968
0.198242 0.324014
0.200195 0.327056
0.202148 0.330095
0.204102 0.333131
0.206055 0.336164
0.208008 0.339193
0.209961 0.342218
0.211914 0.345241
0.213867 0.34826
0.21582 0.351276
0.217773 0.354288
0.219727 0.357297
0.22168 0.360302
0.223633 0.363305
0.225586 0.366303
0.227539 0.369298
0.229492 0.37229
0.231445 0.375279
0.233398 0.378263
0.235352 0.381245
0.237305 0.384223
0.239258 0.387197
0.241211 0.390168
0.243164 0.393135
0.245117 0.396099
0.24707 0.399059
0.249023 0.402015
0.250977 0.404968
0.25293 0.407917
0.254883 0.410863
0.256836 0.413805
0.258789 0.416744
0.260742 0.419678
0.262695 0.422609
0.264648 0.425537
0.266602 0.42846
0.268555 0.43138
0.270508 0.434296
0.272461 0.437209
0.274414 0.440117
0.276367 0.443022
0.27832 0.445923
0.280273 0.448821
0.282227 0.451714
0.28418 0.454604
0.286133 0.457489
0.288086 0.460371
0.290039 0.463249
0.291992 0.466123
0.293945 0.468993
0.295898 0.47186
0.297852 0.474722
0.299805 0.47758
0.301758 0.480434
0.303711 0.483285
0.305664 0.486131
0.307617 0.488973
0.30957 0.491811
0.311523 0.494645
0.313477 0.497475
0.31543 0.500301
0.317383 0.503123
0.319336 0.505941
0.321289 0.508755
0.323242 0.511564
0.325195 0.514369
0.327148 0.51717
0.329102 0.519967
0.331055 0.522759
0.333008 0.525548
0.334961 0.528332
0.336914 0.531111
0.338867 0.533887
0.34082 0.536658
0.342773 0.539425
0.344727 0.542187
0.34668 0.544945
0.348633 0.547699
0.350586 0.550448
0.352539 0.553192
0.354492 0.555933
0.356445 0.558668
0.358398 0.5614
0.360352 0.564127
0.362305 0.566849
0.364258 0.569566
0.366211 0.572279
0.368164 0.574988
0.370117 0.577692
0.37207 0.580391
0.374023 0.583086
0.375977 0.585775
0.37793 0.588461
0.379883 0.591141
0.381836 0.593817
0.383789 0.596488
0.385742 0.599154
0.387695 0.601815
0.389648 0.604472
0.391602 0.607123
0.393555 0.60977
0.395508 0.612412
0.397461 0.615049
0.399414 0.617681
0.401367 0.620308
0.40332 0.62293
0.405273 0.625547
0.407227 0.628159
0.40918 0.630765
0.411133 0.633367
0.413086 0.635964
0.415039 0.638555
0.416992 0.641142
0.418945 0.643723
0.420898 0.646299
0.422852 0.64887
0.424805 0.651435
0.426758 0.653995
0.428711 0.65655
0.430664 0.6591
0.432617 0.661644
0.43457 0.664182
0.436523 0.666716
0.438477 0.669244
0.44043 0.671766
0.442383 0.674283
0.444336 0.676794
0.446289 0.6793
0.448242 0.6818
0.450195 0.684295
0.452148 0.686784
0.454102 0.689267
0.456055 0.691745
0.458008 0.694217
0.459961 0.696683
0.461914 0.699143
0.463867 0.701597
0.46582 0.704046
0.467773 0.706489
0.469727 0.708926
0.47168 0.711357
0.473633 0.713781
0.475586 0.7162
0.477539 0.718613
0.479492 0.72102
0.481445 0.723421
0.483398 0.725815
0.485352 0.728204
0.487305 0.730586
0.489258 0.732962
0.491211 0.735331
0.493164 0.737695
0.495117 0.740052
0.49707 0.742402
0.499023 0.744746
0.500977 0.747084
0.50293 0.749415
0.504883 0.75174
0.506836 0.754058
0.508789 0.75637
0.510742 0.758675
0.512695 0.760973
0.514648 0.763265
0.516602 0.76555
0.518555 0.767828
0.520508 0.770099
0.522461 0.772363
0.524414 0.774621
0.526367 0.776871
0.52832 0.779115
0.530273 0.781351
0.532227 0.783581
0.53418 0.785803
0.536133 0.788018
0.538086 0.790226
0.540039 0.792427
0.541992 0.79462
0.543945 0.796806
0.545898 0.798985
0.547852 0.801156
0.549805 0.80332
0.551758 0.805476
0.553711 0.807625
0.555664 0.809766
0.557617 0.8119
0.55957 0.814026
0.561523 0.816144
0.563477 0.818254
0.56543 0.820356
0.567383 0.822451
0.569336 0.824537
0.571289 0.826616
0.573242 0.828687
0.575195 0.830749
0.577148 0.832803
0.579102 0.834849
0.581055 0.836887
0.583008 0.838916
0.584961 0.840938
0.586914 0.84295
0.588867 0.844954
0.59082 0.84695
0.592773 0.848937
0.594727 0.850915
0.59668 0.852885
0.598633 0.854846
0.600586 0.856798
0.602539 0.858741
0.604492 0.860675
0.606445 0.8626
0.608398 0.864516
0.610352 0.866423
0.612305 0.868321
0.614258 0.870209
0.616211 0.872088
0.618164 0.873958
0.620117 0.875818
0.62207 0.877669
0.624023 0.87951
0.625977 0.881341
0.62793 0.883162
0.629883 0.884974
0.631836 0.886776
0.633789 0.888568
0.635742 0.890349
0.637695 0.892121
0.639648 0.893882
0.641602 0.895633
0.643555 0.897374
0.645508 0.899104
0.647461 0.900824
0.649414 0.902533
0.651367 0.904232
0.65332 0.905919
0.655273 0.907596
0.657227 0.909262
0.65918 0.910916
0.661133 0.91256
0.663086 0.914193
0.665039 0.915814
0.666992 0.917423
0.668945 0.919022
0.670898 0.920608
0.672852 0.922183
0.674805 0.923746
0.676758 0.925297
0.678711 0.926837
0.680664 0.928364
0.682617 0.929879
0.68457 0.931382
0.686523 0.932872
0.688477 0.93435
0.69043 0.935815
0.692383 0.937267
0.694336 0.938707
0.696289 0.940134
0.698242 0.941547
0.700195 0.942948
0.702148 0.944335
0.704102 0.945708
0.706055 0.947068
0.708008 0.948415
0.709961 0.949747
0.711914 0.951066
0.713867 0.952371
0.71582 0.953661
0.717773 0.954937
0.719727 0.956199
0.72168 0.957446
0.723633 0.958678
0.725586 0.959895
0.727539 0.961097
0.729492 0.962285
0.731445 0.963456
0.733398 0.964613
0.735352 0.965753
0.737305 0.966878
0.739258 0.967987
0.741211 0.969079
0.743164 0.970156
0.745117 0.971215
0.74707 0.972259
0.749023 0.973285
0.750977 0.974294
0.75293 0.975286
0.754883 0.976261
0.756836 0.977218
0.758789 0.978158
0.760742 0.979079
0.762695 0.979983
0.764648 0.980868
0.766602 0.981734
0.768555 0.982582
0.770508 0.98341
0.772461 0.984219
0.774414 0.985009
0.776367 0.98578
0.77832 0.98653
0.780273 0.98726
0.782227 0.98797
0.78418 0.988659
0.786133 0.989327
0.788086 0.989974
0.790039 0.9906
0.791992 0.991204
0.793945 0.991786
0.795898 0.992346
0.797852 0.992883
0.799805 0.993397
0.801758 0.993889
0.803711 0.994356
0.805664 0.9948
0.807617 0.995221
0.80957 0.995616
0.811523 0.995987
0.813477 0.996333
0.81543 0.996653
0.817383 0.996948
0.819336 0.997217
0.821289 0.997459
0.823242 0.997674
0.825195 0.997862
0.827148 0.998022
0.829102 0.998154
0.831055 0.998257
0.833008 0.998331
0.834961 0.998376
0.836914 0.998392
0.838867 0.998376
0.84082 0.99833
0.842773 0.998253
0.844727 0.998143
0.84668 0.998002
0.848633 0.997827
0.850586 0.997619
0.852539 0.997377
0.854492 0.9971
0.856445 0.996788
0.858398 0.996441
0.860352 0.996056
0.862305 0.995635
0.864258 0.995176
0.866211 0.994678
0.868164 0.994141
0.870117 0.993564
0.87207 0.992946
0.874023 0.992286
0.875977 0.991585
0.87793 0.990839
0.879883 0.990052
0.881836 0.989216
0.883789 0.988338
0.885742 0.987408
0.887695 0.986438
0.889648 0.985406
0.891602 0.984345
0.893555 0.983202
0.895508 0.98205
0.897461 0.980784
0.899414 0.979548
0.901367 0.978136
0.90332 0.976836
0.905273 0.97524
0.907227 0.973913
0.90918 0.97207
0.911133 0.970787
0.913086 0.968587
0.915039 0.967476
0.916992 0.964739
0.918945 0.964017
0.920898 0.960445
0.922852 0.960476
0.924805 0.95559
0.926758 0.956962
0.928711 0.949998
0.930664 0.953658
0.932617 0.943402
0.93457 0.95087
0.936523 0.935383
0.938477 0.949116
0.94043 0.925275
0.942383 0.949286
0.944336 0.912023
0.946289 0.952916
0.948242 0.893992
0.950195 0.962691
0.952148 0.868777
0.954102 0.983419
0.956055 0.833134
0.958008 1.0241
0.959961 0.783529
0.961914 1.1025
0.963867 0.718647
0.96582 1.25498
0.967773 0.646466
0.969727 1.55342
0.97168 0.594934
0.973633 2.1086
0.975586 0.606735
0.977539 2.98993
0.979492 0.702487
0.981445 4.12925
0.983398 0.863332
0.985352 5.41015
0.987305 1.0608
0.989258 6.75949
0.991211 -0.145243
0.993164 -0.102512
0.995117 0.133936
0.99707 0.0622759
0.999023 -0.0727216
1 0
