0 0
0.000976562 0.00163492
0.00292969 0.00490463
0.00488281 0.00817392
0.00683594 0.0114425
0.00878906 0.0147101
0.0107422 0.0179766
0.0126953 0.0212416
0.0146484 0.0245051
0.0166016 0.0277668
0.0185547 0.0310266
0.0205078 0.0342844
0.0224609 0.0375401
0.0244141 0.0407937
0.0263672 0.044045
0.0283203 0.047294
0.0302734 0.0505407
0.0322266 0.0537851
0.0341797 0.0570271
0.0361328 0.0602667
0.0380859 0.0635039
0.0400391 0.0667388
0.0419922 0.0699712
0.0439453 0.0732012
0.0458984 0.0764287
0.0478516 0.0796539
0.0498047 0.0828766
0.0517578 0.0860968
0.0537109 0.0893145
0.0556641 0.0925298
0.0576172 0.0957427
0.0595703 0.098953
0.0615234 0.102161
0.0634766 0.105366
0.0654297 0.108569
0.0673828 0.111769
0.0693359 0.114967
0.0712891 0.118162
0.0732422 0.121355
0.0751953 0.124545
0.0771484 0.127733
0.0791016 0.130918
0.0810547 0.134101
0.0830078 0.137281
0.0849609 0.140458
0.0869141 0.143633
0.0888672 0.146805
0.0908203 0.149974
0.0927734 0.153141
0.0947266 0.156306
0.0966797 0.159467
0.0986328 0.162626
0.100586 0.165783
0.102539 0.168936
0.104492 0.172087
0.106445 0.175236
0.108398 0.178382
0.110352 0.181525
0.112305 0.184665
0.114258 0.187802
0.116211 0.190937
0.118164 0.19407
0.120117 0.197199
0.12207 0.200326
0.124023 0.20345
0.125977 0.206571
0.12793 0.209689
0.129883 0.212805
0.131836 0.215918
0.133789 0.219028
0.135742 0.222135
0.137695 0.225239
0.139648 0.228341
0.141602 0.23144
0.143555 0.234535
0.145508 0.237628
0.147461 0.240719
0.149414 0.243806
0.151367 0.24689
0.15332 0.249972
0.155273 0.253051
0.157227 0.256126
0.15918 0.259199
0.161133 0.262269
0.163086 0.265336
0.165039 0.2684
0.166992 0.271461
0.168945 0.274519
0.170898 0.277574
0.172852 0.280626
0.174805 0.283675
0.176758 0.286721
0.178711 0.289764
0.180664 0.292804
0.182617 0.295841
0.18457 0.298875
0.186523 0.301906
0.188477 0.304934
0.19043 0.307959
0.192383 0.31098
0.194336 0.313999
0.196289 0.317014
0.198242 0.320026
0.200195 0.323035
0.202148 0.326041
0.204102 0.329044
0.206055 0.332044
0.208008 0.33504
0.209961 0.338033
0.211914 0.341024
0.213867 0.34401
0.21582 0.346994
0.217773 0.349974
0.219727 0.352951
0.22168 0.355925
0.223633 0.358896
0.225586 0.361863
0.227539 0.364827
0.229492 0.367788
0.231445 0.370745
0.233398 0.373699
0.235352 0.37665
0.237305 0.379597
0.239258 0.382541
0.241211 0.385481
0.243164 0.388418
0.245117 0.391352
0.24707 0.394282
0.249023 0.397209
0.250977 0.400133
0.25293 0.403052
0.254883 0.405969
0.256836 0.408882
0.258789 0.411791
0.260742 0.414697
0.262695 0.4176
0.264648 0.420499
0.266602 0.423394
0.268555 0.426286
0.270508 0.429174
0.272461 0.432058
0.274414 0.434939
0.276367 0.437817
0.27832 0.44069
0.280273 0.44356
0.282227 0.446427
0.28418 0.449289
0.286133 0.452148
0.288086 0.455003
0.290039 0.457855
0.291992 0.460703
0.293945 0.463547
0.295898 0.466387
0.297852 0.469224
0.299805 0.472056
0.301758 0.474885
0.303711 0.47771
0.305664 0.480531
0.307617 0.483349
0.30957 0.486162
0.311523 0.488971
0.313477 0.491777
0.31543 0.494579
0.317383 0.497377
0.319336 0.50017
0.321289 0.50296
0.323242 0.505746
0.325195 0.508528
0.327148 0.511306
0.329102 0.514079
0.331055 0.516849
0.333008 0.519615
0.334961 0.522376
0.336914 0.525133
0.338867 0.527887
0.34082 0.530636
0.342773 0.533381
0.344727 0.536122
0.34668 0.538858
0.348633 0.541591
0.350586 0.544319
0.352539 0.547043
0.354492 0.549762
0.356445 0.552478
0.358398 0.555189
0.360352 0.557895
0.362305 0.560598
0.364258 0.563295
0.366211 0.565989
0.368164 0.568678
0.370117 0.571363
0.37207 0.574043
0.374023 0.576719
0.375977 0.57939
0.37793 0.582057
0.379883 0.58472
0.381836 0.587377
0.383789 0.590031
0.385742 0.592679
0.387695 0.595323
0.389648 0.597963
0.391602 0.600597
0.393555 0.603227
0.395508 0.605853
0.397461 0.608473
0.399414 0.611089
0.401367 0.613701
0.40332 0.616307
0.405273 0.618909
0.407227 0.621505
0.40918 0.624097
0.411133 0.626684
0.413086 0.629266
0.415039 0.631844
0.416992 0.634416
0.418945 0.636983
0.420898 0.639546
0.422852 0.642103
0.424805 0.644655
0.426758 0.647202
0.428711 0.649744
0.430664 0.652282
0.432617 0.654813
0.43457 0.65734
0.436523 0.659862
0.438477 0.662378
0.44043 0.664889
0.442383 0.667395
0.444336 0.669895
0.446289 0.672391
0.448242 0.67488
0.450195 0.677365
0.452148 0.679844
0.454102 0.682318
0.456055 0.684786
0.458008 0.687249
0.459961 0.689706
0.461914 0.692158
0.463867 0.694604
0.46582 0.697044
0.467773 0.699479
0.469727 0.701908
0.47168 0.704332
0.473633 0.70675
0.475586 0.709162
0.477539 0.711568
0.479492 0.713969
0.481445 0.716363
0.483398 0.718752
0.485352 0.721135
0.487305 0.723512
0.489258 0.725883
0.491211 0.728248
0.493164 0.730607
0.495117 0.73296
0.49707 0.735307
0.499023 0.737648
0.500977 0.739982
0.50293 0.742311
0.504883 0.744633
0.506836 0.746949
0.508789 0.749258
0.510742 0.751561
0.512695 0.753858
0.514648 0.756149
0.516602 0.758433
0.518555 0.76071
0.520508 0.762981
0.522461 0.765246
0.524414 0.767503
0.526367 0.769755
0.52832 0.771999
0.530273 0.774237
0.532227 0.776468
0.53418 0.778692
0.536133 0.78091
0.538086 0.78312
0.540039 0.785324
0.541992 0.787521
0.543945 0.78971
0.545898 0.791893
0.547852 0.794069
0.549805 0.796237
0.551758 0.798398
0.553711 0.800552
0.555664 0.802699
0.557617 0.804839
0.55957 0.806971
0.561523 0.809096
0.563477 0.811213
0.56543 0.813323
0.567383 0.815425
0.569336 0.81752
0.571289 0.819607
0.573242 0.821686
0.575195 0.823758
0.577148 0.825822
0.579102 0.827878
0.581055 0.829926
0.583008 0.831966
0.584961 0.833999
0.586914 0.836023
0.588867 0.838039
0.59082 0.840047
0.592773 0.842047
0.594727 0.844038
0.59668 0.846021
0.598633 0.847996
0.600586 0.849963
0.602539 0.851921
0.604492 0.85387
0.606445 0.855811
0.608398 0.857743
0.610352 0.859666
0.612305 0.861581
0.614258 0.863487
0.616211 0.865383
0.618164 0.867271
0.620117 0.86915
0.62207 0.87102
0.624023 0.872881
0.625977 0.874732
0.62793 0.876574
0.629883 0.878407
0.631836 0.88023
0.633789 0.882044
0.635742 0.883848
0.637695 0.885642
0.639648 0.887427
0.641602 0.889202
0.643555 0.890967
0.645508 0.892722
0.647461 0.894467
0.649414 0.896202
0.651367 0.897927
0.65332 0.899642
0.655273 0.901346
0.657227 0.90304
0.65918 0.904723
0.661133 0.906396
0.663086 0.908058
0.665039 0.909709
0.666992 0.91135
0.668945 0.912979
0.670898 0.914598
0.672852 0.916205
0.674805 0.917802
0.676758 0.919386
0.678711 0.92096
0.680664 0.922522
0.682617 0.924072
0.68457 0.925611
0.686523 0.927138
0.688477 0.928653
0.69043 0.930156
0.692383 0.931647
0.694336 0.933126
0.696289 0.934593
0.698242 0.936047
0.700195 0.937488
0.702148 0.938917
0.704102 0.940333
0.706055 0.941737
0.708008 0.943127
0.709961 0.944504
0.711914 0.945868
0.713867 0.947219
0.71582 0.948556
0.717773 0.94988
0.719727 0.95119
0.72168 0.952486
0.723633 0.953768
0.725586 0.955035
0.727539 0.956289
0.729492 0.957528
0.731445 0.958753
0.733398 0.959963
0.735352 0.961158
0.737305 0.962338
0.739258 0.963503
0.741211 0.964653
0.743164 0.965787
0.745117 0.966906
0.74707 0.968009
0.749023 0.969096
0.750977 0.970166
0.75293 0.971221
0.754883 0.972259
0.756836 0.973281
0.758789 0.974285
0.760742 0.975273
0.762695 0.976243
0.764648 0.977197
0.766602 0.978132
0.768555 0.97905
0.770508 0.97995
0.772461 0.980831
0.774414 0.981695
0.776367 0.982539
0.77832 0.983365
0.780273 0.984172
0.782227 0.98496
0.78418 0.985728
0.786133 0.986476
0.788086 0.987205
0.790039 0.987913
0.791992 0.988601
0.793945 0.989268
0.795898 0.989914
0.797852 0.990539
0.799805 0.991142
0.801758 0.991724
0.803711 0.992283
0.805664 0.99282
0.807617 0.993335
0.80957 0.993826
0.811523 0.994294
0.813477 0.994739
0.81543 0.99516
0.817383 0.995556
0.819336 0.995928
0.821289 0.996275
0.823242 0.996596
0.825195 0.996892
0.827148 0.997162
0.829102 0.997406
0.831055 0.997622
0.833008 0.997812
0.834961 0.997974
0.836914 0.998108
0.838867 0.998213
0.84082 0.998289
0.842773 0.998336
0.844727 0.998354
0.84668 0.998341
0.848633 0.998297
0.850586 0.998221
0.852539 0.998114
0.854492 0.997975
0.856445 0.997802
0.858398 0.997596
0.860352 0.997356
0.862305 0.997081
0.864258 0.996771
0.866211 0.996425
0.868164 0.996043
0.870117 0.995622
0.87207 0.995165
0.874023 0.994667
0.875977 0.994133
0.87793 0.993553
0.879883 0.992941
0.881836 0.992275
0.883789 0.991583
0.885742 0.990823
0.887695 0.990053
0.889648 0.98919
0.891602 0.988346
0.893555 0.987366
0.895508 0.986457
0.897461 0.985337
0.899414 0.984384
0.901367 0.983088
0.90332 0.982126
0.905273 0.980597
0.907227 0.979688
0.90918 0.977836
0.911133 0.977082
0.913086 0.974766
0.915039 0.974332
0.916992 0.97133
0.918945 0.971481
0.920898 0.967443
0.922852 0.968607
0.924805 0.962977
0.926758 0.965844
0.928711 0.957731
0.930664 0.963415
0.932617 0.951391
0.93457 0.9617
0.936523 0.943463
0.938477 0.961329
0.94043 0.933178
0.942383 0.96336
0.944336 0.919347
0.946289 0.969595
0.948242 0.900181
0.950195 0.983165
0.952148 0.873106
0.954102 1.00971
0.956055 0.834803
0.958008 1.05983
0.959961 0.782108
0.961914 1.15429
0.963867 0.715299
0.96582 1.3348
0.967773 0.645883
0.969727 1.67976
0.97168 0.605147
0.973633 2.29589
0.975586 0.632607
0.977539 3.22656
0.979492 0.740533
0.981445 4.38973
0.983398 0.907258
0.985352 5.67889
0.987305 1.10691
0.989258 7.03008
0.991211 -0.14482
0.993164 -0.10268
0.995117 0.139536
0.99707 0.074952
0.999023 -0.0122901
1 0
