0 0
0.000976562 0.0015469
0.00292969 0.0046406
0.00488281 0.00773397
0.00683594 0.0108268
0.00878906 0.0139188
0.0107422 0.01701
0.0126953 0.0201
0.0146484 0.0231887
0.0166016 0.026276
0.0185547 0.0293617
0.0205078 0.0324459
0.0224609 0.0355283
0.0244141 0.0386089
0.0263672 0.0416877
0.0283203 0.0447645
0.0302734 0.0478394
0.0322266 0.0509124
0.0341797 0.0539834
0.0361328 0.0570524
0.0380859 0.0601193
0.0400391 0.0631843
0.0419922 0.0662472
0.0439453 0.069308
0.0458984 0.0723668
0.0478516 0.0754236
0.0498047 0.0784782
0.0517578 0.0815308
0.0537109 0.0845813
0.0556641 0.0876298
0.0576172 0.0906761
0.0595703 0.0937203
0.0615234 0.0967624
0.0634766 0.0998024
0.0654297 0.10284
0.0673828 0.105876
0.0693359 0.10891
0.0712891 0.111941
0.0732422 0.114971
0.0751953 0.117998
0.0771484 0.121023
0.0791016 0.124046
0.0810547 0.127066
0.0830078 0.130085
0.0849609 0.133101
0.0869141 0.136115
0.0888672 0.139127
0.0908203 0.142137
0.0927734 0.145145
0.0947266 0.14815
0.0966797 0.151153
0.0986328 0.154154
0.100586 0.157153
0.102539 0.160149
0.104492 0.163143
0.106445 0.166135
0.108398 0.169125
0.110352 0.172112
0.112305 0.175097
0.114258 0.17808
0.116211 0.18106
0.118164 0.184038
0.120117 0.187014
0.12207 0.189988
0.124023 0.192959
0.125977 0.195928
0.12793 0.198894
0.129883 0.201859
0.131836 0.20482
0.133789 0.20778
0.135742 0.210737
0.137695 0.213692
0.139648 0.216644
0.141602 0.219594
0.143555 0.222542
0.145508 0.225487
0.147461 0.22843
0.149414 0.23137
0.151367 0.234308
0.15332 0.237243
0.155273 0.240176
0.157227 0.243107
0.15918 0.246035
0.161133 0.248961
0.163086 0.251884
0.165039 0.254804
0.166992 0.257723
0.168945 0.260638
0.170898 0.263551
0.172852 0.266462
0.174805 0.26937
0.176758 0.272276
0.178711 0.275179
0.180664 0.278079
0.182617 0.280977
0.18457 0.283872
0.186523 0.286765
0.188477 0.289655
0.19043 0.292543
0.192383 0.295428
0.194336 0.29831
0.196289 0.30119
0.198242 0.304067
0.200195 0.306941
0.202148 0.309813
0.204102 0.312682
0.206055 0.315549
0.208008 0.318412
0.209961 0.321273
0.211914 0.324132
0.213867 0.326988
0.21582 0.32984
0.217773 0.332691
0.219727 0.335538
0.22168 0.338383
0.223633 0.341225
0.225586 0.344064
0.227539 0.346901
0.229492 0.349734
0.231445 0.352565
0.233398 0.355393
0.235352 0.358218
0.237305 0.361041
0.239258 0.36386
0.241211 0.366677
0.243164 0.369491
0.245117 0.372302
0.24707 0.37511
0.249023 0.377915
0.250977 0.380718
0.25293 0.383517
0.254883 0.386313
0.256836 0.389107
0.258789 0.391898
0.260742 0.394685
0.262695 0.39747
0.264648 0.400252
0.266602 0.40303
0.268555 0.405806
0.270508 0.408579
0.272461 0.411349
0.274414 0.414115
0.276367 0.416879
0.27832 0.41964
0.280273 0.422397
0.282227 0.425151
0.28418 0.427903
0.286133 0.430651
0.288086 0.433396
0.290039 0.436138
0.291992 0.438877
0.293945 0.441613
0.295898 0.444345
0.297852 0.447075
0.299805 0.449801
0.301758 0.452524
0.303711 0.455244
0.305664 0.45796
0.307617 0.460673
0.30957 0.463383
0.311523 0.46609
0.313477 0.468794
0.31543 0.471494
0.317383 0.474191
0.319336 0.476885
0.321289 0.479575
0.323242 0.482262
0.325195 0.484945
0.327148 0.487626
0.329102 0.490302
0.331055 0.492976
0.333008 0.495646
0.334961 0.498312
0.336914 0.500975
0.338867 0.503635
0.34082 0.506291
0.342773 0.508944
0.344727 0.511593
0.34668 0.514239
0.348633 0.516881
0.350586 0.51952
0.352539 0.522155
0.354492 0.524787
0.356445 0.527414
0.358398 0.530039
0.360352 0.53266
0.362305 0.535277
0.364258 0.53789
0.366211 0.5405
0.368164 0.543106
0.370117 0.545708
0.37207 0.548307
0.374023 0.550902
0.375977 0.553493
0.37793 0.556081
0.379883 0.558664
0.381836 0.561244
0.383789 0.56382
0.385742 0.566392
0.387695 0.568961
0.389648 0.571525
0.391602 0.574086
0.393555 0.576643
0.395508 0.579196
0.397461 0.581744
0.399414 0.584289
0.401367 0.58683
0.40332 0.589367
0.405273 0.5919
0.407227 0.594429
0.40918 0.596954
0.411133 0.599475
0.413086 0.601992
0.415039 0.604505
0.416992 0.607013
0.418945 0.609518
0.420898 0.612018
0.422852 0.614514
0.424805 0.617006
0.426758 0.619494
0.428711 0.621977
0.430664 0.624457
0.432617 0.626932
0.43457 0.629402
0.436523 0.631869
0.438477 0.634331
0.44043 0.636788
0.442383 0.639242
0.444336 0.641691
0.446289 0.644135
0.448242 0.646575
0.450195 0.649011
0.452148 0.651442
0.454102 0.653868
0.456055 0.65629
0.458008 0.658708
0.459961 0.661121
0.461914 0.663529
0.463867 0.665933
0.46582 0.668332
0.467773 0.670726
0.469727 0.673116
0.47168 0.675501
0.473633 0.677881
0.475586 0.680257
0.477539 0.682627
0.479492 0.684993
0.481445 0.687354
0.483398 0.68971
0.485352 0.692062
0.487305 0.694408
0.489258 0.696749
0.491211 0.699086
0.493164 0.701417
0.495117 0.703744
0.49707 0.706065
0.499023 0.708382
0.500977 0.710693
0.50293 0.712999
0.504883 0.7153
0.506836 0.717596
0.508789 0.719886
0.510742 0.722172
0.512695 0.724452
0.514648 0.726727
0.516602 0.728996
0.518555 0.73126
0.520508 0.733519
0.522461 0.735772
0.524414 0.73802
0.526367 0.740262
0.52832 0.742499
0.530273 0.74473
0.532227 0.746956
0.53418 0.749176
0.536133 0.751391
0.538086 0.7536
0.540039 0.755803
0.541992 0.758
0.543945 0.760192
0.545898 0.762378
0.547852 0.764558
0.549805 0.766732
0.551758 0.7689
0.553711 0.771063
0.555664 0.773219
0.557617 0.775369
0.55957 0.777514
0.561523 0.779652
0.563477 0.781784
0.56543 0.78391
0.567383 0.786029
0.569336 0.788143
0.571289 0.79025
0.573242 0.792351
0.575195 0.794446
0.577148 0.796534
0.579102 0.798616
0.581055 0.800691
0.583008 0.80276
0.584961 0.804822
0.586914 0.806878
0.588867 0.808927
0.59082 0.810969
0.592773 0.813005
0.594727 0.815034
0.59668 0.817056
0.598633 0.819071
0.600586 0.821079
0.602539 0.823081
0.604492 0.825075
0.606445 0.827062
0.608398 0.829043
0.610352 0.831016
0.612305 0.832982
0.614258 0.834941
0.616211 0.836892
0.618164 0.838836
0.620117 0.840773
0.62207 0.842702
0.624023 0.844624
0.625977 0.846539
0.62793 0.848445
0.629883 0.850344
0.631836 0.852236
0.633789 0.85412
0.635742 0.855996
0.637695 0.857864
0.639648 0.859724
0.641602 0.861576
0.643555 0.86342
0.645508 0.865256
0.647461 0.867084
0.649414 0.868904
0.651367 0.870715
0.65332 0.872518
0.655273 0.874313
0.657227 0.876099
0.65918 0.877877
0.661133 0.879646
0.663086 0.881407
0.665039 0.883159
0.666992 0.884902
0.668945 0.886636
0.670898 0.888361
0.672852 0.890078
0.674805 0.891785
0.676758 0.893483
0.678711 0.895172
0.680664 0.896851
0.682617 0.898522
0.68457 0.900183
0.686523 0.901834
0.688477 0.903476
0.69043 0.905108
0.692383 0.90673
0.694336 0.908343
0.696289 0.909946
0.698242 0.911538
0.700195 0.913121
0.702148 0.914693
0.704102 0.916256
0.706055 0.917807
0.708008 0.919349
0.709961 0.92088
0.711914 0.9224
0.713867 0.92391
0.71582 0.925409
0.717773 0.926897
0.719727 0.928374
0.72168 0.92984
0.723633 0.931294
0.725586 0.932738
0.727539 0.93417
0.729492 0.93559
0.731445 0.936999
0.733398 0.938397
0.735352 0.939782
0.737305 0.941155
0.739258 0.942517
0.741211 0.943866
0.743164 0.945203
0.745117 0.946528
0.74707 0.94784
0.749023 0.949139
0.750977 0.950426
0.75293 0.9517
0.754883 0.95296
0.756836 0.954208
0.758789 0.955442
0.760742 0.956663
0.762695 0.95787
0.764648 0.959064
0.766602 0.960244
0.768555 0.961409
0.770508 0.962561
0.772461 0.963698
0.774414 0.964821
0.776367 0.965929
0.77832 0.967023
0.780273 0.968101
0.782227 0.969164
0.78418 0.970213
0.786133 0.971245
0.788086 0.972262
0.790039 0.973264
0.791992 0.974249
0.793945 0.975218
0.795898 0.976171
0.797852 0.977107
0.799805 0.978026
0.801758 0.978929
0.803711 0.979814
0.805664 0.980682
0.807617 0.981533
0.80957 0.982366
0.811523 0.98318
0.813477 0.983977
0.81543 0.984755
0.817383 0.985514
0.819336 0.986254
0.821289 0.986975
0.823242 0.987677
0.825195 0.988359
0.827148 0.989021
0.829102 0.989663
0.831055 0.990284
0.833008 0.990885
0.834961 0.991464
0.836914 0.992022
0.838867 0.992558
0.84082 0.993073
0.842773 0.993564
0.844727 0.994034
0.84668 0.99448
0.848633 0.994904
0.850586 0.995302
0.852539 0.995679
0.854492 0.996028
0.856445 0.996357
0.858398 0.996655
0.860352 0.996934
0.862305 0.997179
0.864258 0.997409
0.866211 0.997596
0.868164 0.997777
0.870117 0.997904
0.87207 0.998035
0.874023 0.998098
0.875977 0.998181
0.87793 0.998172
0.879883 0.998211
0.881836 0.998121
0.883789 0.998125
0.885742 0.997938
0.887695 0.997919
0.889648 0.997616
0.891602 0.997593
0.893555 0.997142
0.895508 0.997152
0.897461 0.996501
0.899414 0.9966
0.901367 0.995675
0.90332 0.995952
0.905273 0.994632
0.907227 0.995229
0.90918 0.99333
0.911133 0.994472
0.913086 0.991704
0.915039 0.993748
0.916992 0.989656
0.918945 0.993163
0.920898 0.987036
0.922852 0.992891
0.924805 0.983616
0.926758 0.993212
0.928711 0.979043
0.930664 0.994574
0.932617 0.972778
0.93457 0.997704
0.936523 0.964
0.938477 1.00378
0.94043 0.951487
0.942383 1.01477
0.944336 0.933464
0.946289 1.03398
0.948242 0.907501
0.950195 1.06719
0.952148 0.870667
0.954102 1.12492
0.956055 0.820462
0.958008 1.22691
0.959961 0.757702
0.961914 1.41072
0.963867 0.692631
0.96582 1.74317
0.967773 0.651268
0.969727 2.31448
0.97168 0.667778
0.973633 3.17444
0.975586 0.75791
0.977539 4.27194
0.979492 0.908159
0.981445 5.51392
0.983398 1.09572
0.985352 6.8333
0.987305 1.30429
0.989258 8.1938
0.991211 -0.144586
0.993164 -0.103503
0.995117 0.178481
0.99707 0.155678
0.999023 0.07232
1 0
