0 0
0.000976562 0.00147676
0.00292969 0.00443018
0.00488281 0.00738333
0.00683594 0.010336
0.00878906 0.0132881
0.0107422 0.0162394
0.0126953 0.0191898
0.0146484 0.0221391
0.0166016 0.0250872
0.0185547 0.0280341
0.0205078 0.0309795
0.0224609 0.0339235
0.0244141 0.036866
0.0263672 0.0398069
0.0283203 0.0427462
0.0302734 0.0456838
0.0322266 0.0486197
0.0341797 0.051554
0.0361328 0.0544865
0.0380859 0.0574172
0.0400391 0.0603462
0.0419922 0.0632734
0.0439453 0.0661989
0.0458984 0.0691226
0.0478516 0.0720444
0.0498047 0.0749645
0.0517578 0.0778828
0.0537109 0.0807993
0.0556641 0.0837139
0.0576172 0.0866268
0.0595703 0.0895378
0.0615234 0.092447
0.0634766 0.0953543
0.0654297 0.0982598
0.0673828 0.101163
0.0693359 0.104065
0.0712891 0.106965
0.0732422 0.109863
0.0751953 0.11276
0.0771484 0.115654
0.0791016 0.118546
0.0810547 0.121437
0.0830078 0.124326
0.0849609 0.127212
0.0869141 0.130097
0.0888672 0.13298
0.0908203 0.135861
0.0927734 0.138741
0.0947266 0.141618
0.0966797 0.144493
0.0986328 0.147367
0.100586 0.150238
0.102539 0.153107
0.104492 0.155975
0.106445 0.158841
0.108398 0.161704
0.110352 0.164566
0.112305 0.167425
0.114258 0.170283
0.116211 0.173139
0.118164 0.175992
0.120117 0.178844
0.12207 0.181694
0.124023 0.184541
0.125977 0.187387
0.12793 0.190231
0.129883 0.193072
0.131836 0.195912
0.133789 0.198749
0.135742 0.201585
0.137695 0.204418
0.139648 0.207249
0.141602 0.210079
0.143555 0.212906
0.145508 0.215731
0.147461 0.218554
0.149414 0.221375
0.151367 0.224193
0.15332 0.22701
0.155273 0.229825
0.157227 0.232637
0.15918 0.235447
0.161133 0.238255
0.163086 0.241061
0.165039 0.243865
0.166992 0.246667
0.168945 0.249466
0.170898 0.252264
0.172852 0.255059
0.174805 0.257852
0.176758 0.260643
0.178711 0.263431
0.180664 0.266218
0.182617 0.269002
0.18457 0.271784
0.186523 0.274563
0.188477 0.277341
0.19043 0.280116
0.192383 0.282889
0.194336 0.285659
0.196289 0.288428
0.198242 0.291194
0.200195 0.293958
0.202148 0.296719
0.204102 0.299479
0.206055 0.302235
0.208008 0.30499
0.209961 0.307742
0.211914 0.310492
0.213867 0.31324
0.21582 0.315985
0.217773 0.318728
0.219727 0.321469
0.22168 0.324207
0.223633 0.326943
0.225586 0.329676
0.227539 0.332407
0.229492 0.335135
0.231445 0.337862
0.233398 0.340585
0.235352 0.343307
0.237305 0.346026
0.239258 0.348742
0.241211 0.351456
0.243164 0.354167
0.245117 0.356876
0.24707 0.359583
0.249023 0.362287
0.250977 0.364988
0.25293 0.367687
0.254883 0.370384
0.256836 0.373078
0.258789 0.375769
0.260742 0.378458
0.262695 0.381145
0.264648 0.383828
0.266602 0.386509
0.268555 0.389188
0.270508 0.391864
0.272461 0.394537
0.274414 0.397208
0.276367 0.399876
0.27832 0.402542
0.280273 0.405205
0.282227 0.407865
0.28418 0.410522
0.286133 0.413177
0.288086 0.41583
0.290039 0.418479
0.291992 0.421126
0.293945 0.42377
0.295898 0.426411
0.297852 0.42905
0.299805 0.431686
0.301758 0.434319
0.303711 0.436949
0.305664 0.439577
0.307617 0.442202
0.30957 0.444823
0.311523 0.447443
0.313477 0.450059
0.31543 0.452673
0.317383 0.455283
0.319336 0.457891
0.321289 0.460496
0.323242 0.463098
0.325195 0.465697
0.327148 0.468293
0.329102 0.470887
0.331055 0.473477
0.333008 0.476065
0.334961 0.478649
0.336914 0.481231
0.338867 0.48381
0.34082 0.486385
0.342773 0.488958
0.344727 0.491528
0.34668 0.494094
0.348633 0.496658
0.350586 0.499218
0.352539 0.501776
0.354492 0.50433
0.356445 0.506882
0.358398 0.50943
0.360352 0.511975
0.362305 0.514517
0.364258 0.517056
0.366211 0.519592
0.368164 0.522124
0.370117 0.524654
0.37207 0.52718
0.374023 0.529703
0.375977 0.532223
0.37793 0.534739
0.379883 0.537253
0.381836 0.539763
0.383789 0.54227
0.385742 0.544773
0.387695 0.547274
0.389648 0.54977
0.391602 0.552264
0.393555 0.554754
0.395508 0.557241
0.397461 0.559725
0.399414 0.562205
0.401367 0.564682
0.40332 0.567155
0.405273 0.569625
0.407227 0.572091
0.40918 0.574555
0.411133 0.577014
0.413086 0.57947
0.415039 0.581923
0.416992 0.584372
0.418945 0.586817
0.420898 0.589259
0.422852 0.591697
0.424805 0.594132
0.426758 0.596563
0.428711 0.598991
0.430664 0.601415
0.432617 0.603835
0.43457 0.606252
0.436523 0.608665
0.438477 0.611074
0.44043 0.613479
0.442383 0.615881
0.444336 0.618279
0.446289 0.620673
0.448242 0.623063
0.450195 0.62545
0.452148 0.627833
0.454102 0.630212
0.456055 0.632587
0.458008 0.634958
0.459961 0.637325
0.461914 0.639689
0.463867 0.642048
0.46582 0.644403
0.467773 0.646755
0.469727 0.649102
0.47168 0.651446
0.473633 0.653785
0.475586 0.65612
0.477539 0.658452
0.479492 0.660779
0.481445 0.663102
0.483398 0.665421
0.485352 0.667735
0.487305 0.670046
0.489258 0.672352
0.491211 0.674654
0.493164 0.676952
0.495117 0.679246
0.49707 0.681535
0.499023 0.68382
0.500977 0.686101
0.50293 0.688377
0.504883 0.690649
0.506836 0.692916
0.508789 0.695179
0.510742 0.697438
0.512695 0.699692
0.514648 0.701942
0.516602 0.704187
0.518555 0.706427
0.520508 0.708663
0.522461 0.710895
0.524414 0.713121
0.526367 0.715344
0.52832 0.717561
0.530273 0.719774
0.532227 0.721982
0.53418 0.724185
0.536133 0.726384
0.538086 0.728577
0.540039 0.730766
0.541992 0.73295
0.543945 0.735129
0.545898 0.737303
0.547852 0.739473
0.549805 0.741637
0.551758 0.743796
0.553711 0.745951
0.555664 0.7481
0.557617 0.750244
0.55957 0.752383
0.561523 0.754517
0.563477 0.756645
0.56543 0.758769
0.567383 0.760887
0.569336 0.763
0.571289 0.765108
0.573242 0.76721
0.575195 0.769307
0.577148 0.771399
0.579102 0.773485
0.581055 0.775566
0.583008 0.777641
0.584961 0.779711
0.586914 0.781775
0.588867 0.783834
0.59082 0.785887
0.592773 0.787934
0.594727 0.789976
0.59668 0.792011
0.598633 0.794042
0.600586 0.796066
0.602539 0.798084
0.604492 0.800097
0.606445 0.802104
0.608398 0.804104
0.610352 0.806099
0.612305 0.808088
0.614258 0.81007
0.616211 0.812047
0.618164 0.814017
0.620117 0.815981
0.62207 0.817939
0.624023 0.819891
0.625977 0.821836
0.62793 0.823775
0.629883 0.825708
0.631836 0.827634
0.633789 0.829554
0.635742 0.831467
0.637695 0.833373
0.639648 0.835273
0.641602 0.837166
0.643555 0.839053
0.645508 0.840933
0.647461 0.842806
0.649414 0.844672
0.651367 0.846531
0.65332 0.848383
0.655273 0.850228
0.657227 0.852067
0.65918 0.853898
0.661133 0.855722
0.663086 0.857538
0.665039 0.859348
0.666992 0.86115
0.668945 0.862945
0.670898 0.864732
0.672852 0.866512
0.674805 0.868284
0.676758 0.870049
0.678711 0.871806
0.680664 0.873555
0.682617 0.875297
0.68457 0.87703
0.686523 0.878756
0.688477 0.880474
0.69043 0.882184
0.692383 0.883886
0.694336 0.88558
0.696289 0.887265
0.698242 0.888942
0.700195 0.890611
0.702148 0.892271
0.704102 0.893923
0.706055 0.895567
0.708008 0.897202
0.709961 0.898828
0.711914 0.900445
0.713867 0.902054
0.71582 0.903653
0.717773 0.905244
0.719727 0.906825
0.72168 0.908398
0.723633 0.909961
0.725586 0.911515
0.727539 0.91306
0.729492 0.914595
0.731445 0.91612
0.733398 0.917636
0.735352 0.919142
0.737305 0.920639
0.739258 0.922125
0.741211 0.923602
0.743164 0.925069
0.745117 0.926525
0.74707 0.927971
0.749023 0.929407
0.750977 0.930832
0.75293 0.932247
0.754883 0.933651
0.756836 0.935044
0.758789 0.936427
0.760742 0.937798
0.762695 0.939159
0.764648 0.940508
0.766602 0.941846
0.768555 0.943173
0.770508 0.944488
0.772461 0.945791
0.774414 0.947083
0.776367 0.948363
0.77832 0.949631
0.780273 0.950887
0.782227 0.952131
0.78418 0.953362
0.786133 0.954581
0.788086 0.955787
0.790039 0.95698
0.791992 0.958161
0.793945 0.959328
0.795898 0.960483
0.797852 0.961624
0.799805 0.962751
0.801758 0.963865
0.803711 0.964965
0.805664 0.966051
0.807617 0.967123
0.80957 0.968181
0.811523 0.969225
0.813477 0.970254
0.81543 0.971268
0.817383 0.972267
0.819336 0.973251
0.821289 0.97422
0.823242 0.975173
0.825195 0.976111
0.827148 0.977032
0.829102 0.977938
0.831055 0.978827
0.833008 0.979701
0.834961 0.980556
0.836914 0.981396
0.838867 0.982218
0.84082 0.983024
0.842773 0.98381
0.844727 0.984581
0.84668 0.985331
0.848633 0.986066
0.850586 0.986778
0.852539 0.987477
0.854492 0.98815
0.856445 0.988813
0.858398 0.989443
0.860352 0.99007
0.862305 0.990657
0.864258 0.991248
0.866211 0.991787
0.868164 0.992344
0.870117 0.99283
0.87207 0.993357
0.874023 0.993784
0.875977 0.994286
0.87793 0.994643
0.879883 0.995129
0.881836 0.995402
0.883789 0.995888
0.885742 0.996053
0.887695 0.996565
0.889648 0.996586
0.891602 0.997165
0.893555 0.996989
0.895508 0.997697
0.897461 0.99724
0.899414 0.998177
0.901367 0.997312
0.90332 0.998633
0.905273 0.997162
0.907227 0.99911
0.90918 0.996725
0.911133 0.999678
0.913086 0.995904
0.915039 1.00045
0.916992 0.994551
0.918945 1.00161
0.920898 0.99244
0.922852 1.00343
0.924805 0.989228
0.926758 1.00636
0.928711 0.984395
0.930664 1.01112
0.932617 0.977161
0.93457 1.01883
0.936523 0.966372
0.938477 1.03135
0.94043 0.950382
0.942383 1.05177
0.944336 0.926961
0.946289 1.08538
0.948242 0.893418
0.950195 1.14156
0.952148 0.847363
0.954102 1.23748
0.956055 0.788987
0.958008 1.40505
0.959961 0.725964
0.961914 1.70071
0.963867 0.67938
0.96582 2.20525
0.967773 0.680557
0.969727 2.98036
0.97168 0.750235
0.973633 4.00396
0.975586 0.882682
0.977539 5.19447
0.979492 1.05767
0.981445 6.48003
0.983398 1.25781
0.985352 7.81781
0.987305 1.47254
0.989258 9.18494
0.991211 -0.144445
0.993164 -0.103044
0.995117 0.215558
0.99707 0.200395
0.999023 0.175308
1 0
