0 0
0.000976562 0.00143132
0.00292969 0.00429389
0.00488281 0.00715622
0.00683594 0.0100182
0.00878906 0.0128796
0.0107422 0.0157403
0.0126953 0.0186001
0.0146484 0.0214591
0.0166016 0.024317
0.0185547 0.0271738
0.0205078 0.0300293
0.0224609 0.0328835
0.0244141 0.0357364
0.0263672 0.0385879
0.0283203 0.0414379
0.0302734 0.0442864
0.0322266 0.0471334
0.0341797 0.0499788
0.0361328 0.0528227
0.0380859 0.055665
0.0400391 0.0585057
0.0419922 0.0613448
0.0439453 0.0641823
0.0458984 0.0670181
0.0478516 0.0698524
0.0498047 0.072685
0.0517578 0.075516
0.0537109 0.0783453
0.0556641 0.0811729
0.0576172 0.083999
0.0595703 0.0868233
0.0615234 0.089646
0.0634766 0.092467
0.0654297 0.0952864
0.0673828 0.0981041
0.0693359 0.10092
0.0712891 0.103734
0.0732422 0.106547
0.0751953 0.109358
0.0771484 0.112167
0.0791016 0.114975
0.0810547 0.11778
0.0830078 0.120584
0.0849609 0.123387
0.0869141 0.126187
0.0888672 0.128986
0.0908203 0.131783
0.0927734 0.134579
0.0947266 0.137372
0.0966797 0.140164
0.0986328 0.142954
0.100586 0.145743
0.102539 0.148529
0.104492 0.151314
0.106445 0.154097
0.108398 0.156879
0.110352 0.159658
0.112305 0.162436
0.114258 0.165212
0.116211 0.167986
0.118164 0.170758
0.120117 0.173528
0.12207 0.176297
0.124023 0.179064
0.125977 0.181829
0.12793 0.184592
0.129883 0.187353
0.131836 0.190112
0.133789 0.19287
0.135742 0.195626
0.137695 0.198379
0.139648 0.201131
0.141602 0.203881
0.143555 0.206629
0.145508 0.209376
0.147461 0.21212
0.149414 0.214863
0.151367 0.217603
0.15332 0.220342
0.155273 0.223078
0.157227 0.225813
0.15918 0.228546
0.161133 0.231277
0.163086 0.234006
0.165039 0.236733
0.166992 0.239458
0.168945 0.242181
0.170898 0.244902
0.172852 0.247621
0.174805 0.250338
0.176758 0.253053
0.178711 0.255767
0.180664 0.258478
0.182617 0.261187
0.18457 0.263894
0.186523 0.266599
0.188477 0.269302
0.19043 0.272003
0.192383 0.274702
0.194336 0.277399
0.196289 0.280094
0.198242 0.282787
0.200195 0.285477
0.202148 0.288166
0.204102 0.290852
0.206055 0.293537
0.208008 0.296219
0.209961 0.298899
0.211914 0.301578
0.213867 0.304254
0.21582 0.306927
0.217773 0.309599
0.219727 0.312269
0.22168 0.314936
0.223633 0.317602
0.225586 0.320265
0.227539 0.322926
0.229492 0.325584
0.231445 0.328241
0.233398 0.330895
0.235352 0.333547
0.237305 0.336197
0.239258 0.338845
0.241211 0.341491
0.243164 0.344134
0.245117 0.346775
0.24707 0.349414
0.249023 0.35205
0.250977 0.354685
0.25293 0.357317
0.254883 0.359946
0.256836 0.362574
0.258789 0.365199
0.260742 0.367822
0.262695 0.370442
0.264648 0.37306
0.266602 0.375676
0.268555 0.37829
0.270508 0.380901
0.272461 0.38351
0.274414 0.386116
0.276367 0.38872
0.27832 0.391322
0.280273 0.393921
0.282227 0.396518
0.28418 0.399112
0.286133 0.401704
0.288086 0.404294
0.290039 0.406881
0.291992 0.409466
0.293945 0.412048
0.295898 0.414628
0.297852 0.417205
0.299805 0.41978
0.301758 0.422353
0.303711 0.424923
0.305664 0.42749
0.307617 0.430055
0.30957 0.432617
0.311523 0.435177
0.313477 0.437734
0.31543 0.440289
0.317383 0.442841
0.319336 0.44539
0.321289 0.447937
0.323242 0.450482
0.325195 0.453023
0.327148 0.455562
0.329102 0.458099
0.331055 0.460633
0.333008 0.463164
0.334961 0.465693
0.336914 0.468218
0.338867 0.470742
0.34082 0.473262
0.342773 0.47578
0.344727 0.478295
0.34668 0.480807
0.348633 0.483317
0.350586 0.485824
0.352539 0.488328
0.354492 0.490829
0.356445 0.493328
0.358398 0.495823
0.360352 0.498316
0.362305 0.500807
0.364258 0.503294
0.366211 0.505778
0.368164 0.50826
0.370117 0.510739
0.37207 0.513215
0.374023 0.515688
0.375977 0.518158
0.37793 0.520625
0.379883 0.523089
0.381836 0.525551
0.383789 0.528009
0.385742 0.530465
0.387695 0.532917
0.389648 0.535366
0.391602 0.537813
0.393555 0.540257
0.395508 0.542697
0.397461 0.545134
0.399414 0.547569
0.401367 0.55
0.40332 0.552428
0.405273 0.554854
0.407227 0.557276
0.40918 0.559695
0.411133 0.56211
0.413086 0.564523
0.415039 0.566933
0.416992 0.569339
0.418945 0.571742
0.420898 0.574142
0.422852 0.576539
0.424805 0.578933
0.426758 0.581323
0.428711 0.58371
0.430664 0.586094
0.432617 0.588474
0.43457 0.590851
0.436523 0.593225
0.438477 0.595596
0.44043 0.597963
0.442383 0.600327
0.444336 0.602687
0.446289 0.605044
0.448242 0.607398
0.450195 0.609748
0.452148 0.612095
0.454102 0.614438
0.456055 0.616778
0.458008 0.619115
0.459961 0.621447
0.461914 0.623777
0.463867 0.626103
0.46582 0.628425
0.467773 0.630744
0.469727 0.633059
0.47168 0.63537
0.473633 0.637678
0.475586 0.639982
0.477539 0.642283
0.479492 0.64458
0.481445 0.646873
0.483398 0.649162
0.485352 0.651448
0.487305 0.65373
0.489258 0.656008
0.491211 0.658283
0.493164 0.660553
0.495117 0.66282
0.49707 0.665083
0.499023 0.667342
0.500977 0.669597
0.50293 0.671849
0.504883 0.674096
0.506836 0.676339
0.508789 0.678579
0.510742 0.680814
0.512695 0.683046
0.514648 0.685273
0.516602 0.687497
0.518555 0.689716
0.520508 0.691931
0.522461 0.694142
0.524414 0.696349
0.526367 0.698552
0.52832 0.700751
0.530273 0.702945
0.532227 0.705135
0.53418 0.707321
0.536133 0.709503
0.538086 0.711681
0.540039 0.713854
0.541992 0.716022
0.543945 0.718187
0.545898 0.720347
0.547852 0.722502
0.549805 0.724654
0.551758 0.7268
0.553711 0.728943
0.555664 0.73108
0.557617 0.733213
0.55957 0.735342
0.561523 0.737466
0.563477 0.739586
0.56543 0.7417
0.567383 0.74381
0.569336 0.745916
0.571289 0.748017
0.573242 0.750112
0.575195 0.752204
0.577148 0.75429
0.579102 0.756372
0.581055 0.758448
0.583008 0.76052
0.584961 0.762587
0.586914 0.764649
0.588867 0.766706
0.59082 0.768758
0.592773 0.770805
0.594727 0.772846
0.59668 0.774883
0.598633 0.776915
0.600586 0.778941
0.602539 0.780963
0.604492 0.782979
0.606445 0.784989
0.608398 0.786995
0.610352 0.788995
0.612305 0.79099
0.614258 0.792979
0.616211 0.794963
0.618164 0.796942
0.620117 0.798915
0.62207 0.800882
0.624023 0.802844
0.625977 0.8048
0.62793 0.806751
0.629883 0.808696
0.631836 0.810636
0.633789 0.812569
0.635742 0.814497
0.637695 0.816419
0.639648 0.818335
0.641602 0.820245
0.643555 0.822149
0.645508 0.824048
0.647461 0.82594
0.649414 0.827826
0.651367 0.829706
0.65332 0.83158
0.655273 0.833448
0.657227 0.835309
0.65918 0.837164
0.661133 0.839013
0.663086 0.840856
0.665039 0.842692
0.666992 0.844521
0.668945 0.846344
0.670898 0.848161
0.672852 0.849971
0.674805 0.851774
0.676758 0.853571
0.678711 0.855361
0.680664 0.857144
0.682617 0.85892
0.68457 0.860689
0.686523 0.862452
0.688477 0.864207
0.69043 0.865955
0.692383 0.867696
0.694336 0.86943
0.696289 0.871157
0.698242 0.872877
0.700195 0.874589
0.702148 0.876294
0.704102 0.877991
0.706055 0.879681
0.708008 0.881363
0.709961 0.883038
0.711914 0.884705
0.713867 0.886364
0.71582 0.888016
0.717773 0.889659
0.719727 0.891295
0.72168 0.892923
0.723633 0.894542
0.725586 0.896154
0.727539 0.897757
0.729492 0.899352
0.731445 0.900938
0.733398 0.902517
0.735352 0.904086
0.737305 0.905647
0.739258 0.9072
0.741211 0.908744
0.743164 0.910279
0.745117 0.911805
0.74707 0.913322
0.749023 0.91483
0.750977 0.916329
0.75293 0.917819
0.754883 0.9193
0.756836 0.920771
0.758789 0.922233
0.760742 0.923685
0.762695 0.925128
0.764648 0.926561
0.766602 0.927984
0.768555 0.929397
0.770508 0.930801
0.772461 0.932194
0.774414 0.933577
0.776367 0.93495
0.77832 0.936312
0.780273 0.937664
0.782227 0.939005
0.78418 0.940336
0.786133 0.941656
0.788086 0.942965
0.790039 0.944263
0.791992 0.945549
0.793945 0.946825
0.795898 0.948089
0.797852 0.949342
0.799805 0.950583
0.801758 0.951812
0.803711 0.95303
0.805664 0.954235
0.807617 0.955428
0.80957 0.95661
0.811523 0.957778
0.813477 0.958935
0.81543 0.960078
0.817383 0.961209
0.819336 0.962327
0.821289 0.963432
0.823242 0.964523
0.825195 0.965601
0.827148 0.966666
0.829102 0.967717
0.831055 0.968753
0.833008 0.969777
0.834961 0.970785
0.836914 0.97178
0.838867 0.972758
0.84082 0.973725
0.842773 0.974673
0.844727 0.97561
0.84668 0.976527
0.848633 0.977434
0.850586 0.978319
0.852539 0.979196
0.854492 0.980046
0.856445 0.980894
0.858398 0.981708
0.860352 0.982527
0.862305 0.983301
0.864258 0.984093
0.866211 0.984823
0.868164 0.985591
0.870117 0.986271
0.87207 0.987021
0.874023 0.987643
0.875977 0.988382
0.87793 0.988932
0.879883 0.989676
0.881836 0.990133
0.883789 0.990904
0.885742 0.991239
0.887695 0.992071
0.889648 0.992237
0.891602 0.993187
0.893555 0.993111
0.895508 0.994265
0.897461 0.993837
0.899414 0.995329
0.901367 0.994379
0.90332 0.996419
0.905273 0.994682
0.907227 0.997595
0.90918 0.994665
0.911133 0.998953
0.913086 0.994203
0.915039 1.00064
0.916992 0.993107
0.918945 1.00291
0.920898 0.99109
0.922852 1.00611
0.924805 0.987716
0.926758 1.01083
0.928711 0.982332
0.930664 1.01801
0.932617 0.973974
0.93457 1.02914
0.936523 0.961248
0.938477 1.04666
0.94043 0.942226
0.942383 1.0747
0.944336 0.914457
0.946289 1.12038
0.948242 0.875364
0.950195 1.19651
0.952148 0.823658
0.954102 1.32659
0.956055 0.76277
0.958008 1.55314
0.959961 0.706541
0.961914 1.94469
0.963867 0.681869
0.96582 2.57783
0.967773 0.71664
0.969727 3.47579
0.97168 0.818355
0.973633 4.58124
0.975586 0.972385
0.977539 5.81492
0.979492 1.15945
0.981445 7.1209
0.983398 1.36598
0.985352 8.46759
0.987305 1.58406
0.989258 9.83793
0.991211 -0.144277
0.993164 -0.0993673
0.995117 0.260816
0.99707 0.197994
0.999023 0.543475
1 0
