0 0
0.000976562 0.00141885
0.00292969 0.00425648
0.00488281 0.00709388
0.00683594 0.0099309
0.00878906 0.0127674
0.0107422 0.0156032
0.0126953 0.0184383
0.0146484 0.0212724
0.0166016 0.0241055
0.0185547 0.0269376
0.0205078 0.0297684
0.0224609 0.032598
0.0244141 0.0354262
0.0263672 0.0382531
0.0283203 0.0410786
0.0302734 0.0439026
0.0322266 0.0467252
0.0341797 0.0495462
0.0361328 0.0523657
0.0380859 0.0551837
0.0400391 0.0580001
0.0419922 0.060815
0.0439453 0.0636283
0.0458984 0.06644
0.0478516 0.0692502
0.0498047 0.0720587
0.0517578 0.0748657
0.0537109 0.077671
0.0556641 0.0804748
0.0576172 0.0832769
0.0595703 0.0860774
0.0615234 0.0888763
0.0634766 0.0916736
0.0654297 0.0944693
0.0673828 0.0972633
0.0693359 0.100056
0.0712891 0.102846
0.0732422 0.105635
0.0751953 0.108423
0.0771484 0.111209
0.0791016 0.113993
0.0810547 0.116775
0.0830078 0.119556
0.0849609 0.122335
0.0869141 0.125112
0.0888672 0.127888
0.0908203 0.130662
0.0927734 0.133434
0.0947266 0.136205
0.0966797 0.138974
0.0986328 0.141741
0.100586 0.144507
0.102539 0.14727
0.104492 0.150032
0.106445 0.152793
0.108398 0.155551
0.110352 0.158308
0.112305 0.161063
0.114258 0.163817
0.116211 0.166568
0.118164 0.169318
0.120117 0.172066
0.12207 0.174812
0.124023 0.177557
0.125977 0.180299
0.12793 0.18304
0.129883 0.185779
0.131836 0.188516
0.133789 0.191252
0.135742 0.193986
0.137695 0.196717
0.139648 0.199447
0.141602 0.202176
0.143555 0.204902
0.145508 0.207626
0.147461 0.210349
0.149414 0.21307
0.151367 0.215789
0.15332 0.218506
0.155273 0.221221
0.157227 0.223934
0.15918 0.226646
0.161133 0.229355
0.163086 0.232063
0.165039 0.234769
0.166992 0.237473
0.168945 0.240174
0.170898 0.242874
0.172852 0.245573
0.174805 0.248269
0.176758 0.250963
0.178711 0.253655
0.180664 0.256345
0.182617 0.259034
0.18457 0.26172
0.186523 0.264405
0.188477 0.267087
0.19043 0.269767
0.192383 0.272446
0.194336 0.275122
0.196289 0.277797
0.198242 0.280469
0.200195 0.28314
0.202148 0.285808
0.204102 0.288475
0.206055 0.291139
0.208008 0.293801
0.209961 0.296461
0.211914 0.29912
0.213867 0.301776
0.21582 0.30443
0.217773 0.307082
0.219727 0.309732
0.22168 0.31238
0.223633 0.315025
0.225586 0.317669
0.227539 0.32031
0.229492 0.32295
0.231445 0.325587
0.233398 0.328222
0.235352 0.330855
0.237305 0.333486
0.239258 0.336114
0.241211 0.338741
0.243164 0.341365
0.245117 0.343987
0.24707 0.346607
0.249023 0.349225
0.250977 0.35184
0.25293 0.354454
0.254883 0.357065
0.256836 0.359674
0.258789 0.36228
0.260742 0.364885
0.262695 0.367487
0.264648 0.370087
0.266602 0.372685
0.268555 0.37528
0.270508 0.377873
0.272461 0.380464
0.274414 0.383052
0.276367 0.385638
0.27832 0.388222
0.280273 0.390804
0.282227 0.393383
0.28418 0.39596
0.286133 0.398534
0.288086 0.401106
0.290039 0.403676
0.291992 0.406243
0.293945 0.408808
0.295898 0.411371
0.297852 0.413931
0.299805 0.416489
0.301758 0.419044
0.303711 0.421597
0.305664 0.424148
0.307617 0.426696
0.30957 0.429241
0.311523 0.431785
0.313477 0.434325
0.31543 0.436863
0.317383 0.439399
0.319336 0.441932
0.321289 0.444463
0.323242 0.446991
0.325195 0.449517
0.327148 0.45204
0.329102 0.45456
0.331055 0.457078
0.333008 0.459593
0.334961 0.462106
0.336914 0.464616
0.338867 0.467124
0.34082 0.469629
0.342773 0.472131
0.344727 0.474631
0.34668 0.477128
0.348633 0.479622
0.350586 0.482114
0.352539 0.484603
0.354492 0.487089
0.356445 0.489573
0.358398 0.492054
0.360352 0.494532
0.362305 0.497007
0.364258 0.49948
0.366211 0.50195
0.368164 0.504417
0.370117 0.506882
0.37207 0.509343
0.374023 0.511802
0.375977 0.514258
0.37793 0.516711
0.379883 0.519162
0.381836 0.521609
0.383789 0.524054
0.385742 0.526495
0.387695 0.528934
0.389648 0.53137
0.391602 0.533803
0.393555 0.536234
0.395508 0.538661
0.397461 0.541085
0.399414 0.543506
0.401367 0.545925
0.40332 0.54834
0.405273 0.550752
0.407227 0.553162
0.40918 0.555568
0.411133 0.557971
0.413086 0.560372
0.415039 0.562769
0.416992 0.565163
0.418945 0.567554
0.420898 0.569942
0.422852 0.572327
0.424805 0.574708
0.426758 0.577087
0.428711 0.579462
0.430664 0.581834
0.432617 0.584203
0.43457 0.586569
0.436523 0.588932
0.438477 0.591291
0.44043 0.593647
0.442383 0.596
0.444336 0.59835
0.446289 0.600696
0.448242 0.603039
0.450195 0.605378
0.452148 0.607715
0.454102 0.610048
0.456055 0.612377
0.458008 0.614703
0.459961 0.617026
0.461914 0.619346
0.463867 0.621662
0.46582 0.623974
0.467773 0.626283
0.469727 0.628589
0.47168 0.630891
0.473633 0.633189
0.475586 0.635484
0.477539 0.637776
0.479492 0.640063
0.481445 0.642348
0.483398 0.644628
0.485352 0.646906
0.487305 0.649179
0.489258 0.651449
0.491211 0.653715
0.493164 0.655977
0.495117 0.658236
0.49707 0.660491
0.499023 0.662742
0.500977 0.66499
0.50293 0.667233
0.504883 0.669473
0.506836 0.671709
0.508789 0.673941
0.510742 0.67617
0.512695 0.678394
0.514648 0.680615
0.516602 0.682831
0.518555 0.685044
0.520508 0.687253
0.522461 0.689457
0.524414 0.691658
0.526367 0.693855
0.52832 0.696048
0.530273 0.698236
0.532227 0.700421
0.53418 0.702601
0.536133 0.704777
0.538086 0.706949
0.540039 0.709117
0.541992 0.711281
0.543945 0.71344
0.545898 0.715596
0.547852 0.717747
0.549805 0.719893
0.551758 0.722036
0.553711 0.724173
0.555664 0.726307
0.557617 0.728436
0.55957 0.730561
0.561523 0.732682
0.563477 0.734797
0.56543 0.736909
0.567383 0.739016
0.569336 0.741118
0.571289 0.743216
0.573242 0.745309
0.575195 0.747398
0.577148 0.749481
0.579102 0.751561
0.581055 0.753635
0.583008 0.755705
0.584961 0.75777
0.586914 0.75983
0.588867 0.761886
0.59082 0.763936
0.592773 0.765982
0.594727 0.768023
0.59668 0.770059
0.598633 0.77209
0.600586 0.774116
0.602539 0.776136
0.604492 0.778152
0.606445 0.780163
0.608398 0.782169
0.610352 0.784169
0.612305 0.786165
0.614258 0.788155
0.616211 0.790139
0.618164 0.792119
0.620117 0.794093
0.62207 0.796062
0.624023 0.798026
0.625977 0.799984
0.62793 0.801937
0.629883 0.803884
0.631836 0.805825
0.633789 0.807762
0.635742 0.809692
0.637695 0.811617
0.639648 0.813536
0.641602 0.81545
0.643555 0.817357
0.645508 0.819259
0.647461 0.821156
0.649414 0.823046
0.651367 0.82493
0.65332 0.826809
0.655273 0.828681
0.657227 0.830548
0.65918 0.832408
0.661133 0.834262
0.663086 0.83611
0.665039 0.837952
0.666992 0.839788
0.668945 0.841617
0.670898 0.84344
0.672852 0.845257
0.674805 0.847067
0.676758 0.848871
0.678711 0.850669
0.680664 0.852459
0.682617 0.854243
0.68457 0.856021
0.686523 0.857792
0.688477 0.859556
0.69043 0.861313
0.692383 0.863063
0.694336 0.864807
0.696289 0.866543
0.698242 0.868273
0.700195 0.869995
0.702148 0.871711
0.704102 0.873419
0.706055 0.87512
0.708008 0.876813
0.709961 0.878499
0.711914 0.880178
0.713867 0.88185
0.71582 0.883513
0.717773 0.88517
0.719727 0.886818
0.72168 0.888459
0.723633 0.890092
0.725586 0.891718
0.727539 0.893335
0.729492 0.894944
0.731445 0.896546
0.733398 0.898139
0.735352 0.899724
0.737305 0.901301
0.739258 0.902869
0.741211 0.90443
0.743164 0.905981
0.745117 0.907524
0.74707 0.909059
0.749023 0.910585
0.750977 0.912102
0.75293 0.91361
0.754883 0.91511
0.756836 0.9166
0.758789 0.918081
0.760742 0.919554
0.762695 0.921017
0.764648 0.92247
0.766602 0.923914
0.768555 0.925349
0.770508 0.926774
0.772461 0.928189
0.774414 0.929595
0.776367 0.930991
0.77832 0.932376
0.780273 0.933752
0.782227 0.935118
0.78418 0.936473
0.786133 0.937818
0.788086 0.939152
0.790039 0.940476
0.791992 0.941789
0.793945 0.943092
0.795898 0.944383
0.797852 0.945664
0.799805 0.946933
0.801758 0.948191
0.803711 0.949438
0.805664 0.950673
0.807617 0.951897
0.80957 0.953109
0.811523 0.954309
0.813477 0.955497
0.81543 0.956673
0.817383 0.957836
0.819336 0.958988
0.821289 0.960126
0.823242 0.961252
0.825195 0.962366
0.827148 0.963466
0.829102 0.964553
0.831055 0.965627
0.833008 0.966688
0.834961 0.967734
0.836914 0.968768
0.838867 0.969786
0.84082 0.970792
0.842773 0.971781
0.844727 0.97276
0.84668 0.973719
0.848633 0.974669
0.850586 0.975597
0.852539 0.976519
0.854492 0.977413
0.856445 0.978308
0.858398 0.979167
0.860352 0.980035
0.862305 0.980855
0.864258 0.981698
0.866211 0.982476
0.868164 0.983297
0.870117 0.984026
0.87207 0.984832
0.874023 0.985502
0.875977 0.986302
0.87793 0.986899
0.879883 0.987708
0.881836 0.988211
0.883789 0.989054
0.885742 0.989429
0.887695 0.990346
0.889648 0.990543
0.891602 0.991591
0.893555 0.991534
0.895508 0.992808
0.897461 0.992376
0.899414 0.994022
0.901367 0.993032
0.90332 0.995274
0.905273 0.993443
0.907227 0.996632
0.90918 0.993523
0.911133 0.998198
0.913086 0.993139
0.915039 1.00013
0.916992 0.992088
0.918945 1.0027
0.920898 0.990065
0.922852 1.00628
0.924805 0.986606
0.926758 1.01151
0.928711 0.98102
0.930664 1.0194
0.932617 0.972288
0.93457 1.03153
0.936523 0.958946
0.938477 1.05056
0.94043 0.938993
0.942383 1.08094
0.944336 0.909937
0.946289 1.1304
0.948242 0.869295
0.950195 1.21288
0.952148 0.816221
0.954102 1.35394
0.956055 0.75528
0.958008 1.59932
0.959961 0.702138
0.961914 2.02021
0.963867 0.684743
0.96582 2.68928
0.967773 0.728971
0.969727 3.61806
0.97168 0.838626
0.973633 4.74311
0.975586 0.997524
0.977539 5.98811
0.979492 1.18707
0.981445 7.30118
0.983398 1.39473
0.985352 8.65278
0.987305 1.61343
0.989258 10.0261
0.991211 -0.14428
0.993164 -0.108968
0.995117 0.230942
0.99707 0.118255
0.999023 -2.75098
1 0
