0 0
0.000976562 0.00141066
0.00292969 0.0042319
0.00488281 0.00705292
0.00683594 0.00987357
0.00878906 0.0126937
0.0107422 0.0155132
0.0126953 0.0183319
0.0146484 0.0211497
0.0166016 0.0239666
0.0185547 0.0267824
0.0205078 0.029597
0.0224609 0.0324103
0.0244141 0.0352224
0.0263672 0.0380332
0.0283203 0.0408425
0.0302734 0.0436504
0.0322266 0.0464569
0.0341797 0.0492619
0.0361328 0.0520654
0.0380859 0.0548674
0.0400391 0.0576679
0.0419922 0.0604669
0.0439453 0.0632643
0.0458984 0.0660601
0.0478516 0.0688544
0.0498047 0.0716471
0.0517578 0.0744383
0.0537109 0.0772279
0.0556641 0.0800159
0.0576172 0.0828024
0.0595703 0.0855872
0.0615234 0.0883705
0.0634766 0.0911521
0.0654297 0.0939322
0.0673828 0.0967106
0.0693359 0.0994875
0.0712891 0.102263
0.0732422 0.105036
0.0751953 0.107808
0.0771484 0.110579
0.0791016 0.113347
0.0810547 0.116114
0.0830078 0.11888
0.0849609 0.121644
0.0869141 0.124406
0.0888672 0.127166
0.0908203 0.129925
0.0927734 0.132682
0.0947266 0.135438
0.0966797 0.138191
0.0986328 0.140944
0.100586 0.143694
0.102539 0.146443
0.104492 0.14919
0.106445 0.151935
0.108398 0.154679
0.110352 0.157421
0.112305 0.160161
0.114258 0.162899
0.116211 0.165636
0.118164 0.168371
0.120117 0.171104
0.12207 0.173836
0.124023 0.176566
0.125977 0.179294
0.12793 0.18202
0.129883 0.184744
0.131836 0.187467
0.133789 0.190188
0.135742 0.192907
0.137695 0.195624
0.139648 0.19834
0.141602 0.201054
0.143555 0.203766
0.145508 0.206476
0.147461 0.209184
0.149414 0.211891
0.151367 0.214595
0.15332 0.217298
0.155273 0.219999
0.157227 0.222699
0.15918 0.225396
0.161133 0.228091
0.163086 0.230785
0.165039 0.233477
0.166992 0.236167
0.168945 0.238855
0.170898 0.241541
0.172852 0.244225
0.174805 0.246907
0.176758 0.249588
0.178711 0.252266
0.180664 0.254943
0.182617 0.257617
0.18457 0.26029
0.186523 0.262961
0.188477 0.26563
0.19043 0.268297
0.192383 0.270962
0.194336 0.273625
0.196289 0.276286
0.198242 0.278945
0.200195 0.281602
0.202148 0.284257
0.204102 0.28691
0.206055 0.289561
0.208008 0.29221
0.209961 0.294857
0.211914 0.297502
0.213867 0.300145
0.21582 0.302786
0.217773 0.305425
0.219727 0.308062
0.22168 0.310697
0.223633 0.31333
0.225586 0.31596
0.227539 0.318589
0.229492 0.321216
0.231445 0.32384
0.233398 0.326462
0.235352 0.329083
0.237305 0.331701
0.239258 0.334317
0.241211 0.336931
0.243164 0.339543
0.245117 0.342152
0.24707 0.34476
0.249023 0.347365
0.250977 0.349968
0.25293 0.352569
0.254883 0.355168
0.256836 0.357765
0.258789 0.360359
0.260742 0.362951
0.262695 0.365541
0.264648 0.368129
0.266602 0.370715
0.268555 0.373298
0.270508 0.375879
0.272461 0.378458
0.274414 0.381035
0.276367 0.383609
0.27832 0.386181
0.280273 0.388751
0.282227 0.391318
0.28418 0.393884
0.286133 0.396446
0.288086 0.399007
0.290039 0.401565
0.291992 0.404121
0.293945 0.406675
0.295898 0.409226
0.297852 0.411775
0.299805 0.414321
0.301758 0.416865
0.303711 0.419407
0.305664 0.421946
0.307617 0.424483
0.30957 0.427018
0.311523 0.42955
0.313477 0.43208
0.31543 0.434607
0.317383 0.437132
0.319336 0.439654
0.321289 0.442174
0.323242 0.444691
0.325195 0.447206
0.327148 0.449718
0.329102 0.452228
0.331055 0.454736
0.333008 0.45724
0.334961 0.459743
0.336914 0.462242
0.338867 0.46474
0.34082 0.467234
0.342773 0.469726
0.344727 0.472216
0.34668 0.474703
0.348633 0.477187
0.350586 0.479669
0.352539 0.482148
0.354492 0.484624
0.356445 0.487098
0.358398 0.489569
0.360352 0.492037
0.362305 0.494503
0.364258 0.496966
0.366211 0.499426
0.368164 0.501884
0.370117 0.504339
0.37207 0.506791
0.374023 0.50924
0.375977 0.511687
0.37793 0.514131
0.379883 0.516572
0.381836 0.51901
0.383789 0.521445
0.385742 0.523878
0.387695 0.526308
0.389648 0.528735
0.391602 0.531159
0.393555 0.53358
0.395508 0.535999
0.397461 0.538414
0.399414 0.540827
0.401367 0.543237
0.40332 0.545643
0.405273 0.548047
0.407227 0.550448
0.40918 0.552846
0.411133 0.555241
0.413086 0.557633
0.415039 0.560022
0.416992 0.562408
0.418945 0.564791
0.420898 0.56717
0.422852 0.569547
0.424805 0.571921
0.426758 0.574292
0.428711 0.576659
0.430664 0.579024
0.432617 0.581385
0.43457 0.583743
0.436523 0.586098
0.438477 0.58845
0.44043 0.590799
0.442383 0.593144
0.444336 0.595486
0.446289 0.597825
0.448242 0.600161
0.450195 0.602494
0.452148 0.604823
0.454102 0.607149
0.456055 0.609471
0.458008 0.611791
0.459961 0.614107
0.461914 0.616419
0.463867 0.618729
0.46582 0.621035
0.467773 0.623337
0.469727 0.625636
0.47168 0.627932
0.473633 0.630224
0.475586 0.632513
0.477539 0.634798
0.479492 0.63708
0.481445 0.639358
0.483398 0.641633
0.485352 0.643904
0.487305 0.646172
0.489258 0.648436
0.491211 0.650696
0.493164 0.652953
0.495117 0.655207
0.49707 0.657456
0.499023 0.659702
0.500977 0.661944
0.50293 0.664183
0.504883 0.666417
0.506836 0.668648
0.508789 0.670876
0.510742 0.673099
0.512695 0.675319
0.514648 0.677535
0.516602 0.679747
0.518555 0.681955
0.520508 0.684159
0.522461 0.686359
0.524414 0.688556
0.526367 0.690748
0.52832 0.692937
0.530273 0.695121
0.532227 0.697302
0.53418 0.699478
0.536133 0.701651
0.538086 0.703819
0.540039 0.705983
0.541992 0.708144
0.543945 0.7103
0.545898 0.712451
0.547852 0.714599
0.549805 0.716743
0.551758 0.718882
0.553711 0.721017
0.555664 0.723147
0.557617 0.725274
0.55957 0.727396
0.561523 0.729514
0.563477 0.731627
0.56543 0.733736
0.567383 0.735841
0.569336 0.737941
0.571289 0.740036
0.573242 0.742127
0.575195 0.744214
0.577148 0.746296
0.579102 0.748374
0.581055 0.750446
0.583008 0.752515
0.584961 0.754578
0.586914 0.756637
0.588867 0.758691
0.59082 0.760741
0.592773 0.762786
0.594727 0.764825
0.59668 0.76686
0.598633 0.768891
0.600586 0.770916
0.602539 0.772936
0.604492 0.774952
0.606445 0.776962
0.608398 0.778968
0.610352 0.780968
0.612305 0.782964
0.614258 0.784954
0.616211 0.786939
0.618164 0.788919
0.620117 0.790894
0.62207 0.792863
0.624023 0.794828
0.625977 0.796787
0.62793 0.79874
0.629883 0.800689
0.631836 0.802632
0.633789 0.804569
0.635742 0.806501
0.637695 0.808428
0.639648 0.810349
0.641602 0.812264
0.643555 0.814174
0.645508 0.816078
0.647461 0.817976
0.649414 0.819869
0.651367 0.821756
0.65332 0.823637
0.655273 0.825512
0.657227 0.827382
0.65918 0.829245
0.661133 0.831103
0.663086 0.832954
0.665039 0.8348
0.666992 0.836639
0.668945 0.838472
0.670898 0.840299
0.672852 0.84212
0.674805 0.843934
0.676758 0.845743
0.678711 0.847544
0.680664 0.84934
0.682617 0.851129
0.68457 0.852911
0.686523 0.854687
0.688477 0.856457
0.69043 0.858219
0.692383 0.859975
0.694336 0.861725
0.696289 0.863467
0.698242 0.865203
0.700195 0.866932
0.702148 0.868653
0.704102 0.870368
0.706055 0.872076
0.708008 0.873776
0.709961 0.87547
0.711914 0.877156
0.713867 0.878835
0.71582 0.880506
0.717773 0.88217
0.719727 0.883827
0.72168 0.885476
0.723633 0.887118
0.725586 0.888752
0.727539 0.890378
0.729492 0.891997
0.731445 0.893607
0.733398 0.89521
0.735352 0.896805
0.737305 0.898391
0.739258 0.89997
0.741211 0.90154
0.743164 0.903103
0.745117 0.904656
0.74707 0.906202
0.749023 0.907739
0.750977 0.909267
0.75293 0.910787
0.754883 0.912299
0.756836 0.913801
0.758789 0.915295
0.760742 0.916779
0.762695 0.918255
0.764648 0.919721
0.766602 0.921179
0.768555 0.922627
0.770508 0.924066
0.772461 0.925495
0.774414 0.926915
0.776367 0.928325
0.77832 0.929726
0.780273 0.931116
0.782227 0.932497
0.78418 0.933868
0.786133 0.935229
0.788086 0.936579
0.790039 0.93792
0.791992 0.93925
0.793945 0.940569
0.795898 0.941878
0.797852 0.943176
0.799805 0.944463
0.801758 0.945739
0.803711 0.947005
0.805664 0.948259
0.807617 0.949502
0.80957 0.950733
0.811523 0.951953
0.813477 0.953161
0.81543 0.954357
0.817383 0.955542
0.819336 0.956714
0.821289 0.957875
0.823242 0.959023
0.825195 0.960158
0.827148 0.961281
0.829102 0.962392
0.831055 0.963488
0.833008 0.964573
0.834961 0.965644
0.836914 0.966702
0.838867 0.967745
0.84082 0.968777
0.842773 0.969792
0.844727 0.970797
0.84668 0.971783
0.848633 0.972761
0.850586 0.973715
0.852539 0.974666
0.854492 0.975589
0.856445 0.976513
0.858398 0.977401
0.860352 0.978299
0.862305 0.97915
0.864258 0.980025
0.866211 0.980832
0.868164 0.981688
0.870117 0.982447
0.87207 0.983289
0.874023 0.983989
0.875977 0.984828
0.87793 0.985454
0.879883 0.986307
0.881836 0.986837
0.883789 0.987728
0.885742 0.988127
0.887695 0.989098
0.889648 0.989314
0.891602 0.990427
0.893555 0.990378
0.895508 0.991732
0.897461 0.991294
0.899414 0.993041
0.901367 0.992022
0.90332 0.994398
0.905273 0.992501
0.907227 0.995872
0.90918 0.99264
0.911133 0.997572
0.913086 0.992301
0.915039 0.999669
0.916992 0.991274
0.918945 1.00243
0.920898 0.98924
0.922852 1.00626
0.924805 0.985717
0.926758 1.01184
0.928711 0.979987
0.930664 1.02019
0.932617 0.970993
0.93457 1.03301
0.936523 0.957228
0.938477 1.05306
0.94043 0.936643
0.942383 1.08503
0.944336 0.906726
0.946289 1.1371
0.948242 0.86507
0.950195 1.22398
0.952148 0.811155
0.954102 1.37269
0.956055 0.750327
0.958008 1.63123
0.959961 0.699421
0.961914 2.07252
0.963867 0.686882
0.96582 2.76638
0.967773 0.737144
0.969727 3.71659
0.97168 0.851857
0.973633 4.85547
0.975586 1.01415
0.977539 6.1079
0.979492 1.20585
0.981445 7.42447
0.983398 1.41489
0.985352 8.7777
0.987305 1.63433
0.989258 10.1526
0.991211 -0.144857
0.993164 -0.120217
0.995117 0.193016
0.99707 0.861367
0.999023 -0.813967
1 0
