0 0
0.000976562 0.00139256
0.00292969 0.00417762
0.00488281 0.00696246
0.00683594 0.00974695
0.00878906 0.012531
0.0107422 0.0153144
0.0126953 0.018097
0.0146484 0.0208788
0.0166016 0.0236597
0.0185547 0.0264396
0.0205078 0.0292183
0.0224609 0.0319959
0.0244141 0.0347723
0.0263672 0.0375473
0.0283203 0.0403211
0.0302734 0.0430934
0.0322266 0.0458644
0.0341797 0.048634
0.0361328 0.0514021
0.0380859 0.0541688
0.0400391 0.056934
0.0419922 0.0596978
0.0439453 0.0624601
0.0458984 0.0652208
0.0478516 0.0679801
0.0498047 0.0707379
0.0517578 0.0734942
0.0537109 0.076249
0.0556641 0.0790022
0.0576172 0.0817539
0.0595703 0.0845041
0.0615234 0.0872528
0.0634766 0.0899999
0.0654297 0.0927455
0.0673828 0.0954896
0.0693359 0.0982321
0.0712891 0.100973
0.0732422 0.103712
0.0751953 0.10645
0.0771484 0.109187
0.0791016 0.111921
0.0810547 0.114654
0.0830078 0.117386
0.0849609 0.120116
0.0869141 0.122844
0.0888672 0.125571
0.0908203 0.128296
0.0927734 0.13102
0.0947266 0.133742
0.0966797 0.136462
0.0986328 0.139181
0.100586 0.141898
0.102539 0.144613
0.104492 0.147327
0.106445 0.150039
0.108398 0.15275
0.110352 0.155459
0.112305 0.158166
0.114258 0.160872
0.116211 0.163576
0.118164 0.166278
0.120117 0.168979
0.12207 0.171678
0.124023 0.174375
0.125977 0.17707
0.12793 0.179764
0.129883 0.182456
0.131836 0.185147
0.133789 0.187836
0.135742 0.190523
0.137695 0.193208
0.139648 0.195892
0.141602 0.198574
0.143555 0.201254
0.145508 0.203932
0.147461 0.206609
0.149414 0.209284
0.151367 0.211957
0.15332 0.214628
0.155273 0.217298
0.157227 0.219966
0.15918 0.222632
0.161133 0.225296
0.163086 0.227959
0.165039 0.23062
0.166992 0.233278
0.168945 0.235936
0.170898 0.238591
0.172852 0.241244
0.174805 0.243896
0.176758 0.246546
0.178711 0.249194
0.180664 0.25184
0.182617 0.254484
0.18457 0.257127
0.186523 0.259767
0.188477 0.262406
0.19043 0.265043
0.192383 0.267678
0.194336 0.270311
0.196289 0.272942
0.198242 0.275572
0.200195 0.278199
0.202148 0.280825
0.204102 0.283448
0.206055 0.28607
0.208008 0.28869
0.209961 0.291308
0.211914 0.293923
0.213867 0.296537
0.21582 0.299149
0.217773 0.301759
0.219727 0.304367
0.22168 0.306974
0.223633 0.309578
0.225586 0.31218
0.227539 0.31478
0.229492 0.317378
0.231445 0.319974
0.233398 0.322568
0.235352 0.32516
0.237305 0.32775
0.239258 0.330338
0.241211 0.332924
0.243164 0.335508
0.245117 0.33809
0.24707 0.34067
0.249023 0.343248
0.250977 0.345824
0.25293 0.348397
0.254883 0.350969
0.256836 0.353538
0.258789 0.356105
0.260742 0.358671
0.262695 0.361234
0.264648 0.363795
0.266602 0.366353
0.268555 0.36891
0.270508 0.371465
0.272461 0.374017
0.274414 0.376567
0.276367 0.379115
0.27832 0.381661
0.280273 0.384205
0.282227 0.386746
0.28418 0.389285
0.286133 0.391822
0.288086 0.394357
0.290039 0.39689
0.291992 0.39942
0.293945 0.401948
0.295898 0.404474
0.297852 0.406998
0.299805 0.409519
0.301758 0.412038
0.303711 0.414555
0.305664 0.417069
0.307617 0.419581
0.30957 0.422091
0.311523 0.424599
0.313477 0.427104
0.31543 0.429607
0.317383 0.432107
0.319336 0.434605
0.321289 0.437101
0.323242 0.439595
0.325195 0.442086
0.327148 0.444574
0.329102 0.44706
0.331055 0.449544
0.333008 0.452026
0.334961 0.454505
0.336914 0.456981
0.338867 0.459455
0.34082 0.461927
0.342773 0.464396
0.344727 0.466863
0.34668 0.469327
0.348633 0.471788
0.350586 0.474248
0.352539 0.476704
0.354492 0.479158
0.356445 0.48161
0.358398 0.484059
0.360352 0.486505
0.362305 0.488949
0.364258 0.491391
0.366211 0.493829
0.368164 0.496265
0.370117 0.498699
0.37207 0.50113
0.374023 0.503558
0.375977 0.505984
0.37793 0.508407
0.379883 0.510827
0.381836 0.513245
0.383789 0.51566
0.385742 0.518072
0.387695 0.520481
0.389648 0.522888
0.391602 0.525292
0.393555 0.527694
0.395508 0.530092
0.397461 0.532488
0.399414 0.534881
0.401367 0.537271
0.40332 0.539659
0.405273 0.542043
0.407227 0.544425
0.40918 0.546804
0.411133 0.54918
0.413086 0.551553
0.415039 0.553924
0.416992 0.556291
0.418945 0.558656
0.420898 0.561018
0.422852 0.563376
0.424805 0.565732
0.426758 0.568085
0.428711 0.570435
0.430664 0.572782
0.432617 0.575126
0.43457 0.577467
0.436523 0.579805
0.438477 0.58214
0.44043 0.584471
0.442383 0.5868
0.444336 0.589126
0.446289 0.591449
0.448242 0.593768
0.450195 0.596084
0.452148 0.598398
0.454102 0.600708
0.456055 0.603015
0.458008 0.605319
0.459961 0.607619
0.461914 0.609917
0.463867 0.612211
0.46582 0.614502
0.467773 0.61679
0.469727 0.619074
0.47168 0.621355
0.473633 0.623633
0.475586 0.625908
0.477539 0.628179
0.479492 0.630447
0.481445 0.632711
0.483398 0.634973
0.485352 0.63723
0.487305 0.639485
0.489258 0.641736
0.491211 0.643983
0.493164 0.646227
0.495117 0.648468
0.49707 0.650705
0.499023 0.652939
0.500977 0.655169
0.50293 0.657395
0.504883 0.659618
0.506836 0.661838
0.508789 0.664054
0.510742 0.666266
0.512695 0.668474
0.514648 0.670679
0.516602 0.67288
0.518555 0.675078
0.520508 0.677272
0.522461 0.679462
0.524414 0.681648
0.526367 0.683831
0.52832 0.68601
0.530273 0.688185
0.532227 0.690356
0.53418 0.692523
0.536133 0.694687
0.538086 0.696846
0.540039 0.699002
0.541992 0.701154
0.543945 0.703302
0.545898 0.705446
0.547852 0.707585
0.549805 0.709721
0.551758 0.711853
0.553711 0.713981
0.555664 0.716105
0.557617 0.718224
0.55957 0.72034
0.561523 0.722451
0.563477 0.724558
0.56543 0.726661
0.567383 0.72876
0.569336 0.730854
0.571289 0.732944
0.573242 0.73503
0.575195 0.737112
0.577148 0.739189
0.579102 0.741262
0.581055 0.743331
0.583008 0.745395
0.584961 0.747455
0.586914 0.74951
0.588867 0.751561
0.59082 0.753607
0.592773 0.755649
0.594727 0.757686
0.59668 0.759718
0.598633 0.761746
0.600586 0.763769
0.602539 0.765788
0.604492 0.767802
0.606445 0.769811
0.608398 0.771815
0.610352 0.773815
0.612305 0.77581
0.614258 0.7778
0.616211 0.779785
0.618164 0.781765
0.620117 0.78374
0.62207 0.78571
0.624023 0.787675
0.625977 0.789636
0.62793 0.791591
0.629883 0.793541
0.631836 0.795485
0.633789 0.797425
0.635742 0.79936
0.637695 0.801289
0.639648 0.803213
0.641602 0.805131
0.643555 0.807045
0.645508 0.808953
0.647461 0.810855
0.649414 0.812752
0.651367 0.814644
0.65332 0.81653
0.655273 0.818411
0.657227 0.820286
0.65918 0.822155
0.661133 0.824019
0.663086 0.825877
0.665039 0.827729
0.666992 0.829575
0.668945 0.831416
0.670898 0.833251
0.672852 0.83508
0.674805 0.836903
0.676758 0.838719
0.678711 0.84053
0.680664 0.842335
0.682617 0.844134
0.68457 0.845926
0.686523 0.847713
0.688477 0.849493
0.69043 0.851266
0.692383 0.853034
0.694336 0.854795
0.696289 0.856549
0.698242 0.858297
0.700195 0.860039
0.702148 0.861774
0.704102 0.863502
0.706055 0.865224
0.708008 0.866939
0.709961 0.868647
0.711914 0.870348
0.713867 0.872042
0.71582 0.87373
0.717773 0.87541
0.719727 0.877084
0.72168 0.87875
0.723633 0.880409
0.725586 0.882061
0.727539 0.883705
0.729492 0.885342
0.731445 0.886972
0.733398 0.888594
0.735352 0.890209
0.737305 0.891816
0.739258 0.893416
0.741211 0.895007
0.743164 0.896591
0.745117 0.898167
0.74707 0.899736
0.749023 0.901296
0.750977 0.902848
0.75293 0.904392
0.754883 0.905928
0.756836 0.907455
0.758789 0.908975
0.760742 0.910485
0.762695 0.911988
0.764648 0.913481
0.766602 0.914966
0.768555 0.916443
0.770508 0.91791
0.772461 0.919369
0.774414 0.920819
0.776367 0.922259
0.77832 0.923691
0.780273 0.925113
0.782227 0.926526
0.78418 0.927929
0.786133 0.929324
0.788086 0.930708
0.790039 0.932083
0.791992 0.933448
0.793945 0.934803
0.795898 0.936148
0.797852 0.937483
0.799805 0.938808
0.801758 0.940123
0.803711 0.941427
0.805664 0.942721
0.807617 0.944004
0.80957 0.945276
0.811523 0.946538
0.813477 0.947788
0.81543 0.949028
0.817383 0.950257
0.819336 0.951474
0.821289 0.95268
0.823242 0.953874
0.825195 0.955056
0.827148 0.956227
0.829102 0.957386
0.831055 0.958532
0.833008 0.959667
0.834961 0.960789
0.836914 0.9619
0.838867 0.962995
0.84082 0.964081
0.842773 0.96515
0.844727 0.966211
0.84668 0.967253
0.848633 0.968289
0.850586 0.969301
0.852539 0.970312
0.854492 0.971294
0.856445 0.972281
0.858398 0.97323
0.860352 0.974194
0.862305 0.975106
0.864258 0.97605
0.866211 0.976921
0.868164 0.977849
0.870117 0.978672
0.87207 0.979591
0.874023 0.980354
0.875977 0.981276
0.87793 0.981964
0.879883 0.982906
0.881836 0.983494
0.883789 0.984486
0.885742 0.984936
0.887695 0.986023
0.889648 0.986276
0.891602 0.987528
0.893555 0.987495
0.895508 0.989022
0.897461 0.988565
0.899414 0.990534
0.901367 0.989442
0.90332 0.992114
0.905273 0.990059
0.907227 0.993839
0.90918 0.990319
0.911133 0.99583
0.913086 0.990068
0.915039 0.998275
0.916992 0.989078
0.918945 1.00147
0.920898 0.987
0.922852 1.00586
0.924805 0.98331
0.926758 1.0122
0.928711 0.977228
0.930664 1.02161
0.932617 0.967615
0.93457 1.03599
0.936523 0.952855
0.938477 1.05842
0.94043 0.930792
0.942383 1.09417
0.944336 0.898862
0.946289 1.15249
0.948242 0.854842
0.950195 1.25017
0.952148 0.798991
0.954102 1.41801
0.956055 0.738483
0.958008 1.71008
0.959961 0.692533
0.961914 2.20591
0.963867 0.688965
0.96582 2.98133
0.967773 0.743626
0.969727 4.0684
0.97168 0.841448
0.973633 5.48983
0.975586 0.943598
0.977539 7.32517
0.979492 1.00425
0.981445 9.72743
0.983398 0.976393
0.985352 12.9123
0.987305 0.810625
0.989258 17.147
0.991211 -0.786447
0.993164 -4.23771
0.995117 -107.142
0.99707 81.7142
0.999023 14.7872
1 0
