0 0
0.000976562 0.00138663
0.00292969 0.00415983
0.00488281 0.00693282
0.00683594 0.00970547
0.00878906 0.0124776
0.0107422 0.0152492
0.0126953 0.0180201
0.0146484 0.0207901
0.0166016 0.0235592
0.0185547 0.0263273
0.0205078 0.0290943
0.0224609 0.0318601
0.0244141 0.0346247
0.0263672 0.0373881
0.0283203 0.0401502
0.0302734 0.0429109
0.0322266 0.0456702
0.0341797 0.0484282
0.0361328 0.0511847
0.0380859 0.0539398
0.0400391 0.0566935
0.0419922 0.0594457
0.0439453 0.0621965
0.0458984 0.0649458
0.0478516 0.0676936
0.0498047 0.0704399
0.0517578 0.0731847
0.0537109 0.0759281
0.0556641 0.0786699
0.0576172 0.0814103
0.0595703 0.0841491
0.0615234 0.0868865
0.0634766 0.0896223
0.0654297 0.0923566
0.0673828 0.0950893
0.0693359 0.0978206
0.0712891 0.10055
0.0732422 0.103278
0.0751953 0.106005
0.0771484 0.10873
0.0791016 0.111454
0.0810547 0.114176
0.0830078 0.116896
0.0849609 0.119615
0.0869141 0.122332
0.0888672 0.125048
0.0908203 0.127762
0.0927734 0.130475
0.0947266 0.133186
0.0966797 0.135895
0.0986328 0.138603
0.100586 0.141309
0.102539 0.144013
0.104492 0.146716
0.106445 0.149418
0.108398 0.152118
0.110352 0.154816
0.112305 0.157512
0.114258 0.160207
0.116211 0.1629
0.118164 0.165592
0.120117 0.168282
0.12207 0.17097
0.124023 0.173656
0.125977 0.176341
0.12793 0.179025
0.129883 0.181706
0.131836 0.184386
0.133789 0.187064
0.135742 0.189741
0.137695 0.192416
0.139648 0.195089
0.141602 0.19776
0.143555 0.20043
0.145508 0.203098
0.147461 0.205764
0.149414 0.208429
0.151367 0.211091
0.15332 0.213752
0.155273 0.216412
0.157227 0.219069
0.15918 0.221725
0.161133 0.224379
0.163086 0.227032
0.165039 0.229682
0.166992 0.232331
0.168945 0.234978
0.170898 0.237623
0.172852 0.240266
0.174805 0.242908
0.176758 0.245548
0.178711 0.248186
0.180664 0.250822
0.182617 0.253456
0.18457 0.256089
0.186523 0.25872
0.188477 0.261348
0.19043 0.263975
0.192383 0.2666
0.194336 0.269224
0.196289 0.271845
0.198242 0.274465
0.200195 0.277082
0.202148 0.279698
0.204102 0.282312
0.206055 0.284924
0.208008 0.287534
0.209961 0.290142
0.211914 0.292749
0.213867 0.295353
0.21582 0.297956
0.217773 0.300556
0.219727 0.303155
0.22168 0.305751
0.223633 0.308346
0.225586 0.310939
0.227539 0.313529
0.229492 0.316118
0.231445 0.318705
0.233398 0.32129
0.235352 0.323873
0.237305 0.326453
0.239258 0.329032
0.241211 0.331609
0.243164 0.334184
0.245117 0.336757
0.24707 0.339327
0.249023 0.341896
0.250977 0.344463
0.25293 0.347027
0.254883 0.34959
0.256836 0.35215
0.258789 0.354709
0.260742 0.357265
0.262695 0.359819
0.264648 0.362371
0.266602 0.364921
0.268555 0.367469
0.270508 0.370015
0.272461 0.372558
0.274414 0.3751
0.276367 0.377639
0.27832 0.380176
0.280273 0.382711
0.282227 0.385244
0.28418 0.387775
0.286133 0.390303
0.288086 0.39283
0.290039 0.395354
0.291992 0.397876
0.293945 0.400396
0.295898 0.402913
0.297852 0.405428
0.299805 0.407941
0.301758 0.410452
0.303711 0.41296
0.305664 0.415467
0.307617 0.417971
0.30957 0.420472
0.311523 0.422972
0.313477 0.425469
0.31543 0.427964
0.317383 0.430456
0.319336 0.432946
0.321289 0.435434
0.323242 0.43792
0.325195 0.440403
0.327148 0.442883
0.329102 0.445362
0.331055 0.447838
0.333008 0.450311
0.334961 0.452783
0.336914 0.455251
0.338867 0.457718
0.34082 0.460182
0.342773 0.462643
0.344727 0.465102
0.34668 0.467559
0.348633 0.470013
0.350586 0.472465
0.352539 0.474914
0.354492 0.477361
0.356445 0.479805
0.358398 0.482247
0.360352 0.484686
0.362305 0.487123
0.364258 0.489557
0.366211 0.491988
0.368164 0.494417
0.370117 0.496844
0.37207 0.499268
0.374023 0.501689
0.375977 0.504108
0.37793 0.506524
0.379883 0.508937
0.381836 0.511348
0.383789 0.513756
0.385742 0.516161
0.387695 0.518564
0.389648 0.520964
0.391602 0.523362
0.393555 0.525756
0.395508 0.528148
0.397461 0.530538
0.399414 0.532924
0.401367 0.535308
0.40332 0.537689
0.405273 0.540067
0.407227 0.542443
0.40918 0.544815
0.411133 0.547185
0.413086 0.549552
0.415039 0.551916
0.416992 0.554278
0.418945 0.556636
0.420898 0.558992
0.422852 0.561345
0.424805 0.563694
0.426758 0.566041
0.428711 0.568385
0.430664 0.570727
0.432617 0.573065
0.43457 0.5754
0.436523 0.577732
0.438477 0.580061
0.44043 0.582387
0.442383 0.584711
0.444336 0.587031
0.446289 0.589348
0.448242 0.591662
0.450195 0.593973
0.452148 0.596281
0.454102 0.598586
0.456055 0.600888
0.458008 0.603186
0.459961 0.605482
0.461914 0.607774
0.463867 0.610063
0.46582 0.612349
0.467773 0.614632
0.469727 0.616911
0.47168 0.619188
0.473633 0.621461
0.475586 0.62373
0.477539 0.625997
0.479492 0.62826
0.481445 0.63052
0.483398 0.632777
0.485352 0.63503
0.487305 0.63728
0.489258 0.639526
0.491211 0.64177
0.493164 0.644009
0.495117 0.646246
0.49707 0.648479
0.499023 0.650708
0.500977 0.652934
0.50293 0.655156
0.504883 0.657375
0.506836 0.659591
0.508789 0.661803
0.510742 0.664011
0.512695 0.666216
0.514648 0.668417
0.516602 0.670615
0.518555 0.672809
0.520508 0.674999
0.522461 0.677185
0.524414 0.679368
0.526367 0.681548
0.52832 0.683723
0.530273 0.685895
0.532227 0.688063
0.53418 0.690227
0.536133 0.692387
0.538086 0.694544
0.540039 0.696697
0.541992 0.698845
0.543945 0.70099
0.545898 0.703131
0.547852 0.705269
0.549805 0.707402
0.551758 0.709531
0.553711 0.711656
0.555664 0.713777
0.557617 0.715895
0.55957 0.718008
0.561523 0.720117
0.563477 0.722222
0.56543 0.724322
0.567383 0.726419
0.569336 0.728512
0.571289 0.7306
0.573242 0.732684
0.575195 0.734764
0.577148 0.736839
0.579102 0.73891
0.581055 0.740977
0.583008 0.74304
0.584961 0.745098
0.586914 0.747152
0.588867 0.749202
0.59082 0.751246
0.592773 0.753287
0.594727 0.755323
0.59668 0.757355
0.598633 0.759381
0.600586 0.761404
0.602539 0.763422
0.604492 0.765435
0.606445 0.767443
0.608398 0.769447
0.610352 0.771446
0.612305 0.77344
0.614258 0.77543
0.616211 0.777415
0.618164 0.779395
0.620117 0.78137
0.62207 0.78334
0.624023 0.785305
0.625977 0.787265
0.62793 0.789221
0.629883 0.791171
0.631836 0.793116
0.633789 0.795056
0.635742 0.796991
0.637695 0.798921
0.639648 0.800846
0.641602 0.802765
0.643555 0.80468
0.645508 0.806589
0.647461 0.808492
0.649414 0.810391
0.651367 0.812284
0.65332 0.814171
0.655273 0.816053
0.657227 0.81793
0.65918 0.819801
0.661133 0.821666
0.663086 0.823526
0.665039 0.82538
0.666992 0.827229
0.668945 0.829071
0.670898 0.830908
0.672852 0.83274
0.674805 0.834565
0.676758 0.836384
0.678711 0.838198
0.680664 0.840005
0.682617 0.841807
0.68457 0.843602
0.686523 0.845392
0.688477 0.847175
0.69043 0.848952
0.692383 0.850723
0.694336 0.852487
0.696289 0.854246
0.698242 0.855997
0.700195 0.857743
0.702148 0.859482
0.704102 0.861214
0.706055 0.86294
0.708008 0.864659
0.709961 0.866372
0.711914 0.868078
0.713867 0.869777
0.71582 0.871469
0.717773 0.873154
0.719727 0.874833
0.72168 0.876504
0.723633 0.878168
0.725586 0.879826
0.727539 0.881476
0.729492 0.883119
0.731445 0.884754
0.733398 0.886383
0.735352 0.888004
0.737305 0.889617
0.739258 0.891223
0.741211 0.892821
0.743164 0.894412
0.745117 0.895995
0.74707 0.89757
0.749023 0.899138
0.750977 0.900697
0.75293 0.902249
0.754883 0.903792
0.756836 0.905327
0.758789 0.906855
0.760742 0.908373
0.762695 0.909884
0.764648 0.911386
0.766602 0.91288
0.768555 0.914365
0.770508 0.915841
0.772461 0.917309
0.774414 0.918768
0.776367 0.920218
0.77832 0.921659
0.780273 0.923091
0.782227 0.924514
0.78418 0.925928
0.786133 0.927333
0.788086 0.928728
0.790039 0.930113
0.791992 0.931489
0.793945 0.932855
0.795898 0.934212
0.797852 0.935558
0.799805 0.936895
0.801758 0.938222
0.803711 0.939538
0.805664 0.940844
0.807617 0.94214
0.80957 0.943425
0.811523 0.9447
0.813477 0.945964
0.81543 0.947217
0.817383 0.94846
0.819336 0.949691
0.821289 0.950911
0.823242 0.952119
0.825195 0.953317
0.827148 0.954502
0.829102 0.955677
0.831055 0.956838
0.833008 0.957989
0.834961 0.959127
0.836914 0.960254
0.838867 0.961366
0.84082 0.962469
0.842773 0.963555
0.844727 0.964634
0.84668 0.965693
0.848633 0.966747
0.850586 0.967778
0.852539 0.968808
0.854492 0.969809
0.856445 0.970815
0.858398 0.971783
0.860352 0.972767
0.862305 0.9737
0.864258 0.974665
0.866211 0.975556
0.868164 0.976506
0.870117 0.977349
0.87207 0.978292
0.874023 0.979075
0.875977 0.980023
0.87793 0.98073
0.879883 0.981702
0.881836 0.982307
0.883789 0.983332
0.885742 0.983796
0.887695 0.984921
0.889648 0.985185
0.891602 0.986482
0.893555 0.986452
0.895508 0.988034
0.897461 0.98757
0.899414 0.989611
0.901367 0.988492
0.90332 0.991262
0.905273 0.989153
0.907227 0.993068
0.90918 0.989448
0.911133 0.995152
0.913086 0.989222
0.915039 0.99771
0.916992 0.98824
0.918945 1.00104
0.920898 0.986142
0.922852 1.00563
0.924805 0.982389
0.926758 1.01221
0.928711 0.97618
0.930664 1.02199
0.932617 0.966344
0.93457 1.03691
0.936523 0.951229
0.938477 1.06017
0.94043 0.928639
0.942383 1.09726
0.944336 0.896013
0.946289 1.15777
0.948242 0.851317
0.950195 1.25882
0.952148 0.795705
0.954102 1.42992
0.956055 0.739559
0.958008 1.7126
0.959961 0.711502
0.961914 2.1233
0.963867 0.762457
0.96582 2.54454
0.967773 0.960545
0.969727 2.69315
0.97168 1.40227
0.973633 2.32982
0.975586 2.25513
0.977539 1.22814
0.979492 3.55699
0.981445 -2.64897
0.983398 2.41745
0.985352 3.48114
0.987305 47.8371
0.989258 -22.8774
0.991211 -13.0877
0.993164 -10.3859
0.995117 11.4626
0.99707 0.458722
0.999023 -2.27772
1 0
