0 0
0.000976562 0.00136532
0.00292969 0.0040959
0.00488281 0.00682627
0.00683594 0.00955633
0.00878906 0.0122859
0.0107422 0.015015
0.0126953 0.0177434
0.0146484 0.0204709
0.0166016 0.0231977
0.0185547 0.0259235
0.0205078 0.0286482
0.0224609 0.0313719
0.0244141 0.0340944
0.0263672 0.0368157
0.0283203 0.0395357
0.0302734 0.0422546
0.0322266 0.0449721
0.0341797 0.0476882
0.0361328 0.0504031
0.0380859 0.0531165
0.0400391 0.0558286
0.0419922 0.0585393
0.0439453 0.0612487
0.0458984 0.0639566
0.0478516 0.0666631
0.0498047 0.0693682
0.0517578 0.0720719
0.0537109 0.0747741
0.0556641 0.077475
0.0576172 0.0801744
0.0595703 0.0828723
0.0615234 0.0855689
0.0634766 0.0882639
0.0654297 0.0909576
0.0673828 0.0936497
0.0693359 0.0963404
0.0712891 0.0990297
0.0732422 0.101717
0.0751953 0.104404
0.0771484 0.107089
0.0791016 0.109772
0.0810547 0.112454
0.0830078 0.115134
0.0849609 0.117813
0.0869141 0.120491
0.0888672 0.123166
0.0908203 0.125841
0.0927734 0.128514
0.0947266 0.131185
0.0966797 0.133855
0.0986328 0.136523
0.100586 0.13919
0.102539 0.141855
0.104492 0.144519
0.106445 0.147181
0.108398 0.149842
0.110352 0.152501
0.112305 0.155159
0.114258 0.157815
0.116211 0.160469
0.118164 0.163122
0.120117 0.165773
0.12207 0.168423
0.124023 0.171071
0.125977 0.173717
0.12793 0.176362
0.129883 0.179006
0.131836 0.181648
0.133789 0.184288
0.135742 0.186926
0.137695 0.189563
0.139648 0.192198
0.141602 0.194832
0.143555 0.197464
0.145508 0.200095
0.147461 0.202723
0.149414 0.20535
0.151367 0.207976
0.15332 0.2106
0.155273 0.213222
0.157227 0.215842
0.15918 0.218461
0.161133 0.221078
0.163086 0.223694
0.165039 0.226307
0.166992 0.22892
0.168945 0.23153
0.170898 0.234139
0.172852 0.236746
0.174805 0.239351
0.176758 0.241954
0.178711 0.244556
0.180664 0.247156
0.182617 0.249755
0.18457 0.252351
0.186523 0.254946
0.188477 0.257539
0.19043 0.26013
0.192383 0.26272
0.194336 0.265308
0.196289 0.267894
0.198242 0.270478
0.200195 0.273061
0.202148 0.275641
0.204102 0.27822
0.206055 0.280797
0.208008 0.283372
0.209961 0.285946
0.211914 0.288518
0.213867 0.291087
0.21582 0.293655
0.217773 0.296221
0.219727 0.298786
0.22168 0.301348
0.223633 0.303909
0.225586 0.306467
0.227539 0.309024
0.229492 0.311579
0.231445 0.314132
0.233398 0.316683
0.235352 0.319233
0.237305 0.32178
0.239258 0.324326
0.241211 0.326869
0.243164 0.329411
0.245117 0.33195
0.24707 0.334488
0.249023 0.337024
0.250977 0.339558
0.25293 0.34209
0.254883 0.34462
0.256836 0.347148
0.258789 0.349674
0.260742 0.352198
0.262695 0.35472
0.264648 0.35724
0.266602 0.359758
0.268555 0.362274
0.270508 0.364788
0.272461 0.3673
0.274414 0.36981
0.276367 0.372318
0.27832 0.374824
0.280273 0.377328
0.282227 0.379829
0.28418 0.382329
0.286133 0.384827
0.288086 0.387322
0.290039 0.389815
0.291992 0.392307
0.293945 0.394796
0.295898 0.397283
0.297852 0.399768
0.299805 0.402251
0.301758 0.404732
0.303711 0.40721
0.305664 0.409687
0.307617 0.412161
0.30957 0.414633
0.311523 0.417103
0.313477 0.419571
0.31543 0.422036
0.317383 0.4245
0.319336 0.426961
0.321289 0.42942
0.323242 0.431876
0.325195 0.434331
0.327148 0.436783
0.329102 0.439233
0.331055 0.441681
0.333008 0.444126
0.334961 0.446569
0.336914 0.44901
0.338867 0.451449
0.34082 0.453885
0.342773 0.456319
0.344727 0.45875
0.34668 0.46118
0.348633 0.463607
0.350586 0.466031
0.352539 0.468454
0.354492 0.470873
0.356445 0.473291
0.358398 0.475706
0.360352 0.478119
0.362305 0.480529
0.364258 0.482937
0.366211 0.485342
0.368164 0.487746
0.370117 0.490146
0.37207 0.492544
0.374023 0.49494
0.375977 0.497333
0.37793 0.499724
0.379883 0.502112
0.381836 0.504498
0.383789 0.506881
0.385742 0.509262
0.387695 0.51164
0.389648 0.514016
0.391602 0.516389
0.393555 0.518759
0.395508 0.521127
0.397461 0.523492
0.399414 0.525855
0.401367 0.528215
0.40332 0.530573
0.405273 0.532928
0.407227 0.53528
0.40918 0.537629
0.411133 0.539976
0.413086 0.54232
0.415039 0.544662
0.416992 0.547001
0.418945 0.549337
0.420898 0.55167
0.422852 0.554001
0.424805 0.556329
0.426758 0.558654
0.428711 0.560977
0.430664 0.563296
0.432617 0.565613
0.43457 0.567927
0.436523 0.570238
0.438477 0.572547
0.44043 0.574852
0.442383 0.577155
0.444336 0.579455
0.446289 0.581751
0.448242 0.584045
0.450195 0.586337
0.452148 0.588625
0.454102 0.59091
0.456055 0.593192
0.458008 0.595472
0.459961 0.597748
0.461914 0.600021
0.463867 0.602292
0.46582 0.604559
0.467773 0.606824
0.469727 0.609085
0.47168 0.611343
0.473633 0.613598
0.475586 0.61585
0.477539 0.618099
0.479492 0.620345
0.481445 0.622588
0.483398 0.624827
0.485352 0.627064
0.487305 0.629297
0.489258 0.631527
0.491211 0.633754
0.493164 0.635978
0.495117 0.638198
0.49707 0.640415
0.499023 0.642629
0.500977 0.64484
0.50293 0.647047
0.504883 0.649251
0.506836 0.651451
0.508789 0.653649
0.510742 0.655843
0.512695 0.658033
0.514648 0.66022
0.516602 0.662404
0.518555 0.664584
0.520508 0.666761
0.522461 0.668934
0.524414 0.671104
0.526367 0.673271
0.52832 0.675433
0.530273 0.677593
0.532227 0.679748
0.53418 0.681901
0.536133 0.684049
0.538086 0.686194
0.540039 0.688335
0.541992 0.690473
0.543945 0.692607
0.545898 0.694737
0.547852 0.696864
0.549805 0.698987
0.551758 0.701106
0.553711 0.703221
0.555664 0.705333
0.557617 0.707441
0.55957 0.709544
0.561523 0.711644
0.563477 0.713741
0.56543 0.715833
0.567383 0.717921
0.569336 0.720006
0.571289 0.722086
0.573242 0.724163
0.575195 0.726235
0.577148 0.728303
0.579102 0.730368
0.581055 0.732428
0.583008 0.734484
0.584961 0.736537
0.586914 0.738584
0.588867 0.740628
0.59082 0.742668
0.592773 0.744703
0.594727 0.746734
0.59668 0.748761
0.598633 0.750784
0.600586 0.752802
0.602539 0.754816
0.604492 0.756826
0.606445 0.758831
0.608398 0.760832
0.610352 0.762828
0.612305 0.76482
0.614258 0.766807
0.616211 0.76879
0.618164 0.770768
0.620117 0.772742
0.62207 0.774711
0.624023 0.776676
0.625977 0.778636
0.62793 0.780591
0.629883 0.782541
0.631836 0.784487
0.633789 0.786428
0.635742 0.788364
0.637695 0.790295
0.639648 0.792221
0.641602 0.794143
0.643555 0.796059
0.645508 0.797971
0.647461 0.799877
0.649414 0.801779
0.651367 0.803675
0.65332 0.805566
0.655273 0.807453
0.657227 0.809334
0.65918 0.811209
0.661133 0.81308
0.663086 0.814945
0.665039 0.816805
0.666992 0.81866
0.668945 0.820509
0.670898 0.822353
0.672852 0.824192
0.674805 0.826025
0.676758 0.827852
0.678711 0.829674
0.680664 0.83149
0.682617 0.833301
0.68457 0.835106
0.686523 0.836905
0.688477 0.838698
0.69043 0.840486
0.692383 0.842268
0.694336 0.844044
0.696289 0.845814
0.698242 0.847578
0.700195 0.849336
0.702148 0.851087
0.704102 0.852833
0.706055 0.854573
0.708008 0.856306
0.709961 0.858034
0.711914 0.859754
0.713867 0.861469
0.71582 0.863177
0.717773 0.864879
0.719727 0.866574
0.72168 0.868263
0.723633 0.869945
0.725586 0.87162
0.727539 0.873289
0.729492 0.874951
0.731445 0.876606
0.733398 0.878255
0.735352 0.879896
0.737305 0.881531
0.739258 0.883158
0.741211 0.884779
0.743164 0.886392
0.745117 0.887998
0.74707 0.889597
0.749023 0.891188
0.750977 0.892772
0.75293 0.894349
0.754883 0.895918
0.756836 0.89748
0.758789 0.899034
0.760742 0.90058
0.762695 0.902118
0.764648 0.903649
0.766602 0.905172
0.768555 0.906686
0.770508 0.908193
0.772461 0.909692
0.774414 0.911182
0.776367 0.912664
0.77832 0.914138
0.780273 0.915604
0.782227 0.91706
0.78418 0.918509
0.786133 0.919948
0.788086 0.921379
0.790039 0.922802
0.791992 0.924215
0.793945 0.925619
0.795898 0.927014
0.797852 0.9284
0.799805 0.929777
0.801758 0.931144
0.803711 0.932502
0.805664 0.933851
0.807617 0.93519
0.80957 0.936519
0.811523 0.937838
0.813477 0.939147
0.81543 0.940447
0.817383 0.941736
0.819336 0.943015
0.821289 0.944284
0.823242 0.945542
0.825195 0.94679
0.827148 0.948026
0.829102 0.949253
0.831055 0.950467
0.833008 0.951672
0.834961 0.952864
0.836914 0.954047
0.838867 0.955216
0.84082 0.956377
0.842773 0.957522
0.844727 0.95866
0.84668 0.95978
0.848633 0.960896
0.850586 0.961989
0.852539 0.963084
0.854492 0.964148
0.856445 0.965222
0.858398 0.966256
0.860352 0.967311
0.862305 0.968309
0.864258 0.969349
0.866211 0.970307
0.868164 0.971336
0.870117 0.972247
0.87207 0.973273
0.874023 0.974124
0.875977 0.975162
0.87793 0.975934
0.879883 0.977005
0.881836 0.977669
0.883789 0.978806
0.885742 0.979321
0.887695 0.980576
0.889648 0.980873
0.891602 0.982328
0.893555 0.982306
0.895508 0.984086
0.897461 0.983585
0.899414 0.985885
0.901367 0.984663
0.90332 0.987783
0.905273 0.985464
0.907227 0.989868
0.90918 0.985878
0.911133 0.992276
0.913086 0.985737
0.915039 0.995215
0.916992 0.984796
0.918945 0.998992
0.920898 0.982717
0.922852 1.00404
0.924805 0.979073
0.926758 1.01089
0.928711 0.973456
0.930664 1.02004
0.932617 0.965804
0.93457 1.03151
0.936523 0.957189
0.938477 1.04367
0.94043 0.951216
0.942383 1.05147
0.944336 0.955797
0.946289 1.04493
0.948242 0.983919
0.950195 1.01213
0.952148 1.0505
0.954102 0.951687
0.956055 1.16214
0.958008 0.886582
0.959961 1.30737
0.961914 0.851724
0.963867 1.48118
0.96582 0.852078
0.967773 1.74275
0.969727 0.848844
0.97168 2.21584
0.973633 0.820476
0.975586 3.00705
0.977539 0.812307
0.979492 4.09822
0.981445 0.878883
0.983398 5.35812
0.985352 0.992558
0.987305 6.81614
0.989258 -0.659194
0.991211 -0.281064
0.993164 0.141457
0.995117 7.8408
0.99707 -0.145075
0.999023 -0.146689
1 0
