0 0
0.000976562 0.00136342
0.00292969 0.00409018
0.00488281 0.00681675
0.00683594 0.009543
0.00878906 0.0122688
0.0107422 0.014994
0.0126953 0.0177186
0.0146484 0.0204424
0.0166016 0.0231654
0.0185547 0.0258874
0.0205078 0.0286083
0.0224609 0.0313282
0.0244141 0.034047
0.0263672 0.0367645
0.0283203 0.0394808
0.0302734 0.0421959
0.0322266 0.0449096
0.0341797 0.0476221
0.0361328 0.0503332
0.0380859 0.0530429
0.0400391 0.0557513
0.0419922 0.0584583
0.0439453 0.0611639
0.0458984 0.0638681
0.0478516 0.066571
0.0498047 0.0692724
0.0517578 0.0719724
0.0537109 0.074671
0.0556641 0.0773681
0.0576172 0.0800639
0.0595703 0.0827582
0.0615234 0.085451
0.0634766 0.0881425
0.0654297 0.0908324
0.0673828 0.093521
0.0693359 0.0962081
0.0712891 0.0988937
0.0732422 0.101578
0.0751953 0.104261
0.0771484 0.106942
0.0791016 0.109622
0.0810547 0.1123
0.0830078 0.114977
0.0849609 0.117652
0.0869141 0.120326
0.0888672 0.122998
0.0908203 0.125669
0.0927734 0.128338
0.0947266 0.131006
0.0966797 0.133672
0.0986328 0.136337
0.100586 0.139001
0.102539 0.141662
0.104492 0.144323
0.106445 0.146981
0.108398 0.149638
0.110352 0.152294
0.112305 0.154948
0.114258 0.157601
0.116211 0.160251
0.118164 0.162901
0.120117 0.165549
0.12207 0.168195
0.124023 0.17084
0.125977 0.173483
0.12793 0.176124
0.129883 0.178764
0.131836 0.181403
0.133789 0.184039
0.135742 0.186674
0.137695 0.189308
0.139648 0.19194
0.141602 0.19457
0.143555 0.197199
0.145508 0.199826
0.147461 0.202451
0.149414 0.205075
0.151367 0.207697
0.15332 0.210318
0.155273 0.212936
0.157227 0.215554
0.15918 0.218169
0.161133 0.220783
0.163086 0.223395
0.165039 0.226005
0.166992 0.228614
0.168945 0.231221
0.170898 0.233827
0.172852 0.23643
0.174805 0.239032
0.176758 0.241633
0.178711 0.244231
0.180664 0.246828
0.182617 0.249423
0.18457 0.252017
0.186523 0.254608
0.188477 0.257198
0.19043 0.259786
0.192383 0.262373
0.194336 0.264957
0.196289 0.26754
0.198242 0.270121
0.200195 0.272701
0.202148 0.275278
0.204102 0.277854
0.206055 0.280428
0.208008 0.283
0.209961 0.28557
0.211914 0.288139
0.213867 0.290705
0.21582 0.29327
0.217773 0.295833
0.219727 0.298395
0.22168 0.300954
0.223633 0.303511
0.225586 0.306067
0.227539 0.308621
0.229492 0.311173
0.231445 0.313723
0.233398 0.316271
0.235352 0.318817
0.237305 0.321362
0.239258 0.323904
0.241211 0.326445
0.243164 0.328983
0.245117 0.33152
0.24707 0.334055
0.249023 0.336588
0.250977 0.339119
0.25293 0.341648
0.254883 0.344175
0.256836 0.3467
0.258789 0.349223
0.260742 0.351744
0.262695 0.354263
0.264648 0.35678
0.266602 0.359295
0.268555 0.361809
0.270508 0.36432
0.272461 0.366829
0.274414 0.369336
0.276367 0.371841
0.27832 0.374344
0.280273 0.376845
0.282227 0.379344
0.28418 0.381841
0.286133 0.384336
0.288086 0.386829
0.290039 0.389319
0.291992 0.391808
0.293945 0.394294
0.295898 0.396779
0.297852 0.399261
0.299805 0.401741
0.301758 0.404219
0.303711 0.406695
0.305664 0.409169
0.307617 0.41164
0.30957 0.41411
0.311523 0.416577
0.313477 0.419042
0.31543 0.421505
0.317383 0.423966
0.319336 0.426424
0.321289 0.42888
0.323242 0.431335
0.325195 0.433786
0.327148 0.436236
0.329102 0.438683
0.331055 0.441129
0.333008 0.443571
0.334961 0.446012
0.336914 0.44845
0.338867 0.450886
0.34082 0.45332
0.342773 0.455752
0.344727 0.458181
0.34668 0.460608
0.348633 0.463032
0.350586 0.465454
0.352539 0.467874
0.354492 0.470292
0.356445 0.472707
0.358398 0.475119
0.360352 0.47753
0.362305 0.479938
0.364258 0.482343
0.366211 0.484746
0.368164 0.487147
0.370117 0.489545
0.37207 0.491941
0.374023 0.494334
0.375977 0.496725
0.37793 0.499114
0.379883 0.5015
0.381836 0.503883
0.383789 0.506264
0.385742 0.508643
0.387695 0.511019
0.389648 0.513392
0.391602 0.515763
0.393555 0.518131
0.395508 0.520497
0.397461 0.52286
0.399414 0.525221
0.401367 0.527578
0.40332 0.529934
0.405273 0.532287
0.407227 0.534637
0.40918 0.536984
0.411133 0.539329
0.413086 0.541671
0.415039 0.544011
0.416992 0.546347
0.418945 0.548682
0.420898 0.551013
0.422852 0.553342
0.424805 0.555668
0.426758 0.557991
0.428711 0.560311
0.430664 0.562629
0.432617 0.564944
0.43457 0.567256
0.436523 0.569565
0.438477 0.571872
0.44043 0.574175
0.442383 0.576476
0.444336 0.578774
0.446289 0.581069
0.448242 0.583361
0.450195 0.58565
0.452148 0.587937
0.454102 0.59022
0.456055 0.592501
0.458008 0.594778
0.459961 0.597053
0.461914 0.599325
0.463867 0.601593
0.46582 0.603859
0.467773 0.606122
0.469727 0.608381
0.47168 0.610638
0.473633 0.612891
0.475586 0.615142
0.477539 0.617389
0.479492 0.619634
0.481445 0.621875
0.483398 0.624113
0.485352 0.626348
0.487305 0.628579
0.489258 0.630808
0.491211 0.633033
0.493164 0.635255
0.495117 0.637474
0.49707 0.63969
0.499023 0.641902
0.500977 0.644111
0.50293 0.646317
0.504883 0.64852
0.506836 0.650719
0.508789 0.652915
0.510742 0.655108
0.512695 0.657297
0.514648 0.659483
0.516602 0.661665
0.518555 0.663844
0.520508 0.66602
0.522461 0.668192
0.524414 0.67036
0.526367 0.672526
0.52832 0.674687
0.530273 0.676845
0.532227 0.679
0.53418 0.681151
0.536133 0.683298
0.538086 0.685442
0.540039 0.687583
0.541992 0.689719
0.543945 0.691852
0.545898 0.693981
0.547852 0.696107
0.549805 0.698229
0.551758 0.700347
0.553711 0.702461
0.555664 0.704572
0.557617 0.706679
0.55957 0.708782
0.561523 0.710881
0.563477 0.712976
0.56543 0.715068
0.567383 0.717155
0.569336 0.719239
0.571289 0.721319
0.573242 0.723394
0.575195 0.725466
0.577148 0.727534
0.579102 0.729598
0.581055 0.731657
0.583008 0.733713
0.584961 0.735764
0.586914 0.737812
0.588867 0.739855
0.59082 0.741894
0.592773 0.743929
0.594727 0.74596
0.59668 0.747986
0.598633 0.750008
0.600586 0.752026
0.602539 0.75404
0.604492 0.756049
0.606445 0.758054
0.608398 0.760054
0.610352 0.76205
0.612305 0.764042
0.614258 0.766029
0.616211 0.768011
0.618164 0.769989
0.620117 0.771963
0.62207 0.773932
0.624023 0.775896
0.625977 0.777856
0.62793 0.779811
0.629883 0.781761
0.631836 0.783707
0.633789 0.785648
0.635742 0.787584
0.637695 0.789515
0.639648 0.791441
0.641602 0.793363
0.643555 0.79528
0.645508 0.797191
0.647461 0.799098
0.649414 0.801
0.651367 0.802896
0.65332 0.804788
0.655273 0.806674
0.657227 0.808556
0.65918 0.810432
0.661133 0.812303
0.663086 0.814169
0.665039 0.816029
0.666992 0.817884
0.668945 0.819734
0.670898 0.821578
0.672852 0.823417
0.674805 0.825251
0.676758 0.827079
0.678711 0.828901
0.680664 0.830718
0.682617 0.83253
0.68457 0.834335
0.686523 0.836135
0.688477 0.83793
0.69043 0.839718
0.692383 0.841501
0.694336 0.843278
0.696289 0.845049
0.698242 0.846814
0.700195 0.848572
0.702148 0.850325
0.704102 0.852072
0.706055 0.853813
0.708008 0.855548
0.709961 0.857276
0.711914 0.858998
0.713867 0.860714
0.71582 0.862424
0.717773 0.864127
0.719727 0.865823
0.72168 0.867513
0.723633 0.869197
0.725586 0.870874
0.727539 0.872544
0.729492 0.874208
0.731445 0.875865
0.733398 0.877515
0.735352 0.879158
0.737305 0.880794
0.739258 0.882423
0.741211 0.884046
0.743164 0.885661
0.745117 0.887269
0.74707 0.88887
0.749023 0.890463
0.750977 0.892049
0.75293 0.893628
0.754883 0.895199
0.756836 0.896763
0.758789 0.898319
0.760742 0.899868
0.762695 0.901409
0.764648 0.902942
0.766602 0.904467
0.768555 0.905984
0.770508 0.907494
0.772461 0.908995
0.774414 0.910488
0.776367 0.911973
0.77832 0.913449
0.780273 0.914918
0.782227 0.916377
0.78418 0.917829
0.786133 0.919271
0.788086 0.920705
0.790039 0.92213
0.791992 0.923547
0.793945 0.924954
0.795898 0.926353
0.797852 0.927742
0.799805 0.929122
0.801758 0.930493
0.803711 0.931855
0.805664 0.933207
0.807617 0.934549
0.80957 0.935882
0.811523 0.937205
0.813477 0.938518
0.81543 0.939822
0.817383 0.941115
0.819336 0.942398
0.821289 0.943671
0.823242 0.944933
0.825195 0.946185
0.827148 0.947426
0.829102 0.948657
0.831055 0.949876
0.833008 0.951086
0.834961 0.952283
0.836914 0.953471
0.838867 0.954644
0.84082 0.95581
0.842773 0.95696
0.844727 0.958103
0.84668 0.959228
0.848633 0.96035
0.850586 0.961448
0.852539 0.962548
0.854492 0.963618
0.856445 0.964698
0.858398 0.965737
0.860352 0.966798
0.862305 0.967803
0.864258 0.968848
0.866211 0.969813
0.868164 0.970848
0.870117 0.971765
0.87207 0.972798
0.874023 0.973654
0.875977 0.9747
0.87793 0.975477
0.879883 0.976557
0.881836 0.977227
0.883789 0.978374
0.885742 0.978892
0.887695 0.980159
0.889648 0.980459
0.891602 0.981928
0.893555 0.981905
0.895508 0.983703
0.897461 0.983198
0.899414 0.985521
0.901367 0.984289
0.90332 0.98744
0.905273 0.985103
0.907227 0.989547
0.90918 0.985529
0.911133 0.99198
0.913086 0.985402
0.915039 0.99494
0.916992 0.984487
0.918945 0.998716
0.920898 0.982473
0.922852 1.00369
0.924805 0.979011
0.926758 1.01028
0.928711 0.973867
0.930664 1.01869
0.932617 0.967338
0.93457 1.0284
0.936523 0.961075
0.938477 1.03694
0.94043 0.959347
0.942383 1.03857
0.944336 0.970165
0.946289 1.02418
0.948242 1.00472
0.950195 0.986228
0.952148 1.07277
0.954102 0.929701
0.956055 1.17403
0.958008 0.877337
0.959961 1.29946
0.961914 0.85033
0.963867 1.46575
0.96582 0.837547
0.967773 1.75385
0.969727 0.808599
0.97168 2.27999
0.973633 0.77638
0.975586 3.10244
0.977539 0.79918
0.979492 4.13604
0.981445 0.91086
0.983398 5.21866
0.985352 1.09017
0.987305 6.15633
0.989258 0.163927
0.991211 -0.371766
0.993164 0.134957
0.995117 7.97712
0.99707 -0.144521
0.999023 -0.14534
1 0
