0 0
0.000976562 0.00133182
0.00292969 0.0039954
0.00488281 0.00665881
0.00683594 0.00932193
0.00878906 0.0119846
0.0107422 0.0146468
0.0126953 0.0173084
0.0146484 0.0199693
0.0166016 0.0226294
0.0185547 0.0252887
0.0205078 0.027947
0.0224609 0.0306043
0.0244141 0.0332606
0.0263672 0.0359157
0.0283203 0.0385698
0.0302734 0.0412226
0.0322266 0.0438743
0.0341797 0.0465248
0.0361328 0.049174
0.0380859 0.0518219
0.0400391 0.0544686
0.0419922 0.057114
0.0439453 0.0597581
0.0458984 0.0624009
0.0478516 0.0650425
0.0498047 0.0676827
0.0517578 0.0703216
0.0537109 0.0729591
0.0556641 0.0755954
0.0576172 0.0782303
0.0595703 0.0808639
0.0615234 0.0834962
0.0634766 0.0861271
0.0654297 0.0887566
0.0673828 0.0913849
0.0693359 0.0940117
0.0712891 0.0966372
0.0732422 0.0992614
0.0751953 0.101884
0.0771484 0.104506
0.0791016 0.107126
0.0810547 0.109744
0.0830078 0.112362
0.0849609 0.114978
0.0869141 0.117592
0.0888672 0.120205
0.0908203 0.122817
0.0927734 0.125427
0.0947266 0.128036
0.0966797 0.130644
0.0986328 0.13325
0.100586 0.135855
0.102539 0.138458
0.104492 0.14106
0.106445 0.14366
0.108398 0.146259
0.110352 0.148857
0.112305 0.151453
0.114258 0.154048
0.116211 0.156641
0.118164 0.159233
0.120117 0.161823
0.12207 0.164412
0.124023 0.166999
0.125977 0.169585
0.12793 0.17217
0.129883 0.174753
0.131836 0.177334
0.133789 0.179914
0.135742 0.182493
0.137695 0.18507
0.139648 0.187645
0.141602 0.190219
0.143555 0.192792
0.145508 0.195363
0.147461 0.197932
0.149414 0.2005
0.151367 0.203067
0.15332 0.205632
0.155273 0.208195
0.157227 0.210757
0.15918 0.213317
0.161133 0.215876
0.163086 0.218433
0.165039 0.220989
0.166992 0.223543
0.168945 0.226095
0.170898 0.228646
0.172852 0.231195
0.174805 0.233743
0.176758 0.236289
0.178711 0.238834
0.180664 0.241377
0.182617 0.243918
0.18457 0.246458
0.186523 0.248996
0.188477 0.251532
0.19043 0.254067
0.192383 0.2566
0.194336 0.259132
0.196289 0.261662
0.198242 0.26419
0.200195 0.266717
0.202148 0.269242
0.204102 0.271765
0.206055 0.274287
0.208008 0.276807
0.209961 0.279325
0.211914 0.281842
0.213867 0.284357
0.21582 0.28687
0.217773 0.289381
0.219727 0.291891
0.22168 0.294399
0.223633 0.296906
0.225586 0.29941
0.227539 0.301913
0.229492 0.304415
0.231445 0.306914
0.233398 0.309412
0.235352 0.311908
0.237305 0.314402
0.239258 0.316894
0.241211 0.319385
0.243164 0.321874
0.245117 0.324361
0.24707 0.326847
0.249023 0.32933
0.250977 0.331812
0.25293 0.334292
0.254883 0.33677
0.256836 0.339246
0.258789 0.341721
0.260742 0.344193
0.262695 0.346664
0.264648 0.349133
0.266602 0.3516
0.268555 0.354066
0.270508 0.356529
0.272461 0.358991
0.274414 0.36145
0.276367 0.363908
0.27832 0.366364
0.280273 0.368818
0.282227 0.37127
0.28418 0.37372
0.286133 0.376168
0.288086 0.378615
0.290039 0.381059
0.291992 0.383502
0.293945 0.385942
0.295898 0.388381
0.297852 0.390817
0.299805 0.393252
0.301758 0.395685
0.303711 0.398116
0.305664 0.400544
0.307617 0.402971
0.30957 0.405396
0.311523 0.407819
0.313477 0.410239
0.31543 0.412658
0.317383 0.415075
0.319336 0.417489
0.321289 0.419902
0.323242 0.422312
0.325195 0.424721
0.327148 0.427127
0.329102 0.429532
0.331055 0.431934
0.333008 0.434334
0.334961 0.436732
0.336914 0.439128
0.338867 0.441522
0.34082 0.443914
0.342773 0.446303
0.344727 0.448691
0.34668 0.451076
0.348633 0.453459
0.350586 0.45584
0.352539 0.458219
0.354492 0.460596
0.356445 0.46297
0.358398 0.465342
0.360352 0.467712
0.362305 0.47008
0.364258 0.472446
0.366211 0.474809
0.368164 0.47717
0.370117 0.479529
0.37207 0.481886
0.374023 0.48424
0.375977 0.486592
0.37793 0.488942
0.379883 0.49129
0.381836 0.493635
0.383789 0.495978
0.385742 0.498318
0.387695 0.500657
0.389648 0.502993
0.391602 0.505326
0.393555 0.507657
0.395508 0.509986
0.397461 0.512313
0.399414 0.514637
0.401367 0.516958
0.40332 0.519278
0.405273 0.521594
0.407227 0.523909
0.40918 0.526221
0.411133 0.52853
0.413086 0.530837
0.415039 0.533142
0.416992 0.535444
0.418945 0.537744
0.420898 0.540041
0.422852 0.542336
0.424805 0.544628
0.426758 0.546917
0.428711 0.549204
0.430664 0.551489
0.432617 0.553771
0.43457 0.55605
0.436523 0.558327
0.438477 0.560601
0.44043 0.562872
0.442383 0.565141
0.444336 0.567408
0.446289 0.569671
0.448242 0.571932
0.450195 0.574191
0.452148 0.576446
0.454102 0.578699
0.456055 0.580949
0.458008 0.583197
0.459961 0.585442
0.461914 0.587684
0.463867 0.589923
0.46582 0.59216
0.467773 0.594393
0.469727 0.596624
0.47168 0.598852
0.473633 0.601078
0.475586 0.6033
0.477539 0.60552
0.479492 0.607737
0.481445 0.609951
0.483398 0.612162
0.485352 0.61437
0.487305 0.616575
0.489258 0.618778
0.491211 0.620977
0.493164 0.623174
0.495117 0.625367
0.49707 0.627558
0.499023 0.629745
0.500977 0.63193
0.50293 0.634111
0.504883 0.63629
0.506836 0.638465
0.508789 0.640638
0.510742 0.642807
0.512695 0.644973
0.514648 0.647136
0.516602 0.649296
0.518555 0.651453
0.520508 0.653607
0.522461 0.655757
0.524414 0.657904
0.526367 0.660049
0.52832 0.662189
0.530273 0.664327
0.532227 0.666461
0.53418 0.668593
0.536133 0.67072
0.538086 0.672845
0.540039 0.674966
0.541992 0.677084
0.543945 0.679199
0.545898 0.68131
0.547852 0.683418
0.549805 0.685522
0.551758 0.687623
0.553711 0.689721
0.555664 0.691815
0.557617 0.693905
0.55957 0.695992
0.561523 0.698076
0.563477 0.700156
0.56543 0.702232
0.567383 0.704305
0.569336 0.706375
0.571289 0.70844
0.573242 0.710502
0.575195 0.712561
0.577148 0.714616
0.579102 0.716667
0.581055 0.718714
0.583008 0.720758
0.584961 0.722798
0.586914 0.724834
0.588867 0.726866
0.59082 0.728895
0.592773 0.730919
0.594727 0.73294
0.59668 0.734957
0.598633 0.73697
0.600586 0.73898
0.602539 0.740985
0.604492 0.742986
0.606445 0.744983
0.608398 0.746976
0.610352 0.748966
0.612305 0.750951
0.614258 0.752932
0.616211 0.754909
0.618164 0.756882
0.620117 0.75885
0.62207 0.760815
0.624023 0.762775
0.625977 0.764731
0.62793 0.766683
0.629883 0.76863
0.631836 0.770573
0.633789 0.772512
0.635742 0.774447
0.637695 0.776377
0.639648 0.778302
0.641602 0.780224
0.643555 0.78214
0.645508 0.784053
0.647461 0.78596
0.649414 0.787864
0.651367 0.789762
0.65332 0.791656
0.655273 0.793545
0.657227 0.79543
0.65918 0.79731
0.661133 0.799185
0.663086 0.801056
0.665039 0.802921
0.666992 0.804782
0.668945 0.806638
0.670898 0.808489
0.672852 0.810335
0.674805 0.812176
0.676758 0.814012
0.678711 0.815844
0.680664 0.81767
0.682617 0.819491
0.68457 0.821307
0.686523 0.823117
0.688477 0.824923
0.69043 0.826723
0.692383 0.828518
0.694336 0.830308
0.696289 0.832092
0.698242 0.833871
0.700195 0.835645
0.702148 0.837413
0.704102 0.839175
0.706055 0.840932
0.708008 0.842684
0.709961 0.844429
0.711914 0.84617
0.713867 0.847904
0.71582 0.849633
0.717773 0.851356
0.719727 0.853073
0.72168 0.854784
0.723633 0.856489
0.725586 0.858189
0.727539 0.859882
0.729492 0.861569
0.731445 0.86325
0.733398 0.864925
0.735352 0.866594
0.737305 0.868257
0.739258 0.869913
0.741211 0.871563
0.743164 0.873206
0.745117 0.874843
0.74707 0.876474
0.749023 0.878098
0.750977 0.879716
0.75293 0.881326
0.754883 0.88293
0.756836 0.884528
0.758789 0.886118
0.760742 0.887702
0.762695 0.889278
0.764648 0.890848
0.766602 0.892411
0.768555 0.893966
0.770508 0.895514
0.772461 0.897056
0.774414 0.898589
0.776367 0.900116
0.77832 0.901635
0.780273 0.903146
0.782227 0.90465
0.78418 0.906146
0.786133 0.907635
0.788086 0.909116
0.790039 0.910589
0.791992 0.912054
0.793945 0.913511
0.795898 0.91496
0.797852 0.916401
0.799805 0.917834
0.801758 0.919258
0.803711 0.920674
0.805664 0.922082
0.807617 0.923481
0.80957 0.924871
0.811523 0.926253
0.813477 0.927626
0.81543 0.92899
0.817383 0.930346
0.819336 0.931692
0.821289 0.933029
0.823242 0.934356
0.825195 0.935675
0.827148 0.936984
0.829102 0.938284
0.831055 0.939573
0.833008 0.940854
0.834961 0.942124
0.836914 0.943386
0.838867 0.944634
0.84082 0.945877
0.842773 0.947104
0.844727 0.948328
0.84668 0.949532
0.848633 0.950737
0.850586 0.951918
0.852539 0.953104
0.854492 0.954259
0.856445 0.955428
0.858398 0.956554
0.860352 0.957709
0.862305 0.958802
0.864258 0.959946
0.866211 0.961001
0.868164 0.962141
0.870117 0.963148
0.87207 0.964293
0.874023 0.965239
0.875977 0.966404
0.87793 0.96727
0.879883 0.968477
0.881836 0.969234
0.883789 0.970517
0.885742 0.971124
0.887695 0.972528
0.889648 0.972933
0.891602 0.974516
0.893555 0.974653
0.895508 0.976483
0.897461 0.976283
0.899414 0.978419
0.901367 0.977838
0.90332 0.980296
0.905273 0.979361
0.907227 0.982048
0.90918 0.980938
0.911133 0.983556
0.913086 0.982717
0.915039 0.984639
0.916992 0.984902
0.918945 0.985069
0.920898 0.987738
0.922852 0.984602
0.924805 0.991466
0.926758 0.983019
0.928711 0.996328
0.930664 0.980092
0.932617 1.00267
0.93457 0.975416
0.936523 1.01126
0.938477 0.968124
0.94043 1.02363
0.942383 0.956728
0.944336 1.04232
0.946289 0.939506
0.948242 1.07071
0.950195 0.915627
0.952148 1.11241
0.954102 0.886765
0.956055 1.1707
0.958008 0.85889
0.959961 1.24731
0.961914 0.843634
0.963867 1.34273
0.96582 0.853383
0.967773 1.47339
0.969727 0.876608
0.97168 1.72295
0.973633 0.854359
0.975586 2.2744
0.977539 0.771032
0.979492 3.27151
0.981445 0.755557
0.983398 4.44259
0.985352 0.909704
0.987305 5.40139
0.989258 1.13975
0.991211 6.45729
0.993164 1.29465
0.995117 7.78874
0.99707 -0.144768
0.999023 -0.145481
1 0
