0 0
0.000976562 0.00130863
0.00292969 0.00392584
0.00488281 0.00654289
0.00683594 0.00915966
0.00878906 0.0117761
0.0107422 0.014392
0.0126953 0.0170074
0.0146484 0.0196221
0.0166016 0.022236
0.0185547 0.0248492
0.0205078 0.0274615
0.0224609 0.0300729
0.0244141 0.0326832
0.0263672 0.0352926
0.0283203 0.0379009
0.0302734 0.040508
0.0322266 0.0431141
0.0341797 0.045719
0.0361328 0.0483227
0.0380859 0.0509253
0.0400391 0.0535266
0.0419922 0.0561268
0.0439453 0.0587257
0.0458984 0.0613234
0.0478516 0.0639199
0.0498047 0.0665151
0.0517578 0.069109
0.0537109 0.0717018
0.0556641 0.0742932
0.0576172 0.0768834
0.0595703 0.0794724
0.0615234 0.0820601
0.0634766 0.0846465
0.0654297 0.0872316
0.0673828 0.0898155
0.0693359 0.092398
0.0712891 0.0949793
0.0732422 0.0975593
0.0751953 0.100138
0.0771484 0.102715
0.0791016 0.105292
0.0810547 0.107866
0.0830078 0.11044
0.0849609 0.113012
0.0869141 0.115583
0.0888672 0.118153
0.0908203 0.120721
0.0927734 0.123288
0.0947266 0.125853
0.0966797 0.128418
0.0986328 0.13098
0.100586 0.133542
0.102539 0.136102
0.104492 0.138661
0.106445 0.141219
0.108398 0.143775
0.110352 0.14633
0.112305 0.148883
0.114258 0.151435
0.116211 0.153986
0.118164 0.156535
0.120117 0.159083
0.12207 0.16163
0.124023 0.164175
0.125977 0.166719
0.12793 0.169261
0.129883 0.171802
0.131836 0.174342
0.133789 0.17688
0.135742 0.179417
0.137695 0.181952
0.139648 0.184486
0.141602 0.187019
0.143555 0.18955
0.145508 0.192079
0.147461 0.194607
0.149414 0.197134
0.151367 0.19966
0.15332 0.202183
0.155273 0.204706
0.157227 0.207227
0.15918 0.209746
0.161133 0.212264
0.163086 0.214781
0.165039 0.217296
0.166992 0.21981
0.168945 0.222322
0.170898 0.224832
0.172852 0.227341
0.174805 0.229849
0.176758 0.232355
0.178711 0.23486
0.180664 0.237363
0.182617 0.239864
0.18457 0.242364
0.186523 0.244863
0.188477 0.24736
0.19043 0.249855
0.192383 0.252349
0.194336 0.254842
0.196289 0.257332
0.198242 0.259822
0.200195 0.262309
0.202148 0.264795
0.204102 0.26728
0.206055 0.269763
0.208008 0.272244
0.209961 0.274724
0.211914 0.277202
0.213867 0.279679
0.21582 0.282154
0.217773 0.284627
0.219727 0.287099
0.22168 0.289569
0.223633 0.292038
0.225586 0.294505
0.227539 0.29697
0.229492 0.299433
0.231445 0.301895
0.233398 0.304356
0.235352 0.306814
0.237305 0.309271
0.239258 0.311727
0.241211 0.31418
0.243164 0.316632
0.245117 0.319083
0.24707 0.321531
0.249023 0.323978
0.250977 0.326423
0.25293 0.328867
0.254883 0.331309
0.256836 0.333749
0.258789 0.336187
0.260742 0.338624
0.262695 0.341059
0.264648 0.343492
0.266602 0.345923
0.268555 0.348353
0.270508 0.350781
0.272461 0.353207
0.274414 0.355631
0.276367 0.358054
0.27832 0.360475
0.280273 0.362894
0.282227 0.365311
0.28418 0.367726
0.286133 0.37014
0.288086 0.372552
0.290039 0.374961
0.291992 0.37737
0.293945 0.379776
0.295898 0.38218
0.297852 0.384583
0.299805 0.386984
0.301758 0.389383
0.303711 0.39178
0.305664 0.394175
0.307617 0.396568
0.30957 0.398959
0.311523 0.401349
0.313477 0.403736
0.31543 0.406122
0.317383 0.408506
0.319336 0.410888
0.321289 0.413268
0.323242 0.415645
0.325195 0.418021
0.327148 0.420396
0.329102 0.422768
0.331055 0.425138
0.333008 0.427506
0.334961 0.429872
0.336914 0.432236
0.338867 0.434599
0.34082 0.436959
0.342773 0.439317
0.344727 0.441673
0.34668 0.444027
0.348633 0.446379
0.350586 0.44873
0.352539 0.451078
0.354492 0.453424
0.356445 0.455767
0.358398 0.458109
0.360352 0.460449
0.362305 0.462787
0.364258 0.465122
0.366211 0.467456
0.368164 0.469787
0.370117 0.472116
0.37207 0.474444
0.374023 0.476769
0.375977 0.479091
0.37793 0.481412
0.379883 0.483731
0.381836 0.486047
0.383789 0.488361
0.385742 0.490673
0.387695 0.492983
0.389648 0.49529
0.391602 0.497596
0.393555 0.499899
0.395508 0.5022
0.397461 0.504499
0.399414 0.506795
0.401367 0.509089
0.40332 0.511381
0.405273 0.513671
0.407227 0.515958
0.40918 0.518243
0.411133 0.520526
0.413086 0.522806
0.415039 0.525084
0.416992 0.52736
0.418945 0.529634
0.420898 0.531905
0.422852 0.534173
0.424805 0.53644
0.426758 0.538704
0.428711 0.540965
0.430664 0.543224
0.432617 0.545481
0.43457 0.547735
0.436523 0.549987
0.438477 0.552237
0.44043 0.554484
0.442383 0.556728
0.444336 0.55897
0.446289 0.56121
0.448242 0.563447
0.450195 0.565681
0.452148 0.567913
0.454102 0.570143
0.456055 0.57237
0.458008 0.574594
0.459961 0.576816
0.461914 0.579035
0.463867 0.581252
0.46582 0.583466
0.467773 0.585677
0.469727 0.587886
0.47168 0.590092
0.473633 0.592296
0.475586 0.594497
0.477539 0.596695
0.479492 0.598891
0.481445 0.601083
0.483398 0.603274
0.485352 0.605461
0.487305 0.607646
0.489258 0.609828
0.491211 0.612007
0.493164 0.614183
0.495117 0.616357
0.49707 0.618528
0.499023 0.620696
0.500977 0.622861
0.50293 0.625023
0.504883 0.627183
0.506836 0.629339
0.508789 0.631493
0.510742 0.633644
0.512695 0.635792
0.514648 0.637937
0.516602 0.640079
0.518555 0.642219
0.520508 0.644355
0.522461 0.646488
0.524414 0.648618
0.526367 0.650746
0.52832 0.65287
0.530273 0.654991
0.532227 0.657109
0.53418 0.659224
0.536133 0.661336
0.538086 0.663445
0.540039 0.665551
0.541992 0.667654
0.543945 0.669753
0.545898 0.67185
0.547852 0.673943
0.549805 0.676033
0.551758 0.67812
0.553711 0.680203
0.555664 0.682284
0.557617 0.684361
0.55957 0.686435
0.561523 0.688505
0.563477 0.690572
0.56543 0.692636
0.567383 0.694697
0.569336 0.696754
0.571289 0.698808
0.573242 0.700858
0.575195 0.702905
0.577148 0.704949
0.579102 0.706989
0.581055 0.709026
0.583008 0.711059
0.584961 0.713088
0.586914 0.715115
0.588867 0.717137
0.59082 0.719156
0.592773 0.721172
0.594727 0.723183
0.59668 0.725192
0.598633 0.727196
0.600586 0.729197
0.602539 0.731194
0.604492 0.733188
0.606445 0.735177
0.608398 0.737163
0.610352 0.739146
0.612305 0.741124
0.614258 0.743099
0.616211 0.74507
0.618164 0.747037
0.620117 0.749
0.62207 0.750959
0.624023 0.752914
0.625977 0.754865
0.62793 0.756813
0.629883 0.758756
0.631836 0.760695
0.633789 0.76263
0.635742 0.764561
0.637695 0.766489
0.639648 0.768411
0.641602 0.77033
0.643555 0.772245
0.645508 0.774155
0.647461 0.776062
0.649414 0.777963
0.651367 0.779861
0.65332 0.781755
0.655273 0.783644
0.657227 0.785528
0.65918 0.787409
0.661133 0.789285
0.663086 0.791156
0.665039 0.793023
0.666992 0.794886
0.668945 0.796743
0.670898 0.798597
0.672852 0.800446
0.674805 0.80229
0.676758 0.80413
0.678711 0.805964
0.680664 0.807795
0.682617 0.80962
0.68457 0.811441
0.686523 0.813257
0.688477 0.815068
0.69043 0.816874
0.692383 0.818675
0.694336 0.820472
0.696289 0.822263
0.698242 0.824049
0.700195 0.825831
0.702148 0.827607
0.704102 0.829378
0.706055 0.831144
0.708008 0.832905
0.709961 0.834661
0.711914 0.836411
0.713867 0.838156
0.71582 0.839896
0.717773 0.84163
0.719727 0.843359
0.72168 0.845083
0.723633 0.846801
0.725586 0.848513
0.727539 0.85022
0.729492 0.851922
0.731445 0.853617
0.733398 0.855307
0.735352 0.856992
0.737305 0.85867
0.739258 0.860343
0.741211 0.86201
0.743164 0.86367
0.745117 0.865325
0.74707 0.866974
0.749023 0.868617
0.750977 0.870254
0.75293 0.871884
0.754883 0.873509
0.756836 0.875127
0.758789 0.876739
0.760742 0.878344
0.762695 0.879943
0.764648 0.881536
0.766602 0.883122
0.768555 0.884702
0.770508 0.886274
0.772461 0.887841
0.774414 0.8894
0.776367 0.890953
0.77832 0.892499
0.780273 0.894038
0.782227 0.89557
0.78418 0.897095
0.786133 0.898613
0.788086 0.900124
0.790039 0.901627
0.791992 0.903123
0.793945 0.904612
0.795898 0.906094
0.797852 0.907568
0.799805 0.909034
0.801758 0.910493
0.803711 0.911945
0.805664 0.913388
0.807617 0.914824
0.80957 0.916251
0.811523 0.917671
0.813477 0.919083
0.81543 0.920486
0.817383 0.921882
0.819336 0.923269
0.821289 0.924648
0.823242 0.926018
0.825195 0.92738
0.827148 0.928733
0.829102 0.930078
0.831055 0.931413
0.833008 0.932741
0.834961 0.934057
0.836914 0.935368
0.838867 0.936665
0.84082 0.937958
0.842773 0.939236
0.844727 0.940511
0.84668 0.941769
0.848633 0.943027
0.850586 0.944262
0.852539 0.945504
0.854492 0.946716
0.856445 0.947943
0.858398 0.949128
0.860352 0.950341
0.862305 0.951497
0.864258 0.9527
0.866211 0.953822
0.868164 0.955018
0.870117 0.956103
0.87207 0.957294
0.874023 0.958337
0.875977 0.959527
0.87793 0.960526
0.879883 0.961713
0.881836 0.962672
0.883789 0.963847
0.885742 0.964778
0.887695 0.965921
0.889648 0.966853
0.891602 0.967921
0.893555 0.96891
0.895508 0.969831
0.897461 0.970965
0.899414 0.971628
0.901367 0.973041
0.90332 0.973287
0.905273 0.975161
0.907227 0.974776
0.90918 0.977363
0.911133 0.976051
0.913086 0.979695
0.915039 0.977046
0.916992 0.982237
0.918945 0.977666
0.920898 0.985105
0.922852 0.977778
0.924805 0.988451
0.926758 0.977231
0.928711 0.992449
0.930664 0.975871
0.932617 0.99729
0.93457 0.973536
0.936523 1.00326
0.938477 0.969933
0.94043 1.011
0.942383 0.964322
0.944336 1.02203
0.946289 0.954997
0.948242 1.03964
0.950195 0.938876
0.952148 1.06975
0.954102 0.911983
0.956055 1.12149
0.958008 0.871694
0.959961 1.20799
0.961914 0.819738
0.963867 1.35086
0.96582 0.76292
0.967773 1.59274
0.969727 0.713373
0.97168 2.0061
0.973633 0.694251
0.975586 2.66295
0.977539 0.732718
0.979492 3.57698
0.981445 0.834786
0.983398 4.69329
0.985352 0.987118
0.987305 5.93618
0.989258 1.17221
0.991211 7.25186
0.993164 1.37724
0.995117 8.60896
0.99707 -0.144827
0.999023 -0.14586
1 0
