0 0
0.000976562 0.00125647
0.00292969 0.00376935
0.00488281 0.0062821
0.00683594 0.00879461
0.00878906 0.0113068
0.0107422 0.0138186
0.0126953 0.0163299
0.0146484 0.0188407
0.0166016 0.0213508
0.0185547 0.0238603
0.0205078 0.026369
0.0224609 0.0288769
0.0244141 0.031384
0.0263672 0.0338901
0.0283203 0.0363954
0.0302734 0.0388997
0.0322266 0.041403
0.0341797 0.0439053
0.0361328 0.0464066
0.0380859 0.0489069
0.0400391 0.0514061
0.0419922 0.0539042
0.0439453 0.0564013
0.0458984 0.0588973
0.0478516 0.0613922
0.0498047 0.063886
0.0517578 0.0663787
0.0537109 0.0688703
0.0556641 0.0713608
0.0576172 0.0738501
0.0595703 0.0763384
0.0615234 0.0788256
0.0634766 0.0813116
0.0654297 0.0837965
0.0673828 0.0862803
0.0693359 0.0887629
0.0712891 0.0912444
0.0732422 0.0937248
0.0751953 0.096204
0.0771484 0.0986821
0.0791016 0.101159
0.0810547 0.103635
0.0830078 0.106109
0.0849609 0.108583
0.0869141 0.111055
0.0888672 0.113526
0.0908203 0.115996
0.0927734 0.118465
0.0947266 0.120933
0.0966797 0.123399
0.0986328 0.125865
0.100586 0.128329
0.102539 0.130792
0.104492 0.133253
0.106445 0.135714
0.108398 0.138173
0.110352 0.140631
0.112305 0.143088
0.114258 0.145544
0.116211 0.147999
0.118164 0.150452
0.120117 0.152904
0.12207 0.155355
0.124023 0.157804
0.125977 0.160253
0.12793 0.1627
0.129883 0.165146
0.131836 0.167591
0.133789 0.170034
0.135742 0.172476
0.137695 0.174917
0.139648 0.177357
0.141602 0.179796
0.143555 0.182233
0.145508 0.184669
0.147461 0.187103
0.149414 0.189537
0.151367 0.191969
0.15332 0.1944
0.155273 0.196829
0.157227 0.199258
0.15918 0.201685
0.161133 0.20411
0.163086 0.206535
0.165039 0.208958
0.166992 0.21138
0.168945 0.2138
0.170898 0.216219
0.172852 0.218637
0.174805 0.221054
0.176758 0.223469
0.178711 0.225883
0.180664 0.228296
0.182617 0.230707
0.18457 0.233117
0.186523 0.235525
0.188477 0.237932
0.19043 0.240338
0.192383 0.242743
0.194336 0.245146
0.196289 0.247548
0.198242 0.249948
0.200195 0.252347
0.202148 0.254745
0.204102 0.257141
0.206055 0.259536
0.208008 0.261929
0.209961 0.264321
0.211914 0.266712
0.213867 0.269101
0.21582 0.271489
0.217773 0.273876
0.219727 0.276261
0.22168 0.278644
0.223633 0.281026
0.225586 0.283407
0.227539 0.285786
0.229492 0.288164
0.231445 0.290541
0.233398 0.292916
0.235352 0.295289
0.237305 0.297661
0.239258 0.300032
0.241211 0.302401
0.243164 0.304769
0.245117 0.307135
0.24707 0.3095
0.249023 0.311863
0.250977 0.314224
0.25293 0.316585
0.254883 0.318943
0.256836 0.321301
0.258789 0.323656
0.260742 0.32601
0.262695 0.328363
0.264648 0.330714
0.266602 0.333064
0.268555 0.335412
0.270508 0.337758
0.272461 0.340103
0.274414 0.342447
0.276367 0.344789
0.27832 0.347129
0.280273 0.349468
0.282227 0.351805
0.28418 0.35414
0.286133 0.356474
0.288086 0.358807
0.290039 0.361138
0.291992 0.363467
0.293945 0.365794
0.295898 0.36812
0.297852 0.370445
0.299805 0.372768
0.301758 0.375089
0.303711 0.377408
0.305664 0.379726
0.307617 0.382042
0.30957 0.384357
0.311523 0.38667
0.313477 0.388981
0.31543 0.39129
0.317383 0.393598
0.319336 0.395904
0.321289 0.398209
0.323242 0.400512
0.325195 0.402813
0.327148 0.405112
0.329102 0.40741
0.331055 0.409706
0.333008 0.412
0.334961 0.414293
0.336914 0.416583
0.338867 0.418873
0.34082 0.42116
0.342773 0.423445
0.344727 0.425729
0.34668 0.428011
0.348633 0.430291
0.350586 0.43257
0.352539 0.434847
0.354492 0.437121
0.356445 0.439394
0.358398 0.441666
0.360352 0.443935
0.362305 0.446203
0.364258 0.448469
0.366211 0.450733
0.368164 0.452995
0.370117 0.455255
0.37207 0.457513
0.374023 0.45977
0.375977 0.462025
0.37793 0.464278
0.379883 0.466528
0.381836 0.468777
0.383789 0.471025
0.385742 0.47327
0.387695 0.475513
0.389648 0.477755
0.391602 0.479994
0.393555 0.482232
0.395508 0.484467
0.397461 0.486701
0.399414 0.488933
0.401367 0.491162
0.40332 0.49339
0.405273 0.495616
0.407227 0.49784
0.40918 0.500061
0.411133 0.502281
0.413086 0.504499
0.415039 0.506715
0.416992 0.508928
0.418945 0.51114
0.420898 0.51335
0.422852 0.515557
0.424805 0.517763
0.426758 0.519966
0.428711 0.522167
0.430664 0.524367
0.432617 0.526564
0.43457 0.528759
0.436523 0.530952
0.438477 0.533143
0.44043 0.535331
0.442383 0.537518
0.444336 0.539702
0.446289 0.541885
0.448242 0.544065
0.450195 0.546243
0.452148 0.548418
0.454102 0.550592
0.456055 0.552763
0.458008 0.554932
0.459961 0.557099
0.461914 0.559264
0.463867 0.561426
0.46582 0.563587
0.467773 0.565744
0.469727 0.5679
0.47168 0.570053
0.473633 0.572204
0.475586 0.574353
0.477539 0.5765
0.479492 0.578644
0.481445 0.580786
0.483398 0.582925
0.485352 0.585062
0.487305 0.587197
0.489258 0.589329
0.491211 0.591459
0.493164 0.593587
0.495117 0.595712
0.49707 0.597835
0.499023 0.599955
0.500977 0.602073
0.50293 0.604188
0.504883 0.606301
0.506836 0.608412
0.508789 0.61052
0.510742 0.612626
0.512695 0.614729
0.514648 0.616829
0.516602 0.618927
0.518555 0.621023
0.520508 0.623115
0.522461 0.625206
0.524414 0.627294
0.526367 0.629379
0.52832 0.631461
0.530273 0.633541
0.532227 0.635619
0.53418 0.637693
0.536133 0.639765
0.538086 0.641835
0.540039 0.643901
0.541992 0.645965
0.543945 0.648027
0.545898 0.650085
0.547852 0.652141
0.549805 0.654194
0.551758 0.656245
0.553711 0.658292
0.555664 0.660337
0.557617 0.662379
0.55957 0.664418
0.561523 0.666454
0.563477 0.668488
0.56543 0.670519
0.567383 0.672546
0.569336 0.674571
0.571289 0.676593
0.573242 0.678612
0.575195 0.680629
0.577148 0.682642
0.579102 0.684652
0.581055 0.686659
0.583008 0.688664
0.584961 0.690665
0.586914 0.692663
0.588867 0.694659
0.59082 0.696651
0.592773 0.69864
0.594727 0.700626
0.59668 0.702609
0.598633 0.704589
0.600586 0.706565
0.602539 0.708539
0.604492 0.710509
0.606445 0.712476
0.608398 0.71444
0.610352 0.716401
0.612305 0.718359
0.614258 0.720313
0.616211 0.722264
0.618164 0.724212
0.620117 0.726156
0.62207 0.728097
0.624023 0.730035
0.625977 0.731969
0.62793 0.7339
0.629883 0.735828
0.631836 0.737752
0.633789 0.739672
0.635742 0.74159
0.637695 0.743503
0.639648 0.745414
0.641602 0.74732
0.643555 0.749223
0.645508 0.751123
0.647461 0.753019
0.649414 0.754911
0.651367 0.7568
0.65332 0.758685
0.655273 0.760567
0.657227 0.762444
0.65918 0.764318
0.661133 0.766189
0.663086 0.768055
0.665039 0.769918
0.666992 0.771777
0.668945 0.773632
0.670898 0.775483
0.672852 0.777331
0.674805 0.779174
0.676758 0.781014
0.678711 0.782849
0.680664 0.784681
0.682617 0.786508
0.68457 0.788332
0.686523 0.790151
0.688477 0.791967
0.69043 0.793778
0.692383 0.795585
0.694336 0.797388
0.696289 0.799187
0.698242 0.800982
0.700195 0.802772
0.702148 0.804558
0.704102 0.80634
0.706055 0.808118
0.708008 0.809891
0.709961 0.811659
0.711914 0.813424
0.713867 0.815184
0.71582 0.816939
0.717773 0.81869
0.719727 0.820436
0.72168 0.822178
0.723633 0.823915
0.725586 0.825648
0.727539 0.827376
0.729492 0.829099
0.731445 0.830817
0.733398 0.832531
0.735352 0.83424
0.737305 0.835944
0.739258 0.837643
0.741211 0.839338
0.743164 0.841027
0.745117 0.842711
0.74707 0.844391
0.749023 0.846065
0.750977 0.847734
0.75293 0.849398
0.754883 0.851057
0.756836 0.852711
0.758789 0.85436
0.760742 0.856003
0.762695 0.857641
0.764648 0.859273
0.766602 0.860901
0.768555 0.862522
0.770508 0.864138
0.772461 0.865749
0.774414 0.867354
0.776367 0.868954
0.77832 0.870548
0.780273 0.872136
0.782227 0.873718
0.78418 0.875295
0.786133 0.876865
0.788086 0.87843
0.790039 0.879989
0.791992 0.881542
0.793945 0.883089
0.795898 0.884629
0.797852 0.886164
0.799805 0.887692
0.801758 0.889214
0.803711 0.89073
0.805664 0.892239
0.807617 0.893742
0.80957 0.895239
0.811523 0.896729
0.813477 0.898213
0.81543 0.899689
0.817383 0.901159
0.819336 0.902623
0.821289 0.904079
0.823242 0.905529
0.825195 0.906971
0.827148 0.908407
0.829102 0.909836
0.831055 0.911257
0.833008 0.912671
0.834961 0.914078
0.836914 0.915477
0.838867 0.91687
0.84082 0.918254
0.842773 0.919632
0.844727 0.921
0.84668 0.922363
0.848633 0.923715
0.850586 0.925063
0.852539 0.926399
0.854492 0.927732
0.856445 0.92905
0.858398 0.930369
0.860352 0.931667
0.862305 0.932974
0.864258 0.934251
0.866211 0.935546
0.868164 0.936799
0.870117 0.938084
0.87207 0.939311
0.874023 0.940589
0.875977 0.941785
0.87793 0.94306
0.879883 0.944219
0.881836 0.945499
0.883789 0.94661
0.885742 0.947907
0.887695 0.948956
0.889648 0.950287
0.891602 0.951249
0.893555 0.952644
0.895508 0.953481
0.897461 0.954988
0.899414 0.955637
0.901367 0.957334
0.90332 0.957698
0.905273 0.959705
0.907227 0.959631
0.90918 0.962139
0.911133 0.961389
0.913086 0.964694
0.915039 0.962899
0.916992 0.967457
0.918945 0.964049
0.920898 0.97057
0.922852 0.964666
0.924805 0.974255
0.926758 0.964483
0.928711 0.978863
0.930664 0.96309
0.932617 0.984949
0.93457 0.959867
0.936523 0.993395
0.938477 0.953891
0.94043 1.00562
0.942383 0.943816
0.944336 1.02397
0.946289 0.927757
0.948242 1.05237
0.950195 0.903277
0.952148 1.09763
0.954102 0.867721
0.956055 1.17198
0.958008 0.819496
0.959961 1.29782
0.961914 0.761301
0.963867 1.51595
0.96582 0.705711
0.967773 1.89301
0.969727 0.678547
0.97168 2.50694
0.973633 0.708411
0.975586 3.38761
0.977539 0.805178
0.979492 4.48263
0.981445 0.955745
0.983398 5.71191
0.985352 1.14079
0.987305 7.01704
0.989258 1.34621
0.991211 8.36472
0.993164 1.56374
0.995117 9.73697
0.99707 -0.144842
0.999023 -0.150273
1 0
