0 0
0.000976562 0.001107
0.00292969 0.00332097
0.00488281 0.00553486
0.00683594 0.00774861
0.00878906 0.00996218
0.0107422 0.0121755
0.0126953 0.0143886
0.0146484 0.0166013
0.0166016 0.0188136
0.0185547 0.0210255
0.0205078 0.023237
0.0224609 0.0254479
0.0244141 0.0276584
0.0263672 0.0298683
0.0283203 0.0320776
0.0302734 0.0342863
0.0322266 0.0364943
0.0341797 0.0387018
0.0361328 0.0409085
0.0380859 0.0431146
0.0400391 0.04532
0.0419922 0.0475247
0.0439453 0.0497286
0.0458984 0.0519319
0.0478516 0.0541344
0.0498047 0.0563362
0.0517578 0.0585372
0.0537109 0.0607376
0.0556641 0.0629371
0.0576172 0.0651359
0.0595703 0.067334
0.0615234 0.0695313
0.0634766 0.0717278
0.0654297 0.0739236
0.0673828 0.0761186
0.0693359 0.0783128
0.0712891 0.0805063
0.0732422 0.082699
0.0751953 0.0848909
0.0771484 0.087082
0.0791016 0.0892724
0.0810547 0.091462
0.0830078 0.0936508
0.0849609 0.0958388
0.0869141 0.098026
0.0888672 0.100212
0.0908203 0.102398
0.0927734 0.104583
0.0947266 0.106767
0.0966797 0.10895
0.0986328 0.111133
0.100586 0.113314
0.102539 0.115495
0.104492 0.117675
0.106445 0.119855
0.108398 0.122033
0.110352 0.124211
0.112305 0.126388
0.114258 0.128564
0.116211 0.130739
0.118164 0.132913
0.120117 0.135087
0.12207 0.137259
0.124023 0.139431
0.125977 0.141602
0.12793 0.143773
0.129883 0.145942
0.131836 0.148111
0.133789 0.150278
0.135742 0.152445
0.137695 0.154611
0.139648 0.156776
0.141602 0.158941
0.143555 0.161104
0.145508 0.163267
0.147461 0.165429
0.149414 0.16759
0.151367 0.16975
0.15332 0.171909
0.155273 0.174067
0.157227 0.176225
0.15918 0.178381
0.161133 0.180537
0.163086 0.182692
0.165039 0.184846
0.166992 0.186999
0.168945 0.189152
0.170898 0.191303
0.172852 0.193453
0.174805 0.195603
0.176758 0.197752
0.178711 0.1999
0.180664 0.202047
0.182617 0.204193
0.18457 0.206338
0.186523 0.208482
0.188477 0.210625
0.19043 0.212768
0.192383 0.214909
0.194336 0.21705
0.196289 0.219189
0.198242 0.221328
0.200195 0.223466
0.202148 0.225603
0.204102 0.227739
0.206055 0.229874
0.208008 0.232008
0.209961 0.234141
0.211914 0.236274
0.213867 0.238405
0.21582 0.240536
0.217773 0.242665
0.219727 0.244793
0.22168 0.246921
0.223633 0.249048
0.225586 0.251173
0.227539 0.253298
0.229492 0.255422
0.231445 0.257545
0.233398 0.259666
0.235352 0.261787
0.237305 0.263907
0.239258 0.266026
0.241211 0.268144
0.243164 0.270261
0.245117 0.272377
0.24707 0.274492
0.249023 0.276606
0.250977 0.278719
0.25293 0.280831
0.254883 0.282942
0.256836 0.285052
0.258789 0.287161
0.260742 0.289269
0.262695 0.291376
0.264648 0.293482
0.266602 0.295586
0.268555 0.29769
0.270508 0.299793
0.272461 0.301895
0.274414 0.303996
0.276367 0.306096
0.27832 0.308195
0.280273 0.310292
0.282227 0.312389
0.28418 0.314485
0.286133 0.316579
0.288086 0.318673
0.290039 0.320765
0.291992 0.322857
0.293945 0.324947
0.295898 0.327036
0.297852 0.329125
0.299805 0.331212
0.301758 0.333298
0.303711 0.335383
0.305664 0.337467
0.307617 0.33955
0.30957 0.341632
0.311523 0.343712
0.313477 0.345792
0.31543 0.34787
0.317383 0.349948
0.319336 0.352024
0.321289 0.354099
0.323242 0.356173
0.325195 0.358246
0.327148 0.360318
0.329102 0.362389
0.331055 0.364458
0.333008 0.366527
0.334961 0.368594
0.336914 0.37066
0.338867 0.372725
0.34082 0.374789
0.342773 0.376852
0.344727 0.378914
0.34668 0.380974
0.348633 0.383033
0.350586 0.385091
0.352539 0.387148
0.354492 0.389204
0.356445 0.391259
0.358398 0.393312
0.360352 0.395364
0.362305 0.397415
0.364258 0.399465
0.366211 0.401514
0.368164 0.403561
0.370117 0.405607
0.37207 0.407652
0.374023 0.409696
0.375977 0.411739
0.37793 0.41378
0.379883 0.41582
0.381836 0.417859
0.383789 0.419897
0.385742 0.421933
0.387695 0.423969
0.389648 0.426002
0.391602 0.428035
0.393555 0.430067
0.395508 0.432097
0.397461 0.434126
0.399414 0.436153
0.401367 0.43818
0.40332 0.440205
0.405273 0.442229
0.407227 0.444251
0.40918 0.446272
0.411133 0.448292
0.413086 0.450311
0.415039 0.452328
0.416992 0.454344
0.418945 0.456359
0.420898 0.458373
0.422852 0.460385
0.424805 0.462395
0.426758 0.464405
0.428711 0.466413
0.430664 0.46842
0.432617 0.470425
0.43457 0.472429
0.436523 0.474432
0.438477 0.476433
0.44043 0.478433
0.442383 0.480431
0.444336 0.482429
0.446289 0.484424
0.448242 0.486419
0.450195 0.488412
0.452148 0.490403
0.454102 0.492394
0.456055 0.494382
0.458008 0.49637
0.459961 0.498356
0.461914 0.50034
0.463867 0.502323
0.46582 0.504305
0.467773 0.506285
0.469727 0.508264
0.47168 0.510241
0.473633 0.512217
0.475586 0.514192
0.477539 0.516164
0.479492 0.518136
0.481445 0.520106
0.483398 0.522074
0.485352 0.524041
0.487305 0.526007
0.489258 0.527971
0.491211 0.529933
0.493164 0.531894
0.495117 0.533854
0.49707 0.535811
0.499023 0.537768
0.500977 0.539723
0.50293 0.541676
0.504883 0.543628
0.506836 0.545578
0.508789 0.547526
0.510742 0.549473
0.512695 0.551419
0.514648 0.553362
0.516602 0.555305
0.518555 0.557245
0.520508 0.559184
0.522461 0.561122
0.524414 0.563058
0.526367 0.564992
0.52832 0.566924
0.530273 0.568855
0.532227 0.570784
0.53418 0.572712
0.536133 0.574638
0.538086 0.576562
0.540039 0.578485
0.541992 0.580406
0.543945 0.582325
0.545898 0.584242
0.547852 0.586158
0.549805 0.588072
0.551758 0.589985
0.553711 0.591895
0.555664 0.593804
0.557617 0.595711
0.55957 0.597617
0.561523 0.599521
0.563477 0.601423
0.56543 0.603323
0.567383 0.605221
0.569336 0.607118
0.571289 0.609012
0.573242 0.610905
0.575195 0.612796
0.577148 0.614686
0.579102 0.616573
0.581055 0.618459
0.583008 0.620343
0.584961 0.622225
0.586914 0.624105
0.588867 0.625983
0.59082 0.62786
0.592773 0.629734
0.594727 0.631607
0.59668 0.633477
0.598633 0.635346
0.600586 0.637213
0.602539 0.639078
0.604492 0.640941
0.606445 0.642802
0.608398 0.644661
0.610352 0.646518
0.612305 0.648373
0.614258 0.650226
0.616211 0.652077
0.618164 0.653926
0.620117 0.655774
0.62207 0.657619
0.624023 0.659462
0.625977 0.661303
0.62793 0.663142
0.629883 0.664979
0.631836 0.666813
0.633789 0.668646
0.635742 0.670477
0.637695 0.672305
0.639648 0.674132
0.641602 0.675956
0.643555 0.677778
0.645508 0.679598
0.647461 0.681416
0.649414 0.683232
0.651367 0.685045
0.65332 0.686856
0.655273 0.688665
0.657227 0.690472
0.65918 0.692277
0.661133 0.694079
0.663086 0.69588
0.665039 0.697678
0.666992 0.699473
0.668945 0.701266
0.670898 0.703058
0.672852 0.704846
0.674805 0.706633
0.676758 0.708417
0.678711 0.710199
0.680664 0.711978
0.682617 0.713755
0.68457 0.71553
0.686523 0.717302
0.688477 0.719072
0.69043 0.720839
0.692383 0.722604
0.694336 0.724367
0.696289 0.726127
0.698242 0.727884
0.700195 0.729639
0.702148 0.731392
0.704102 0.733142
0.706055 0.73489
0.708008 0.736635
0.709961 0.738377
0.711914 0.740117
0.713867 0.741854
0.71582 0.743589
0.717773 0.745321
0.719727 0.74705
0.72168 0.748777
0.723633 0.750501
0.725586 0.752223
0.727539 0.753941
0.729492 0.755657
0.731445 0.757371
0.733398 0.759081
0.735352 0.760789
0.737305 0.762494
0.739258 0.764196
0.741211 0.765896
0.743164 0.767592
0.745117 0.769286
0.74707 0.770977
0.749023 0.772665
0.750977 0.77435
0.75293 0.776032
0.754883 0.777712
0.756836 0.779388
0.758789 0.781061
0.760742 0.782732
0.762695 0.784399
0.764648 0.786063
0.766602 0.787725
0.768555 0.789383
0.770508 0.791038
0.772461 0.79269
0.774414 0.794339
0.776367 0.795985
0.77832 0.797628
0.780273 0.799267
0.782227 0.800903
0.78418 0.802536
0.786133 0.804166
0.788086 0.805793
0.790039 0.807416
0.791992 0.809036
0.793945 0.810652
0.795898 0.812266
0.797852 0.813875
0.799805 0.815482
0.801758 0.817085
0.803711 0.818685
0.805664 0.820281
0.807617 0.821873
0.80957 0.823462
0.811523 0.825048
0.813477 0.82663
0.81543 0.828208
0.817383 0.829783
0.819336 0.831354
0.821289 0.832921
0.823242 0.834485
0.825195 0.836045
0.827148 0.837601
0.829102 0.839154
0.831055 0.840703
0.833008 0.842247
0.834961 0.843788
0.836914 0.845325
0.838867 0.846859
0.84082 0.848387
0.842773 0.849913
0.844727 0.851433
0.84668 0.852952
0.848633 0.854463
0.850586 0.855974
0.852539 0.857476
0.854492 0.858981
0.856445 0.860472
0.858398 0.86197
0.860352 0.863451
0.862305 0.864944
0.864258 0.866411
0.866211 0.867901
0.868164 0.869353
0.870117 0.870843
0.87207 0.872274
0.874023 0.87377
0.875977 0.875173
0.87793 0.876684
0.879883 0.878047
0.881836 0.879587
0.883789 0.880892
0.885742 0.882484
0.887695 0.883702
0.889648 0.885383
0.891602 0.886466
0.893555 0.888296
0.895508 0.889169
0.897461 0.891241
0.899414 0.891786
0.901367 0.894251
0.90332 0.894276
0.905273 0.897374
0.907227 0.896577
0.90918 0.90069
0.911133 0.898589
0.913086 0.904327
0.915039 0.900156
0.916992 0.908487
0.918945 0.901032
0.920898 0.913496
0.922852 0.900832
0.924805 0.919878
0.926758 0.89896
0.928711 0.928486
0.930664 0.89451
0.932617 0.940722
0.93457 0.886129
0.936523 0.958933
0.938477 0.871893
0.94043 0.987159
0.942383 0.849276
0.944336 1.03257
0.946289 0.815539
0.948242 1.10838
0.950195 0.769248
0.952148 1.23945
0.954102 0.714127
0.956055 1.47179
0.958008 0.665354
0.959961 1.87928
0.961914 0.651485
0.963867 2.5391
0.96582 0.699311
0.967773 3.46301
0.969727 0.812393
0.97168 4.58337
0.973633 0.973849
0.975586 5.82157
0.977539 1.16498
0.979492 7.1259
0.981445 1.37345
0.983398 8.46785
0.985352 1.59229
0.987305 9.83211
0.989258 1.81759
0.991211 11.2102
0.993164 2.0471
0.995117 12.5971
0.99707 -0.144939
0.999023 -0.158841
1 0
