0 0
0.000976562 0.00107296
0.00292969 0.00321886
0.00488281 0.00536469
0.00683594 0.00751041
0.00878906 0.00965595
0.0107422 0.0118013
0.0126953 0.0139464
0.0146484 0.0160912
0.0166016 0.0182356
0.0185547 0.0203797
0.0205078 0.0225234
0.0224609 0.0246667
0.0244141 0.0268094
0.0263672 0.0289517
0.0283203 0.0310935
0.0302734 0.0332347
0.0322266 0.0353754
0.0341797 0.0375155
0.0361328 0.039655
0.0380859 0.0417939
0.0400391 0.0439321
0.0419922 0.0460698
0.0439453 0.0482067
0.0458984 0.0503431
0.0478516 0.0524788
0.0498047 0.0546138
0.0517578 0.0567481
0.0537109 0.0588818
0.0556641 0.0610148
0.0576172 0.0631471
0.0595703 0.0652787
0.0615234 0.0674096
0.0634766 0.0695399
0.0654297 0.0716694
0.0673828 0.0737983
0.0693359 0.0759265
0.0712891 0.0780539
0.0732422 0.0801807
0.0751953 0.0823067
0.0771484 0.0844321
0.0791016 0.0865567
0.0810547 0.0886807
0.0830078 0.0908039
0.0849609 0.0929264
0.0869141 0.0950482
0.0888672 0.0971693
0.0908203 0.0992897
0.0927734 0.101409
0.0947266 0.103528
0.0966797 0.105646
0.0986328 0.107764
0.100586 0.109881
0.102539 0.111997
0.104492 0.114112
0.106445 0.116226
0.108398 0.11834
0.110352 0.120453
0.112305 0.122566
0.114258 0.124677
0.116211 0.126788
0.118164 0.128898
0.120117 0.131008
0.12207 0.133116
0.124023 0.135224
0.125977 0.137331
0.12793 0.139438
0.129883 0.141543
0.131836 0.143648
0.133789 0.145752
0.135742 0.147855
0.137695 0.149958
0.139648 0.15206
0.141602 0.154161
0.143555 0.156261
0.145508 0.158361
0.147461 0.160459
0.149414 0.162557
0.151367 0.164654
0.15332 0.166751
0.155273 0.168846
0.157227 0.170941
0.15918 0.173035
0.161133 0.175128
0.163086 0.177221
0.165039 0.179313
0.166992 0.181403
0.168945 0.183493
0.170898 0.185583
0.172852 0.187671
0.174805 0.189759
0.176758 0.191846
0.178711 0.193932
0.180664 0.196017
0.182617 0.198101
0.18457 0.200185
0.186523 0.202268
0.188477 0.20435
0.19043 0.206431
0.192383 0.208511
0.194336 0.210591
0.196289 0.212669
0.198242 0.214747
0.200195 0.216824
0.202148 0.2189
0.204102 0.220976
0.206055 0.22305
0.208008 0.225124
0.209961 0.227197
0.211914 0.229269
0.213867 0.23134
0.21582 0.23341
0.217773 0.235479
0.219727 0.237548
0.22168 0.239616
0.223633 0.241682
0.225586 0.243748
0.227539 0.245814
0.229492 0.247878
0.231445 0.249941
0.233398 0.252004
0.235352 0.254065
0.237305 0.256126
0.239258 0.258186
0.241211 0.260245
0.243164 0.262303
0.245117 0.26436
0.24707 0.266416
0.249023 0.268472
0.250977 0.270526
0.25293 0.27258
0.254883 0.274633
0.256836 0.276684
0.258789 0.278735
0.260742 0.280785
0.262695 0.282834
0.264648 0.284882
0.266602 0.28693
0.268555 0.288976
0.270508 0.291021
0.272461 0.293066
0.274414 0.295109
0.276367 0.297152
0.27832 0.299194
0.280273 0.301234
0.282227 0.303274
0.28418 0.305313
0.286133 0.307351
0.288086 0.309388
0.290039 0.311424
0.291992 0.313459
0.293945 0.315493
0.295898 0.317526
0.297852 0.319558
0.299805 0.32159
0.301758 0.32362
0.303711 0.325649
0.305664 0.327677
0.307617 0.329705
0.30957 0.331731
0.311523 0.333756
0.313477 0.335781
0.31543 0.337804
0.317383 0.339826
0.319336 0.341848
0.321289 0.343868
0.323242 0.345887
0.325195 0.347906
0.327148 0.349923
0.329102 0.35194
0.331055 0.353955
0.333008 0.355969
0.334961 0.357982
0.336914 0.359995
0.338867 0.362006
0.34082 0.364016
0.342773 0.366025
0.344727 0.368033
0.34668 0.37004
0.348633 0.372047
0.350586 0.374052
0.352539 0.376055
0.354492 0.378058
0.356445 0.38006
0.358398 0.382061
0.360352 0.384061
0.362305 0.386059
0.364258 0.388057
0.366211 0.390053
0.368164 0.392049
0.370117 0.394043
0.37207 0.396036
0.374023 0.398028
0.375977 0.400019
0.37793 0.402009
0.379883 0.403998
0.381836 0.405986
0.383789 0.407972
0.385742 0.409958
0.387695 0.411942
0.389648 0.413926
0.391602 0.415908
0.393555 0.417889
0.395508 0.419869
0.397461 0.421847
0.399414 0.423825
0.401367 0.425801
0.40332 0.427777
0.405273 0.429751
0.407227 0.431724
0.40918 0.433696
0.411133 0.435666
0.413086 0.437636
0.415039 0.439604
0.416992 0.441571
0.418945 0.443537
0.420898 0.445502
0.422852 0.447466
0.424805 0.449428
0.426758 0.45139
0.428711 0.45335
0.430664 0.455308
0.432617 0.457266
0.43457 0.459222
0.436523 0.461178
0.438477 0.463132
0.44043 0.465084
0.442383 0.467036
0.444336 0.468986
0.446289 0.470935
0.448242 0.472883
0.450195 0.474829
0.452148 0.476775
0.454102 0.478719
0.456055 0.480661
0.458008 0.482603
0.459961 0.484543
0.461914 0.486482
0.463867 0.48842
0.46582 0.490356
0.467773 0.492291
0.469727 0.494225
0.47168 0.496157
0.473633 0.498089
0.475586 0.500018
0.477539 0.501947
0.479492 0.503874
0.481445 0.5058
0.483398 0.507725
0.485352 0.509648
0.487305 0.51157
0.489258 0.51349
0.491211 0.515409
0.493164 0.517327
0.495117 0.519244
0.49707 0.521159
0.499023 0.523073
0.500977 0.524985
0.50293 0.526896
0.504883 0.528805
0.506836 0.530714
0.508789 0.53262
0.510742 0.534526
0.512695 0.53643
0.514648 0.538332
0.516602 0.540233
0.518555 0.542133
0.520508 0.544031
0.522461 0.545928
0.524414 0.547824
0.526367 0.549718
0.52832 0.55161
0.530273 0.553501
0.532227 0.555391
0.53418 0.557279
0.536133 0.559165
0.538086 0.56105
0.540039 0.562934
0.541992 0.564816
0.543945 0.566697
0.545898 0.568576
0.547852 0.570453
0.549805 0.572329
0.551758 0.574204
0.553711 0.576077
0.555664 0.577948
0.557617 0.579818
0.55957 0.581687
0.561523 0.583553
0.563477 0.585419
0.56543 0.587282
0.567383 0.589144
0.569336 0.591005
0.571289 0.592864
0.573242 0.594721
0.575195 0.596577
0.577148 0.598431
0.579102 0.600283
0.581055 0.602134
0.583008 0.603983
0.584961 0.60583
0.586914 0.607676
0.588867 0.60952
0.59082 0.611363
0.592773 0.613204
0.594727 0.615043
0.59668 0.61688
0.598633 0.618716
0.600586 0.62055
0.602539 0.622383
0.604492 0.624213
0.606445 0.626042
0.608398 0.627869
0.610352 0.629695
0.612305 0.631519
0.614258 0.63334
0.616211 0.635161
0.618164 0.636979
0.620117 0.638796
0.62207 0.64061
0.624023 0.642423
0.625977 0.644235
0.62793 0.646044
0.629883 0.647852
0.631836 0.649657
0.633789 0.651461
0.635742 0.653263
0.637695 0.655063
0.639648 0.656862
0.641602 0.658658
0.643555 0.660453
0.645508 0.662245
0.647461 0.664036
0.649414 0.665825
0.651367 0.667612
0.65332 0.669396
0.655273 0.671179
0.657227 0.672961
0.65918 0.67474
0.661133 0.676517
0.663086 0.678292
0.665039 0.680065
0.666992 0.681836
0.668945 0.683605
0.670898 0.685372
0.672852 0.687137
0.674805 0.688901
0.676758 0.690661
0.678711 0.69242
0.680664 0.694177
0.682617 0.695932
0.68457 0.697685
0.686523 0.699435
0.688477 0.701184
0.69043 0.70293
0.692383 0.704674
0.694336 0.706416
0.696289 0.708156
0.698242 0.709894
0.700195 0.711629
0.702148 0.713362
0.704102 0.715094
0.706055 0.716822
0.708008 0.718549
0.709961 0.720274
0.711914 0.721996
0.713867 0.723716
0.71582 0.725433
0.717773 0.727148
0.719727 0.728861
0.72168 0.730572
0.723633 0.73228
0.725586 0.733986
0.727539 0.73569
0.729492 0.737391
0.731445 0.73909
0.733398 0.740787
0.735352 0.742481
0.737305 0.744173
0.739258 0.745862
0.741211 0.747549
0.743164 0.749233
0.745117 0.750915
0.74707 0.752594
0.749023 0.754271
0.750977 0.755945
0.75293 0.757617
0.754883 0.759286
0.756836 0.760953
0.758789 0.762617
0.760742 0.764278
0.762695 0.765937
0.764648 0.767593
0.766602 0.769247
0.768555 0.770898
0.770508 0.772546
0.772461 0.774191
0.774414 0.775834
0.776367 0.777474
0.77832 0.779112
0.780273 0.780746
0.782227 0.782378
0.78418 0.784007
0.786133 0.785633
0.788086 0.787257
0.790039 0.788877
0.791992 0.790495
0.793945 0.792109
0.795898 0.793721
0.797852 0.79533
0.799805 0.796936
0.801758 0.798539
0.803711 0.800139
0.805664 0.801736
0.807617 0.80333
0.80957 0.804921
0.811523 0.806509
0.813477 0.808094
0.81543 0.809676
0.817383 0.811254
0.819336 0.81283
0.821289 0.814402
0.823242 0.815971
0.825195 0.817537
0.827148 0.8191
0.829102 0.820659
0.831055 0.822216
0.833008 0.823768
0.834961 0.825318
0.836914 0.826864
0.838867 0.828407
0.84082 0.829946
0.842773 0.831483
0.844727 0.833014
0.84668 0.834545
0.848633 0.836069
0.850586 0.837593
0.852539 0.839109
0.854492 0.840627
0.856445 0.842134
0.858398 0.843648
0.860352 0.845145
0.862305 0.846655
0.864258 0.848139
0.866211 0.849648
0.868164 0.851117
0.870117 0.852628
0.87207 0.854078
0.874023 0.855596
0.875977 0.857018
0.87793 0.858554
0.879883 0.859937
0.881836 0.861505
0.883789 0.862828
0.885742 0.864454
0.887695 0.865686
0.889648 0.867409
0.891602 0.868499
0.893555 0.870383
0.895508 0.871249
0.897461 0.8734
0.899414 0.873908
0.901367 0.876492
0.90332 0.876432
0.905273 0.879719
0.907227 0.878749
0.90918 0.883169
0.911133 0.880746
0.913086 0.886991
0.915039 0.88224
0.916992 0.891421
0.918945 0.882946
0.920898 0.896843
0.922852 0.882415
0.924805 0.90388
0.926758 0.879948
0.928711 0.913557
0.930664 0.87448
0.932617 0.927585
0.93457 0.864433
0.936523 0.948879
0.938477 0.847601
0.94043 0.98256
0.942383 0.821225
0.944336 1.03794
0.946289 0.782751
0.948242 1.13254
0.950195 0.732266
0.952148 1.29974
0.954102 0.677856
0.956055 1.59939
0.958008 0.64175
0.959961 2.11538
0.961914 0.655313
0.963867 2.90415
0.96582 0.736332
0.967773 3.93303
0.969727 0.876158
0.97168 5.11857
0.973633 1.05464
0.975586 6.39314
0.977539 1.2558
0.979492 7.71749
0.981445 1.47024
0.983398 9.07065
0.985352 1.69274
0.987305 10.4412
0.989258 1.92037
0.991211 11.8228
0.993164 2.15141
0.995117 13.2116
0.99707 -0.144963
0.999023 -0.160334
1 0
