0 0
0.000976562 0.00106131
0.00292969 0.0031839
0.00488281 0.00530643
0.00683594 0.00742884
0.00878906 0.0095511
0.0107422 0.0116732
0.0126953 0.013795
0.0146484 0.0159165
0.0166016 0.0180377
0.0185547 0.0201586
0.0205078 0.0222791
0.0224609 0.0243991
0.0244141 0.0265187
0.0263672 0.0286379
0.0283203 0.0307565
0.0302734 0.0328746
0.0322266 0.0349922
0.0341797 0.0371092
0.0361328 0.0392257
0.0380859 0.0413415
0.0400391 0.0434568
0.0419922 0.0455714
0.0439453 0.0476855
0.0458984 0.0497989
0.0478516 0.0519116
0.0498047 0.0540237
0.0517578 0.0561352
0.0537109 0.0582461
0.0556641 0.0603562
0.0576172 0.0624658
0.0595703 0.0645746
0.0615234 0.0666828
0.0634766 0.0687903
0.0654297 0.0708972
0.0673828 0.0730033
0.0693359 0.0751089
0.0712891 0.0772137
0.0732422 0.0793178
0.0751953 0.0814213
0.0771484 0.0835241
0.0791016 0.0856262
0.0810547 0.0877276
0.0830078 0.0898283
0.0849609 0.0919284
0.0869141 0.0940277
0.0888672 0.0961264
0.0908203 0.0982243
0.0927734 0.100322
0.0947266 0.102418
0.0966797 0.104514
0.0986328 0.106609
0.100586 0.108704
0.102539 0.110797
0.104492 0.11289
0.106445 0.114983
0.108398 0.117074
0.110352 0.119165
0.112305 0.121256
0.114258 0.123345
0.116211 0.125434
0.118164 0.127522
0.120117 0.129609
0.12207 0.131696
0.124023 0.133782
0.125977 0.135867
0.12793 0.137951
0.129883 0.140035
0.131836 0.142118
0.133789 0.1442
0.135742 0.146282
0.137695 0.148362
0.139648 0.150442
0.141602 0.152522
0.143555 0.1546
0.145508 0.156678
0.147461 0.158755
0.149414 0.160831
0.151367 0.162907
0.15332 0.164982
0.155273 0.167056
0.157227 0.169129
0.15918 0.171201
0.161133 0.173273
0.163086 0.175344
0.165039 0.177414
0.166992 0.179484
0.168945 0.181552
0.170898 0.18362
0.172852 0.185688
0.174805 0.187754
0.176758 0.189819
0.178711 0.191884
0.180664 0.193948
0.182617 0.196011
0.18457 0.198074
0.186523 0.200136
0.188477 0.202196
0.19043 0.204256
0.192383 0.206316
0.194336 0.208374
0.196289 0.210432
0.198242 0.212489
0.200195 0.214545
0.202148 0.2166
0.204102 0.218654
0.206055 0.220708
0.208008 0.222761
0.209961 0.224813
0.211914 0.226864
0.213867 0.228914
0.21582 0.230964
0.217773 0.233013
0.219727 0.235061
0.22168 0.237108
0.223633 0.239154
0.225586 0.241199
0.227539 0.243244
0.229492 0.245288
0.231445 0.247331
0.233398 0.249373
0.235352 0.251414
0.237305 0.253454
0.239258 0.255494
0.241211 0.257532
0.243164 0.25957
0.245117 0.261607
0.24707 0.263643
0.249023 0.265678
0.250977 0.267713
0.25293 0.269746
0.254883 0.271779
0.256836 0.27381
0.258789 0.275841
0.260742 0.277871
0.262695 0.2799
0.264648 0.281928
0.266602 0.283956
0.268555 0.285982
0.270508 0.288008
0.272461 0.290032
0.274414 0.292056
0.276367 0.294079
0.27832 0.296101
0.280273 0.298122
0.282227 0.300142
0.28418 0.302161
0.286133 0.30418
0.288086 0.306197
0.290039 0.308213
0.291992 0.310229
0.293945 0.312244
0.295898 0.314257
0.297852 0.31627
0.299805 0.318282
0.301758 0.320293
0.303711 0.322303
0.305664 0.324312
0.307617 0.32632
0.30957 0.328327
0.311523 0.330333
0.313477 0.332339
0.31543 0.334343
0.317383 0.336346
0.319336 0.338349
0.321289 0.34035
0.323242 0.34235
0.325195 0.34435
0.327148 0.346348
0.329102 0.348346
0.331055 0.350342
0.333008 0.352338
0.334961 0.354333
0.336914 0.356326
0.338867 0.358319
0.34082 0.36031
0.342773 0.362301
0.344727 0.36429
0.34668 0.366279
0.348633 0.368267
0.350586 0.370253
0.352539 0.372239
0.354492 0.374223
0.356445 0.376207
0.358398 0.378189
0.360352 0.380171
0.362305 0.382151
0.364258 0.384131
0.366211 0.386109
0.368164 0.388086
0.370117 0.390063
0.37207 0.392038
0.374023 0.394012
0.375977 0.395985
0.37793 0.397957
0.379883 0.399928
0.381836 0.401898
0.383789 0.403867
0.385742 0.405835
0.387695 0.407801
0.389648 0.409767
0.391602 0.411732
0.393555 0.413695
0.395508 0.415657
0.397461 0.417619
0.399414 0.419579
0.401367 0.421538
0.40332 0.423496
0.405273 0.425453
0.407227 0.427409
0.40918 0.429363
0.411133 0.431317
0.413086 0.433269
0.415039 0.43522
0.416992 0.437171
0.418945 0.43912
0.420898 0.441067
0.422852 0.443014
0.424805 0.44496
0.426758 0.446904
0.428711 0.448847
0.430664 0.450789
0.432617 0.45273
0.43457 0.45467
0.436523 0.456609
0.438477 0.458546
0.44043 0.460482
0.442383 0.462417
0.444336 0.464351
0.446289 0.466284
0.448242 0.468215
0.450195 0.470146
0.452148 0.472075
0.454102 0.474003
0.456055 0.475929
0.458008 0.477855
0.459961 0.479779
0.461914 0.481702
0.463867 0.483623
0.46582 0.485544
0.467773 0.487463
0.469727 0.489381
0.47168 0.491298
0.473633 0.493213
0.475586 0.495128
0.477539 0.497041
0.479492 0.498952
0.481445 0.500863
0.483398 0.502772
0.485352 0.50468
0.487305 0.506586
0.489258 0.508491
0.491211 0.510395
0.493164 0.512298
0.495117 0.514199
0.49707 0.516099
0.499023 0.517998
0.500977 0.519896
0.50293 0.521792
0.504883 0.523686
0.506836 0.52558
0.508789 0.527472
0.510742 0.529362
0.512695 0.531252
0.514648 0.53314
0.516602 0.535026
0.518555 0.536912
0.520508 0.538795
0.522461 0.540678
0.524414 0.542559
0.526367 0.544439
0.52832 0.546317
0.530273 0.548194
0.532227 0.550069
0.53418 0.551943
0.536133 0.553816
0.538086 0.555687
0.540039 0.557557
0.541992 0.559425
0.543945 0.561292
0.545898 0.563158
0.547852 0.565022
0.549805 0.566884
0.551758 0.568745
0.553711 0.570605
0.555664 0.572463
0.557617 0.57432
0.55957 0.576175
0.561523 0.578028
0.563477 0.57988
0.56543 0.581731
0.567383 0.58358
0.569336 0.585428
0.571289 0.587274
0.573242 0.589118
0.575195 0.590961
0.577148 0.592803
0.579102 0.594642
0.581055 0.596481
0.583008 0.598317
0.584961 0.600152
0.586914 0.601986
0.588867 0.603818
0.59082 0.605648
0.592773 0.607477
0.594727 0.609304
0.59668 0.61113
0.598633 0.612953
0.600586 0.614776
0.602539 0.616596
0.604492 0.618415
0.606445 0.620233
0.608398 0.622048
0.610352 0.623862
0.612305 0.625674
0.614258 0.627485
0.616211 0.629294
0.618164 0.631101
0.620117 0.632907
0.62207 0.63471
0.624023 0.636512
0.625977 0.638313
0.62793 0.640111
0.629883 0.641908
0.631836 0.643703
0.633789 0.645496
0.635742 0.647288
0.637695 0.649078
0.639648 0.650866
0.641602 0.652652
0.643555 0.654436
0.645508 0.656219
0.647461 0.657999
0.649414 0.659778
0.651367 0.661555
0.65332 0.66333
0.655273 0.665104
0.657227 0.666875
0.65918 0.668645
0.661133 0.670412
0.663086 0.672178
0.665039 0.673942
0.666992 0.675704
0.668945 0.677464
0.670898 0.679222
0.672852 0.680978
0.674805 0.682733
0.676758 0.684485
0.678711 0.686235
0.680664 0.687983
0.682617 0.68973
0.68457 0.691474
0.686523 0.693216
0.688477 0.694957
0.69043 0.696695
0.692383 0.698431
0.694336 0.700165
0.696289 0.701897
0.698242 0.703627
0.700195 0.705355
0.702148 0.707081
0.704102 0.708804
0.706055 0.710526
0.708008 0.712245
0.709961 0.713963
0.711914 0.715678
0.713867 0.717391
0.71582 0.719102
0.717773 0.72081
0.719727 0.722517
0.72168 0.724221
0.723633 0.725923
0.725586 0.727622
0.727539 0.72932
0.729492 0.731015
0.731445 0.732708
0.733398 0.734399
0.735352 0.736087
0.737305 0.737773
0.739258 0.739457
0.741211 0.741138
0.743164 0.742817
0.745117 0.744494
0.74707 0.746168
0.749023 0.74784
0.750977 0.749509
0.75293 0.751176
0.754883 0.752841
0.756836 0.754503
0.758789 0.756163
0.760742 0.75782
0.762695 0.759475
0.764648 0.761127
0.766602 0.762777
0.768555 0.764424
0.770508 0.766069
0.772461 0.767711
0.774414 0.76935
0.776367 0.770987
0.77832 0.772621
0.780273 0.774253
0.782227 0.775882
0.78418 0.777508
0.786133 0.779132
0.788086 0.780753
0.790039 0.782371
0.791992 0.783987
0.793945 0.785599
0.795898 0.787209
0.797852 0.788817
0.799805 0.790421
0.801758 0.792023
0.803711 0.793622
0.805664 0.795217
0.807617 0.796811
0.80957 0.798401
0.811523 0.799988
0.813477 0.801572
0.81543 0.803154
0.817383 0.804732
0.819336 0.806308
0.821289 0.80788
0.823242 0.80945
0.825195 0.811016
0.827148 0.812579
0.829102 0.814139
0.831055 0.815697
0.833008 0.81725
0.834961 0.818802
0.836914 0.820349
0.838867 0.821894
0.84082 0.823434
0.842773 0.824973
0.844727 0.826507
0.84668 0.82804
0.848633 0.829566
0.850586 0.831093
0.852539 0.832612
0.854492 0.834133
0.856445 0.835644
0.858398 0.837161
0.860352 0.838661
0.862305 0.840175
0.864258 0.841664
0.866211 0.843176
0.868164 0.844651
0.870117 0.846166
0.87207 0.84762
0.874023 0.849144
0.875977 0.850571
0.87793 0.852113
0.879883 0.853501
0.881836 0.855076
0.883789 0.856404
0.885742 0.858038
0.887695 0.859274
0.889648 0.861007
0.891602 0.862099
0.893555 0.863999
0.895508 0.864861
0.897461 0.867034
0.899414 0.867531
0.901367 0.87015
0.90332 0.870062
0.905273 0.873407
0.907227 0.872381
0.90918 0.876898
0.911133 0.874366
0.913086 0.880779
0.915039 0.87583
0.916992 0.885298
0.918945 0.876471
0.920898 0.89086
0.922852 0.875815
0.924805 0.898126
0.926758 0.873126
0.928711 0.908188
0.930664 0.86728
0.932617 0.922877
0.93457 0.856615
0.936523 0.945334
0.938477 0.838825
0.94043 0.981116
0.942383 0.811089
0.944336 1.04042
0.946289 0.770989
0.948242 1.14257
0.950195 0.719345
0.952148 1.32444
0.954102 0.666096
0.956055 1.65101
0.958008 0.63588
0.959961 2.20764
0.961914 0.659916
0.963867 3.03945
0.96582 0.751918
0.967773 4.0998
0.969727 0.899754
0.97168 5.30388
0.973633 1.08312
0.975586 6.58869
0.977539 1.28716
0.979492 7.91875
0.981445 1.50332
0.983398 9.27515
0.985352 1.7269
0.987305 10.6476
0.989258 1.95523
0.991211 12.0303
0.993164 2.18674
0.995117 13.4197
0.99707 -0.144971
0.999023 -0.160816
1 0
