0 0
0.000976562 0.00105103
0.00292969 0.00315308
0.00488281 0.00525506
0.00683594 0.00735694
0.00878906 0.00945866
0.0107422 0.0115602
0.0126953 0.0136615
0.0146484 0.0157625
0.0166016 0.0178632
0.0185547 0.0199636
0.0205078 0.0220636
0.0224609 0.0241632
0.0244141 0.0262624
0.0263672 0.0283611
0.0283203 0.0304594
0.0302734 0.0325571
0.0322266 0.0346543
0.0341797 0.036751
0.0361328 0.0388471
0.0380859 0.0409427
0.0400391 0.0430376
0.0419922 0.045132
0.0439453 0.0472258
0.0458984 0.049319
0.0478516 0.0514115
0.0498047 0.0535035
0.0517578 0.0555948
0.0537109 0.0576855
0.0556641 0.0597755
0.0576172 0.0618649
0.0595703 0.0639537
0.0615234 0.0660418
0.0634766 0.0681293
0.0654297 0.0702161
0.0673828 0.0723023
0.0693359 0.0743878
0.0712891 0.0764727
0.0732422 0.0785569
0.0751953 0.0806404
0.0771484 0.0827233
0.0791016 0.0848055
0.0810547 0.0868871
0.0830078 0.088968
0.0849609 0.0910482
0.0869141 0.0931277
0.0888672 0.0952066
0.0908203 0.0972848
0.0927734 0.0993623
0.0947266 0.101439
0.0966797 0.103515
0.0986328 0.105591
0.100586 0.107666
0.102539 0.10974
0.104492 0.111813
0.106445 0.113886
0.108398 0.115958
0.110352 0.118029
0.112305 0.1201
0.114258 0.12217
0.116211 0.124239
0.118164 0.126308
0.120117 0.128376
0.12207 0.130443
0.124023 0.132509
0.125977 0.134575
0.12793 0.13664
0.129883 0.138705
0.131836 0.140768
0.133789 0.142831
0.135742 0.144893
0.137695 0.146955
0.139648 0.149016
0.141602 0.151076
0.143555 0.153135
0.145508 0.155194
0.147461 0.157251
0.149414 0.159309
0.151367 0.161365
0.15332 0.163421
0.155273 0.165476
0.157227 0.16753
0.15918 0.169583
0.161133 0.171636
0.163086 0.173688
0.165039 0.17574
0.166992 0.17779
0.168945 0.17984
0.170898 0.181889
0.172852 0.183937
0.174805 0.185985
0.176758 0.188031
0.178711 0.190077
0.180664 0.192123
0.182617 0.194167
0.18457 0.196211
0.186523 0.198254
0.188477 0.200296
0.19043 0.202338
0.192383 0.204378
0.194336 0.206418
0.196289 0.208457
0.198242 0.210495
0.200195 0.212533
0.202148 0.21457
0.204102 0.216606
0.206055 0.218641
0.208008 0.220675
0.209961 0.222709
0.211914 0.224742
0.213867 0.226774
0.21582 0.228805
0.217773 0.230836
0.219727 0.232865
0.22168 0.234894
0.223633 0.236922
0.225586 0.238949
0.227539 0.240976
0.229492 0.243001
0.231445 0.245026
0.233398 0.24705
0.235352 0.249073
0.237305 0.251095
0.239258 0.253117
0.241211 0.255138
0.243164 0.257157
0.245117 0.259176
0.24707 0.261195
0.249023 0.263212
0.250977 0.265228
0.25293 0.267244
0.254883 0.269259
0.256836 0.271273
0.258789 0.273286
0.260742 0.275298
0.262695 0.27731
0.264648 0.27932
0.266602 0.28133
0.268555 0.283339
0.270508 0.285347
0.272461 0.287354
0.274414 0.28936
0.276367 0.291365
0.27832 0.29337
0.280273 0.295373
0.282227 0.297376
0.28418 0.299378
0.286133 0.301379
0.288086 0.303379
0.290039 0.305378
0.291992 0.307377
0.293945 0.309374
0.295898 0.31137
0.297852 0.313366
0.299805 0.315361
0.301758 0.317355
0.303711 0.319348
0.305664 0.321339
0.307617 0.323331
0.30957 0.325321
0.311523 0.32731
0.313477 0.329298
0.31543 0.331286
0.317383 0.333272
0.319336 0.335258
0.321289 0.337242
0.323242 0.339226
0.325195 0.341209
0.327148 0.34319
0.329102 0.345171
0.331055 0.347151
0.333008 0.34913
0.334961 0.351108
0.336914 0.353085
0.338867 0.355061
0.34082 0.357036
0.342773 0.35901
0.344727 0.360983
0.34668 0.362956
0.348633 0.364927
0.350586 0.366897
0.352539 0.368866
0.354492 0.370835
0.356445 0.372802
0.358398 0.374768
0.360352 0.376733
0.362305 0.378698
0.364258 0.380661
0.366211 0.382623
0.368164 0.384585
0.370117 0.386545
0.37207 0.388504
0.374023 0.390462
0.375977 0.39242
0.37793 0.394376
0.379883 0.396331
0.381836 0.398285
0.383789 0.400238
0.385742 0.40219
0.387695 0.404141
0.389648 0.406091
0.391602 0.40804
0.393555 0.409988
0.395508 0.411935
0.397461 0.413881
0.399414 0.415825
0.401367 0.417769
0.40332 0.419712
0.405273 0.421653
0.407227 0.423593
0.40918 0.425533
0.411133 0.427471
0.413086 0.429408
0.415039 0.431344
0.416992 0.433279
0.418945 0.435213
0.420898 0.437146
0.422852 0.439078
0.424805 0.441008
0.426758 0.442938
0.428711 0.444866
0.430664 0.446793
0.432617 0.448719
0.43457 0.450644
0.436523 0.452568
0.438477 0.454491
0.44043 0.456412
0.442383 0.458333
0.444336 0.460252
0.446289 0.46217
0.448242 0.464087
0.450195 0.466003
0.452148 0.467917
0.454102 0.469831
0.456055 0.471743
0.458008 0.473654
0.459961 0.475564
0.461914 0.477473
0.463867 0.47938
0.46582 0.481287
0.467773 0.483192
0.469727 0.485096
0.47168 0.486998
0.473633 0.4889
0.475586 0.4908
0.477539 0.492699
0.479492 0.494597
0.481445 0.496494
0.483398 0.498389
0.485352 0.500283
0.487305 0.502176
0.489258 0.504068
0.491211 0.505958
0.493164 0.507847
0.495117 0.509735
0.49707 0.511622
0.499023 0.513507
0.500977 0.515391
0.50293 0.517274
0.504883 0.519155
0.506836 0.521035
0.508789 0.522914
0.510742 0.524792
0.512695 0.526668
0.514648 0.528543
0.516602 0.530416
0.518555 0.532289
0.520508 0.53416
0.522461 0.536029
0.524414 0.537898
0.526367 0.539765
0.52832 0.54163
0.530273 0.543494
0.532227 0.545357
0.53418 0.547219
0.536133 0.549079
0.538086 0.550938
0.540039 0.552795
0.541992 0.554651
0.543945 0.556506
0.545898 0.558359
0.547852 0.560211
0.549805 0.562061
0.551758 0.56391
0.553711 0.565758
0.555664 0.567604
0.557617 0.569448
0.55957 0.571292
0.561523 0.573133
0.563477 0.574974
0.56543 0.576813
0.567383 0.57865
0.569336 0.580486
0.571289 0.58232
0.573242 0.584153
0.575195 0.585985
0.577148 0.587815
0.579102 0.589643
0.581055 0.59147
0.583008 0.593296
0.584961 0.59512
0.586914 0.596942
0.588867 0.598763
0.59082 0.600583
0.592773 0.6024
0.594727 0.604217
0.59668 0.606031
0.598633 0.607844
0.600586 0.609656
0.602539 0.611466
0.604492 0.613274
0.606445 0.615081
0.608398 0.616886
0.610352 0.61869
0.612305 0.620492
0.614258 0.622292
0.616211 0.624091
0.618164 0.625888
0.620117 0.627683
0.62207 0.629477
0.624023 0.631269
0.625977 0.63306
0.62793 0.634849
0.629883 0.636636
0.631836 0.638421
0.633789 0.640205
0.635742 0.641987
0.637695 0.643767
0.639648 0.645545
0.641602 0.647322
0.643555 0.649097
0.645508 0.650871
0.647461 0.652642
0.649414 0.654412
0.651367 0.65618
0.65332 0.657946
0.655273 0.659711
0.657227 0.661473
0.65918 0.663234
0.661133 0.664993
0.663086 0.666751
0.665039 0.668506
0.666992 0.67026
0.668945 0.672011
0.670898 0.673761
0.672852 0.675509
0.674805 0.677255
0.676758 0.678999
0.678711 0.680742
0.680664 0.682482
0.682617 0.68422
0.68457 0.685957
0.686523 0.687692
0.688477 0.689424
0.69043 0.691155
0.692383 0.692884
0.694336 0.694611
0.696289 0.696335
0.698242 0.698058
0.700195 0.699779
0.702148 0.701498
0.704102 0.703215
0.706055 0.704929
0.708008 0.706642
0.709961 0.708353
0.711914 0.710061
0.713867 0.711768
0.71582 0.713472
0.717773 0.715174
0.719727 0.716874
0.72168 0.718573
0.723633 0.720268
0.725586 0.721962
0.727539 0.723654
0.729492 0.725343
0.731445 0.727031
0.733398 0.728716
0.735352 0.730398
0.737305 0.732079
0.739258 0.733757
0.741211 0.735434
0.743164 0.737108
0.745117 0.738779
0.74707 0.740449
0.749023 0.742116
0.750977 0.74378
0.75293 0.745443
0.754883 0.747103
0.756836 0.748761
0.758789 0.750416
0.760742 0.752069
0.762695 0.75372
0.764648 0.755368
0.766602 0.757014
0.768555 0.758657
0.770508 0.760298
0.772461 0.761937
0.774414 0.763573
0.776367 0.765206
0.77832 0.766837
0.780273 0.768466
0.782227 0.770092
0.78418 0.771715
0.786133 0.773336
0.788086 0.774955
0.790039 0.77657
0.791992 0.778183
0.793945 0.779794
0.795898 0.781402
0.797852 0.783007
0.799805 0.784609
0.801758 0.786209
0.803711 0.787806
0.805664 0.789401
0.807617 0.790992
0.80957 0.792581
0.811523 0.794167
0.813477 0.795751
0.81543 0.797331
0.817383 0.798909
0.819336 0.800484
0.821289 0.802055
0.823242 0.803625
0.825195 0.805191
0.827148 0.806754
0.829102 0.808314
0.831055 0.809871
0.833008 0.811426
0.834961 0.812977
0.836914 0.814525
0.838867 0.816071
0.84082 0.817612
0.842773 0.819152
0.844727 0.820687
0.84668 0.822221
0.848633 0.823749
0.850586 0.825278
0.852539 0.826799
0.854492 0.828322
0.856445 0.829835
0.858398 0.831354
0.860352 0.832857
0.862305 0.834373
0.864258 0.835865
0.866211 0.83738
0.868164 0.838858
0.870117 0.840376
0.87207 0.841834
0.874023 0.843361
0.875977 0.844793
0.87793 0.846338
0.879883 0.84773
0.881836 0.84931
0.883789 0.850642
0.885742 0.852282
0.887695 0.853521
0.889648 0.855262
0.891602 0.856355
0.893555 0.858266
0.895508 0.859126
0.897461 0.861317
0.899414 0.861804
0.901367 0.864452
0.90332 0.86434
0.905273 0.867732
0.907227 0.866657
0.90918 0.871257
0.911133 0.868632
0.913086 0.875188
0.915039 0.870067
0.916992 0.879784
0.918945 0.870646
0.920898 0.885469
0.922852 0.869876
0.924805 0.892941
0.926758 0.866983
0.928711 0.903352
0.930664 0.86079
0.932617 0.918647
0.93457 0.84956
0.936523 0.942179
0.938477 0.830896
0.94043 0.979926
0.942383 0.801932
0.944336 1.04294
0.946289 0.760409
0.948242 1.1523
0.950195 0.707903
0.952148 1.34824
0.954102 0.65614
0.956055 1.70029
0.958008 0.631787
0.959961 2.29391
0.961914 0.665378
0.963867 3.16269
0.96582 0.766771
0.967773 4.24887
0.969727 0.921186
0.97168 5.46788
0.973633 1.10851
0.975586 6.76095
0.977539 1.31488
0.979492 8.09563
0.981445 1.53246
0.983398 9.45467
0.985352 1.75693
0.987305 10.8287
0.989258 1.98583
0.991211 12.2122
0.993164 2.21773
0.995117 13.6021
0.99707 -0.144979
0.999023 -0.161231
1 0
