0 0
0.000976562 0.00101712
0.00292969 0.00305134
0.00488281 0.0050855
0.00683594 0.00711956
0.00878906 0.0091535
0.0107422 0.0111873
0.0126953 0.0132208
0.0146484 0.0152542
0.0166016 0.0172872
0.0185547 0.01932
0.0205078 0.0213524
0.0224609 0.0233845
0.0244141 0.0254162
0.0263672 0.0274475
0.0283203 0.0294784
0.0302734 0.0315088
0.0322266 0.0335387
0.0341797 0.0355682
0.0361328 0.0375972
0.0380859 0.0396257
0.0400391 0.0416537
0.0419922 0.0436811
0.0439453 0.045708
0.0458984 0.0477344
0.0478516 0.0497602
0.0498047 0.0517854
0.0517578 0.0538101
0.0537109 0.0558342
0.0556641 0.0578577
0.0576172 0.0598807
0.0595703 0.0619031
0.0615234 0.0639249
0.0634766 0.0659461
0.0654297 0.0679667
0.0673828 0.0699868
0.0693359 0.0720062
0.0712891 0.0740251
0.0732422 0.0760434
0.0751953 0.078061
0.0771484 0.0800781
0.0791016 0.0820946
0.0810547 0.0841104
0.0830078 0.0861257
0.0849609 0.0881403
0.0869141 0.0901544
0.0888672 0.0921678
0.0908203 0.0941807
0.0927734 0.0961929
0.0947266 0.0982045
0.0966797 0.100215
0.0986328 0.102226
0.100586 0.104236
0.102539 0.106245
0.104492 0.108253
0.106445 0.110261
0.108398 0.112268
0.110352 0.114275
0.112305 0.116281
0.114258 0.118287
0.116211 0.120291
0.118164 0.122295
0.120117 0.124299
0.12207 0.126302
0.124023 0.128304
0.125977 0.130306
0.12793 0.132307
0.129883 0.134307
0.131836 0.136307
0.133789 0.138306
0.135742 0.140304
0.137695 0.142302
0.139648 0.144299
0.141602 0.146295
0.143555 0.148291
0.145508 0.150286
0.147461 0.152281
0.149414 0.154275
0.151367 0.156268
0.15332 0.15826
0.155273 0.160252
0.157227 0.162243
0.15918 0.164234
0.161133 0.166224
0.163086 0.168213
0.165039 0.170201
0.166992 0.172189
0.168945 0.174177
0.170898 0.176163
0.172852 0.178149
0.174805 0.180134
0.176758 0.182118
0.178711 0.184102
0.180664 0.186085
0.182617 0.188068
0.18457 0.190049
0.186523 0.19203
0.188477 0.194011
0.19043 0.19599
0.192383 0.197969
0.194336 0.199948
0.196289 0.201925
0.198242 0.203902
0.200195 0.205878
0.202148 0.207854
0.204102 0.209828
0.206055 0.211802
0.208008 0.213776
0.209961 0.215748
0.211914 0.21772
0.213867 0.219691
0.21582 0.221662
0.217773 0.223632
0.219727 0.225601
0.22168 0.227569
0.223633 0.229536
0.225586 0.231503
0.227539 0.233469
0.229492 0.235435
0.231445 0.237399
0.233398 0.239363
0.235352 0.241326
0.237305 0.243289
0.239258 0.245251
0.241211 0.247212
0.243164 0.249172
0.245117 0.251131
0.24707 0.25309
0.249023 0.255048
0.250977 0.257005
0.25293 0.258961
0.254883 0.260917
0.256836 0.262872
0.258789 0.264826
0.260742 0.26678
0.262695 0.268732
0.264648 0.270684
0.266602 0.272635
0.268555 0.274585
0.270508 0.276535
0.272461 0.278484
0.274414 0.280432
0.276367 0.282379
0.27832 0.284325
0.280273 0.286271
0.282227 0.288216
0.28418 0.29016
0.286133 0.292103
0.288086 0.294045
0.290039 0.295987
0.291992 0.297928
0.293945 0.299868
0.295898 0.301807
0.297852 0.303746
0.299805 0.305683
0.301758 0.30762
0.303711 0.309556
0.305664 0.311491
0.307617 0.313426
0.30957 0.315359
0.311523 0.317292
0.313477 0.319224
0.31543 0.321155
0.317383 0.323085
0.319336 0.325014
0.321289 0.326943
0.323242 0.32887
0.325195 0.330797
0.327148 0.332723
0.329102 0.334649
0.331055 0.336573
0.333008 0.338496
0.334961 0.340419
0.336914 0.342341
0.338867 0.344262
0.34082 0.346182
0.342773 0.348101
0.344727 0.350019
0.34668 0.351936
0.348633 0.353853
0.350586 0.355769
0.352539 0.357683
0.354492 0.359597
0.356445 0.36151
0.358398 0.363423
0.360352 0.365334
0.362305 0.367244
0.364258 0.369154
0.366211 0.371062
0.368164 0.37297
0.370117 0.374877
0.37207 0.376782
0.374023 0.378687
0.375977 0.380591
0.37793 0.382494
0.379883 0.384397
0.381836 0.386298
0.383789 0.388198
0.385742 0.390098
0.387695 0.391996
0.389648 0.393894
0.391602 0.39579
0.393555 0.397686
0.395508 0.399581
0.397461 0.401474
0.399414 0.403367
0.401367 0.405259
0.40332 0.40715
0.405273 0.40904
0.407227 0.410929
0.40918 0.412817
0.411133 0.414704
0.413086 0.41659
0.415039 0.418475
0.416992 0.42036
0.418945 0.422243
0.420898 0.424125
0.422852 0.426006
0.424805 0.427886
0.426758 0.429766
0.428711 0.431644
0.430664 0.433521
0.432617 0.435397
0.43457 0.437272
0.436523 0.439147
0.438477 0.44102
0.44043 0.442892
0.442383 0.444763
0.444336 0.446633
0.446289 0.448502
0.448242 0.45037
0.450195 0.452237
0.452148 0.454103
0.454102 0.455968
0.456055 0.457832
0.458008 0.459695
0.459961 0.461557
0.461914 0.463418
0.463867 0.465277
0.46582 0.467136
0.467773 0.468993
0.469727 0.47085
0.47168 0.472705
0.473633 0.47456
0.475586 0.476413
0.477539 0.478265
0.479492 0.480116
0.481445 0.481966
0.483398 0.483815
0.485352 0.485663
0.487305 0.487509
0.489258 0.489355
0.491211 0.491199
0.493164 0.493042
0.495117 0.494885
0.49707 0.496726
0.499023 0.498566
0.500977 0.500404
0.50293 0.502242
0.504883 0.504078
0.506836 0.505914
0.508789 0.507748
0.510742 0.509581
0.512695 0.511413
0.514648 0.513244
0.516602 0.515073
0.518555 0.516901
0.520508 0.518729
0.522461 0.520555
0.524414 0.522379
0.526367 0.524203
0.52832 0.526025
0.530273 0.527847
0.532227 0.529667
0.53418 0.531486
0.536133 0.533303
0.538086 0.535119
0.540039 0.536935
0.541992 0.538748
0.543945 0.540561
0.545898 0.542373
0.547852 0.544183
0.549805 0.545992
0.551758 0.547799
0.553711 0.549606
0.555664 0.551411
0.557617 0.553215
0.55957 0.555018
0.561523 0.556819
0.563477 0.558619
0.56543 0.560418
0.567383 0.562215
0.569336 0.564011
0.571289 0.565806
0.573242 0.5676
0.575195 0.569392
0.577148 0.571183
0.579102 0.572972
0.581055 0.574761
0.583008 0.576548
0.584961 0.578333
0.586914 0.580117
0.588867 0.5819
0.59082 0.583682
0.592773 0.585462
0.594727 0.587241
0.59668 0.589018
0.598633 0.590794
0.600586 0.592569
0.602539 0.594342
0.604492 0.596114
0.606445 0.597884
0.608398 0.599653
0.610352 0.601421
0.612305 0.603187
0.614258 0.604952
0.616211 0.606715
0.618164 0.608477
0.620117 0.610238
0.62207 0.611997
0.624023 0.613754
0.625977 0.61551
0.62793 0.617265
0.629883 0.619018
0.631836 0.620769
0.633789 0.622519
0.635742 0.624268
0.637695 0.626015
0.639648 0.627761
0.641602 0.629505
0.643555 0.631247
0.645508 0.632988
0.647461 0.634728
0.649414 0.636466
0.651367 0.638202
0.65332 0.639937
0.655273 0.64167
0.657227 0.643402
0.65918 0.645132
0.661133 0.64686
0.663086 0.648587
0.665039 0.650312
0.666992 0.652036
0.668945 0.653758
0.670898 0.655478
0.672852 0.657197
0.674805 0.658914
0.676758 0.66063
0.678711 0.662344
0.680664 0.664056
0.682617 0.665766
0.68457 0.667475
0.686523 0.669182
0.688477 0.670887
0.69043 0.672591
0.692383 0.674293
0.694336 0.675993
0.696289 0.677692
0.698242 0.679389
0.700195 0.681084
0.702148 0.682777
0.704102 0.684468
0.706055 0.686158
0.708008 0.687846
0.709961 0.689532
0.711914 0.691217
0.713867 0.692899
0.71582 0.69458
0.717773 0.696259
0.719727 0.697936
0.72168 0.699611
0.723633 0.701284
0.725586 0.702956
0.727539 0.704625
0.729492 0.706293
0.731445 0.707959
0.733398 0.709623
0.735352 0.711285
0.737305 0.712945
0.739258 0.714603
0.741211 0.716259
0.743164 0.717913
0.745117 0.719565
0.74707 0.721216
0.749023 0.722864
0.750977 0.72451
0.75293 0.726154
0.754883 0.727797
0.756836 0.729437
0.758789 0.731075
0.760742 0.732711
0.762695 0.734345
0.764648 0.735977
0.766602 0.737607
0.768555 0.739235
0.770508 0.74086
0.772461 0.742484
0.774414 0.744105
0.776367 0.745725
0.77832 0.747342
0.780273 0.748957
0.782227 0.750569
0.78418 0.75218
0.786133 0.753788
0.788086 0.755394
0.790039 0.756998
0.791992 0.7586
0.793945 0.760199
0.795898 0.761796
0.797852 0.763391
0.799805 0.764983
0.801758 0.766574
0.803711 0.768161
0.805664 0.769747
0.807617 0.77133
0.80957 0.772911
0.811523 0.774489
0.813477 0.776065
0.81543 0.777639
0.817383 0.77921
0.819336 0.780779
0.821289 0.782345
0.823242 0.783909
0.825195 0.78547
0.827148 0.787029
0.829102 0.788585
0.831055 0.790139
0.833008 0.79169
0.834961 0.793238
0.836914 0.794784
0.838867 0.796328
0.84082 0.797868
0.842773 0.799407
0.844727 0.800941
0.84668 0.802475
0.848633 0.804004
0.850586 0.805533
0.852539 0.807056
0.854492 0.808581
0.856445 0.810096
0.858398 0.811617
0.860352 0.813124
0.862305 0.814644
0.864258 0.81614
0.866211 0.81766
0.868164 0.819144
0.870117 0.820667
0.87207 0.822133
0.874023 0.823666
0.875977 0.825105
0.87793 0.826658
0.879883 0.828059
0.881836 0.829648
0.883789 0.830989
0.885742 0.83264
0.887695 0.833887
0.889648 0.835646
0.891602 0.836741
0.893555 0.838679
0.895508 0.83953
0.897461 0.841766
0.899414 0.842223
0.901367 0.844948
0.90332 0.844764
0.905273 0.848295
0.907227 0.847068
0.90918 0.851917
0.911133 0.848995
0.913086 0.855999
0.915039 0.850318
0.916992 0.860839
0.918945 0.850677
0.920898 0.866935
0.922852 0.849497
0.924805 0.875106
0.926758 0.845878
0.928711 0.886736
0.930664 0.838449
0.932617 0.904196
0.93457 0.825204
0.936523 0.931665
0.938477 0.803453
0.94043 0.976772
0.942383 0.770257
0.944336 1.05399
0.946289 0.724238
0.948242 1.1915
0.950195 0.670313
0.952148 1.44248
0.954102 0.627005
0.956055 1.89068
0.958008 0.626265
0.959961 2.61125
0.961914 0.692513
0.963867 3.59288
0.96582 0.822383
0.967773 4.75209
0.969727 0.995487
0.97168 6.01234
0.973633 1.19387
0.975586 7.32827
0.977539 1.40679
0.979492 8.6759
0.981445 1.62838
0.983398 10.0425
0.985352 1.85542
0.987305 11.4209
0.989258 2.08603
0.991211 12.807
0.993164 2.31907
0.995117 14.1984
0.99707 -0.145002
0.999023 -0.162533
1 0
