0 0
0.000976562 0.000939833
0.00292969 0.00281948
0.00488281 0.00469909
0.00683594 0.00657864
0.00878906 0.00845808
0.0107422 0.0103374
0.0126953 0.0122166
0.0146484 0.0140956
0.0166016 0.0159744
0.0185547 0.017853
0.0205078 0.0197314
0.0224609 0.0216094
0.0244141 0.0234873
0.0263672 0.0253648
0.0283203 0.027242
0.0302734 0.0291188
0.0322266 0.0309954
0.0341797 0.0328715
0.0361328 0.0347473
0.0380859 0.0366227
0.0400391 0.0384977
0.0419922 0.0403724
0.0439453 0.0422466
0.0458984 0.0441203
0.0478516 0.0459937
0.0498047 0.0478666
0.0517578 0.0497391
0.0537109 0.0516112
0.0556641 0.0534828
0.0576172 0.055354
0.0595703 0.0572247
0.0615234 0.059095
0.0634766 0.0609648
0.0654297 0.0628341
0.0673828 0.064703
0.0693359 0.0665714
0.0712891 0.0684394
0.0732422 0.0703069
0.0751953 0.0721739
0.0771484 0.0740405
0.0791016 0.0759065
0.0810547 0.0777722
0.0830078 0.0796373
0.0849609 0.081502
0.0869141 0.0833662
0.0888672 0.0852299
0.0908203 0.0870931
0.0927734 0.0889559
0.0947266 0.0908181
0.0966797 0.0926799
0.0986328 0.0945413
0.100586 0.0964021
0.102539 0.0982624
0.104492 0.100122
0.106445 0.101982
0.108398 0.103841
0.110352 0.105699
0.112305 0.107557
0.114258 0.109414
0.116211 0.111271
0.118164 0.113128
0.120117 0.114984
0.12207 0.116839
0.124023 0.118694
0.125977 0.120548
0.12793 0.122402
0.129883 0.124256
0.131836 0.126109
0.133789 0.127961
0.135742 0.129813
0.137695 0.131664
0.139648 0.133515
0.141602 0.135366
0.143555 0.137216
0.145508 0.139065
0.147461 0.140914
0.149414 0.142762
0.151367 0.14461
0.15332 0.146458
0.155273 0.148304
0.157227 0.150151
0.15918 0.151996
0.161133 0.153842
0.163086 0.155686
0.165039 0.157531
0.166992 0.159374
0.168945 0.161218
0.170898 0.16306
0.172852 0.164902
0.174805 0.166744
0.176758 0.168585
0.178711 0.170425
0.180664 0.172265
0.182617 0.174105
0.18457 0.175944
0.186523 0.177782
0.188477 0.17962
0.19043 0.181457
0.192383 0.183294
0.194336 0.18513
0.196289 0.186966
0.198242 0.188801
0.200195 0.190636
0.202148 0.19247
0.204102 0.194303
0.206055 0.196136
0.208008 0.197969
0.209961 0.1998
0.211914 0.201632
0.213867 0.203462
0.21582 0.205292
0.217773 0.207122
0.219727 0.208951
0.22168 0.21078
0.223633 0.212608
0.225586 0.214435
0.227539 0.216262
0.229492 0.218088
0.231445 0.219913
0.233398 0.221739
0.235352 0.223563
0.237305 0.225387
0.239258 0.22721
0.241211 0.229033
0.243164 0.230855
0.245117 0.232677
0.24707 0.234498
0.249023 0.236318
0.250977 0.238138
0.25293 0.239958
0.254883 0.241776
0.256836 0.243594
0.258789 0.245412
0.260742 0.247229
0.262695 0.249045
0.264648 0.250861
0.266602 0.252676
0.268555 0.254491
0.270508 0.256304
0.272461 0.258118
0.274414 0.259931
0.276367 0.261743
0.27832 0.263554
0.280273 0.265365
0.282227 0.267175
0.28418 0.268985
0.286133 0.270794
0.288086 0.272603
0.290039 0.27441
0.291992 0.276218
0.293945 0.278024
0.295898 0.27983
0.297852 0.281636
0.299805 0.28344
0.301758 0.285244
0.303711 0.287048
0.305664 0.288851
0.307617 0.290653
0.30957 0.292455
0.311523 0.294256
0.313477 0.296056
0.31543 0.297856
0.317383 0.299655
0.319336 0.301453
0.321289 0.303251
0.323242 0.305048
0.325195 0.306844
0.327148 0.30864
0.329102 0.310435
0.331055 0.31223
0.333008 0.314024
0.334961 0.315817
0.336914 0.317609
0.338867 0.319401
0.34082 0.321192
0.342773 0.322983
0.344727 0.324773
0.34668 0.326562
0.348633 0.32835
0.350586 0.330138
0.352539 0.331926
0.354492 0.333712
0.356445 0.335498
0.358398 0.337283
0.360352 0.339068
0.362305 0.340851
0.364258 0.342634
0.366211 0.344417
0.368164 0.346199
0.370117 0.34798
0.37207 0.34976
0.374023 0.35154
0.375977 0.353318
0.37793 0.355097
0.379883 0.356874
0.381836 0.358651
0.383789 0.360427
0.385742 0.362203
0.387695 0.363977
0.389648 0.365751
0.391602 0.367525
0.393555 0.369297
0.395508 0.371069
0.397461 0.37284
0.399414 0.374611
0.401367 0.37638
0.40332 0.378149
0.405273 0.379917
0.407227 0.381685
0.40918 0.383452
0.411133 0.385218
0.413086 0.386983
0.415039 0.388747
0.416992 0.390511
0.418945 0.392274
0.420898 0.394036
0.422852 0.395798
0.424805 0.397559
0.426758 0.399319
0.428711 0.401078
0.430664 0.402837
0.432617 0.404594
0.43457 0.406351
0.436523 0.408107
0.438477 0.409863
0.44043 0.411618
0.442383 0.413371
0.444336 0.415125
0.446289 0.416877
0.448242 0.418628
0.450195 0.420379
0.452148 0.422129
0.454102 0.423878
0.456055 0.425627
0.458008 0.427374
0.459961 0.429121
0.461914 0.430867
0.463867 0.432612
0.46582 0.434357
0.467773 0.4361
0.469727 0.437843
0.47168 0.439585
0.473633 0.441326
0.475586 0.443067
0.477539 0.444806
0.479492 0.446545
0.481445 0.448283
0.483398 0.45002
0.485352 0.451756
0.487305 0.453491
0.489258 0.455226
0.491211 0.45696
0.493164 0.458692
0.495117 0.460424
0.49707 0.462155
0.499023 0.463886
0.500977 0.465615
0.50293 0.467344
0.504883 0.469072
0.506836 0.470798
0.508789 0.472524
0.510742 0.474249
0.512695 0.475974
0.514648 0.477697
0.516602 0.47942
0.518555 0.481141
0.520508 0.482862
0.522461 0.484582
0.524414 0.486301
0.526367 0.488019
0.52832 0.489736
0.530273 0.491452
0.532227 0.493168
0.53418 0.494882
0.536133 0.496596
0.538086 0.498308
0.540039 0.50002
0.541992 0.501731
0.543945 0.503441
0.545898 0.505149
0.547852 0.506857
0.549805 0.508565
0.551758 0.510271
0.553711 0.511976
0.555664 0.51368
0.557617 0.515383
0.55957 0.517086
0.561523 0.518787
0.563477 0.520488
0.56543 0.522187
0.567383 0.523886
0.569336 0.525583
0.571289 0.52728
0.573242 0.528976
0.575195 0.53067
0.577148 0.532364
0.579102 0.534057
0.581055 0.535748
0.583008 0.537439
0.584961 0.539129
0.586914 0.540817
0.588867 0.542505
0.59082 0.544192
0.592773 0.545877
0.594727 0.547562
0.59668 0.549246
0.598633 0.550928
0.600586 0.55261
0.602539 0.55429
0.604492 0.55597
0.606445 0.557648
0.608398 0.559326
0.610352 0.561002
0.612305 0.562678
0.614258 0.564352
0.616211 0.566025
0.618164 0.567697
0.620117 0.569368
0.62207 0.571038
0.624023 0.572707
0.625977 0.574375
0.62793 0.576042
0.629883 0.577708
0.631836 0.579372
0.633789 0.581036
0.635742 0.582698
0.637695 0.58436
0.639648 0.58602
0.641602 0.587679
0.643555 0.589337
0.645508 0.590994
0.647461 0.592649
0.649414 0.594304
0.651367 0.595957
0.65332 0.59761
0.655273 0.599261
0.657227 0.600911
0.65918 0.60256
0.661133 0.604207
0.663086 0.605854
0.665039 0.607499
0.666992 0.609143
0.668945 0.610786
0.670898 0.612428
0.672852 0.614069
0.674805 0.615708
0.676758 0.617346
0.678711 0.618983
0.680664 0.620619
0.682617 0.622254
0.68457 0.623887
0.686523 0.625519
0.688477 0.62715
0.69043 0.628779
0.692383 0.630408
0.694336 0.632035
0.696289 0.633661
0.698242 0.635286
0.700195 0.636909
0.702148 0.638531
0.704102 0.640152
0.706055 0.641771
0.708008 0.64339
0.709961 0.645007
0.711914 0.646622
0.713867 0.648237
0.71582 0.64985
0.717773 0.651461
0.719727 0.653072
0.72168 0.654681
0.723633 0.656289
0.725586 0.657895
0.727539 0.6595
0.729492 0.661104
0.731445 0.662706
0.733398 0.664307
0.735352 0.665907
0.737305 0.667505
0.739258 0.669102
0.741211 0.670697
0.743164 0.672291
0.745117 0.673884
0.74707 0.675475
0.749023 0.677065
0.750977 0.678653
0.75293 0.68024
0.754883 0.681825
0.756836 0.68341
0.758789 0.684992
0.760742 0.686573
0.762695 0.688153
0.764648 0.689731
0.766602 0.691308
0.768555 0.692883
0.770508 0.694457
0.772461 0.696029
0.774414 0.6976
0.776367 0.699169
0.77832 0.700737
0.780273 0.702303
0.782227 0.703867
0.78418 0.70543
0.786133 0.706992
0.788086 0.708552
0.790039 0.71011
0.791992 0.711667
0.793945 0.713222
0.795898 0.714776
0.797852 0.716328
0.799805 0.717878
0.801758 0.719427
0.803711 0.720974
0.805664 0.722519
0.807617 0.724063
0.80957 0.725605
0.811523 0.727146
0.813477 0.728685
0.81543 0.730222
0.817383 0.731757
0.819336 0.733291
0.821289 0.734823
0.823242 0.736354
0.825195 0.737882
0.827148 0.739409
0.829102 0.740934
0.831055 0.742457
0.833008 0.743979
0.834961 0.745499
0.836914 0.747017
0.838867 0.748533
0.84082 0.750047
0.842773 0.75156
0.844727 0.75307
0.84668 0.75458
0.848633 0.756086
0.850586 0.757593
0.852539 0.759094
0.854492 0.760598
0.856445 0.762095
0.858398 0.763597
0.860352 0.765087
0.862305 0.766588
0.864258 0.768071
0.866211 0.769573
0.868164 0.771045
0.870117 0.772551
0.87207 0.774009
0.874023 0.775525
0.875977 0.776961
0.87793 0.778497
0.879883 0.779897
0.881836 0.78147
0.883789 0.782813
0.885742 0.784451
0.887695 0.785701
0.889648 0.787449
0.891602 0.788545
0.893555 0.790484
0.895508 0.791324
0.897461 0.793585
0.899414 0.793997
0.901367 0.796804
0.90332 0.796499
0.905273 0.800226
0.907227 0.798721
0.90918 0.803994
0.911133 0.800482
0.913086 0.808351
0.915039 0.801482
0.916992 0.813705
0.918945 0.80123
0.920898 0.820751
0.922852 0.79893
0.924805 0.830686
0.926758 0.793321
0.928711 0.845605
0.930664 0.782478
0.932617 0.86928
0.93457 0.763679
0.936523 0.908753
0.938477 0.73368
0.94043 0.977745
0.942383 0.690377
0.944336 1.10389
0.946289 0.637743
0.948242 1.34175
0.950195 0.594406
0.952148 1.7815
0.954102 0.594658
0.956055 2.50626
0.958008 0.66477
0.959961 3.50082
0.961914 0.799878
0.963867 4.67225
0.96582 0.977493
0.967773 5.94078
0.969727 1.17913
0.97168 7.26162
0.973633 1.39427
0.975586 8.61189
0.977539 1.61739
0.979492 9.97964
0.981445 1.84546
0.983398 11.3583
0.985352 2.07678
0.987305 12.7441
0.989258 2.31032
0.991211 14.1348
0.993164 2.54541
0.995117 15.5287
0.99707 -0.145055
0.999023 -0.16517
1 0
