0 0
0.000976562 0.000925588
0.00292969 0.00277675
0.00488281 0.00462788
0.00683594 0.00647894
0.00878906 0.00832991
0.0107422 0.0101808
0.0126953 0.0120315
0.0146484 0.013882
0.0166016 0.0157324
0.0185547 0.0175826
0.0205078 0.0194325
0.0224609 0.0212822
0.0244141 0.0231317
0.0263672 0.0249808
0.0283203 0.0268297
0.0302734 0.0286782
0.0322266 0.0305264
0.0341797 0.0323743
0.0361328 0.0342218
0.0380859 0.036069
0.0400391 0.0379158
0.0419922 0.0397622
0.0439453 0.0416082
0.0458984 0.0434538
0.0478516 0.0452991
0.0498047 0.0471439
0.0517578 0.0489883
0.0537109 0.0508322
0.0556641 0.0526758
0.0576172 0.0545189
0.0595703 0.0563616
0.0615234 0.0582039
0.0634766 0.0600458
0.0654297 0.0618871
0.0673828 0.0637281
0.0693359 0.0655686
0.0712891 0.0674087
0.0732422 0.0692483
0.0751953 0.0710875
0.0771484 0.0729263
0.0791016 0.0747646
0.0810547 0.0766024
0.0830078 0.0784398
0.0849609 0.0802767
0.0869141 0.0821132
0.0888672 0.0839492
0.0908203 0.0857848
0.0927734 0.0876199
0.0947266 0.0894546
0.0966797 0.0912888
0.0986328 0.0931225
0.100586 0.0949558
0.102539 0.0967886
0.104492 0.098621
0.106445 0.100453
0.108398 0.102284
0.110352 0.104115
0.112305 0.105946
0.114258 0.107776
0.116211 0.109605
0.118164 0.111434
0.120117 0.113263
0.12207 0.115091
0.124023 0.116919
0.125977 0.118746
0.12793 0.120573
0.129883 0.122399
0.131836 0.124225
0.133789 0.12605
0.135742 0.127875
0.137695 0.129699
0.139648 0.131523
0.141602 0.133346
0.143555 0.135169
0.145508 0.136991
0.147461 0.138813
0.149414 0.140635
0.151367 0.142456
0.15332 0.144276
0.155273 0.146096
0.157227 0.147915
0.15918 0.149734
0.161133 0.151553
0.163086 0.153371
0.165039 0.155188
0.166992 0.157005
0.168945 0.158821
0.170898 0.160637
0.172852 0.162453
0.174805 0.164268
0.176758 0.166082
0.178711 0.167896
0.180664 0.169709
0.182617 0.171522
0.18457 0.173335
0.186523 0.175147
0.188477 0.176958
0.19043 0.178769
0.192383 0.180579
0.194336 0.182389
0.196289 0.184198
0.198242 0.186007
0.200195 0.187815
0.202148 0.189623
0.204102 0.19143
0.206055 0.193237
0.208008 0.195043
0.209961 0.196849
0.211914 0.198654
0.213867 0.200458
0.21582 0.202262
0.217773 0.204066
0.219727 0.205869
0.22168 0.207671
0.223633 0.209473
0.225586 0.211274
0.227539 0.213075
0.229492 0.214876
0.231445 0.216675
0.233398 0.218474
0.235352 0.220273
0.237305 0.222071
0.239258 0.223869
0.241211 0.225666
0.243164 0.227462
0.245117 0.229258
0.24707 0.231054
0.249023 0.232848
0.250977 0.234643
0.25293 0.236436
0.254883 0.238229
0.256836 0.240022
0.258789 0.241814
0.260742 0.243605
0.262695 0.245396
0.264648 0.247187
0.266602 0.248976
0.268555 0.250765
0.270508 0.252554
0.272461 0.254342
0.274414 0.256129
0.276367 0.257916
0.27832 0.259703
0.280273 0.261488
0.282227 0.263274
0.28418 0.265058
0.286133 0.266842
0.288086 0.268625
0.290039 0.270408
0.291992 0.27219
0.293945 0.273972
0.295898 0.275753
0.297852 0.277534
0.299805 0.279313
0.301758 0.281093
0.303711 0.282871
0.305664 0.284649
0.307617 0.286427
0.30957 0.288204
0.311523 0.28998
0.313477 0.291756
0.31543 0.293531
0.317383 0.295305
0.319336 0.297079
0.321289 0.298852
0.323242 0.300625
0.325195 0.302397
0.327148 0.304168
0.329102 0.305939
0.331055 0.307709
0.333008 0.309478
0.334961 0.311247
0.336914 0.313015
0.338867 0.314783
0.34082 0.31655
0.342773 0.318316
0.344727 0.320082
0.34668 0.321847
0.348633 0.323611
0.350586 0.325375
0.352539 0.327138
0.354492 0.328901
0.356445 0.330663
0.358398 0.332424
0.360352 0.334185
0.362305 0.335945
0.364258 0.337704
0.366211 0.339462
0.368164 0.34122
0.370117 0.342978
0.37207 0.344734
0.374023 0.34649
0.375977 0.348246
0.37793 0.35
0.379883 0.351754
0.381836 0.353508
0.383789 0.35526
0.385742 0.357012
0.387695 0.358764
0.389648 0.360514
0.391602 0.362264
0.393555 0.364014
0.395508 0.365762
0.397461 0.36751
0.399414 0.369257
0.401367 0.371004
0.40332 0.37275
0.405273 0.374495
0.407227 0.376239
0.40918 0.377983
0.411133 0.379726
0.413086 0.381468
0.415039 0.38321
0.416992 0.384951
0.418945 0.386691
0.420898 0.388431
0.422852 0.39017
0.424805 0.391908
0.426758 0.393645
0.428711 0.395382
0.430664 0.397118
0.432617 0.398853
0.43457 0.400587
0.436523 0.402321
0.438477 0.404054
0.44043 0.405786
0.442383 0.407518
0.444336 0.409249
0.446289 0.410979
0.448242 0.412708
0.450195 0.414437
0.452148 0.416165
0.454102 0.417892
0.456055 0.419618
0.458008 0.421344
0.459961 0.423069
0.461914 0.424793
0.463867 0.426516
0.46582 0.428239
0.467773 0.42996
0.469727 0.431681
0.47168 0.433402
0.473633 0.435121
0.475586 0.43684
0.477539 0.438558
0.479492 0.440275
0.481445 0.441991
0.483398 0.443707
0.485352 0.445422
0.487305 0.447136
0.489258 0.448849
0.491211 0.450561
0.493164 0.452273
0.495117 0.453984
0.49707 0.455694
0.499023 0.457403
0.500977 0.459111
0.50293 0.460819
0.504883 0.462526
0.506836 0.464232
0.508789 0.465937
0.510742 0.467641
0.512695 0.469345
0.514648 0.471047
0.516602 0.472749
0.518555 0.47445
0.520508 0.47615
0.522461 0.477849
0.524414 0.479548
0.526367 0.481246
0.52832 0.482942
0.530273 0.484638
0.532227 0.486333
0.53418 0.488028
0.536133 0.489721
0.538086 0.491413
0.540039 0.493105
0.541992 0.494796
0.543945 0.496486
0.545898 0.498175
0.547852 0.499863
0.549805 0.50155
0.551758 0.503236
0.553711 0.504922
0.555664 0.506606
0.557617 0.50829
0.55957 0.509973
0.561523 0.511655
0.563477 0.513336
0.56543 0.515016
0.567383 0.516695
0.569336 0.518373
0.571289 0.520051
0.573242 0.521727
0.575195 0.523403
0.577148 0.525077
0.579102 0.526751
0.581055 0.528423
0.583008 0.530095
0.584961 0.531766
0.586914 0.533436
0.588867 0.535105
0.59082 0.536773
0.592773 0.53844
0.594727 0.540106
0.59668 0.541771
0.598633 0.543435
0.600586 0.545098
0.602539 0.54676
0.604492 0.548422
0.606445 0.550082
0.608398 0.551741
0.610352 0.553399
0.612305 0.555057
0.614258 0.556713
0.616211 0.558368
0.618164 0.560023
0.620117 0.561676
0.62207 0.563328
0.624023 0.564979
0.625977 0.56663
0.62793 0.568279
0.629883 0.569927
0.631836 0.571574
0.633789 0.57322
0.635742 0.574865
0.637695 0.576509
0.639648 0.578152
0.641602 0.579794
0.643555 0.581435
0.645508 0.583075
0.647461 0.584714
0.649414 0.586352
0.651367 0.587988
0.65332 0.589624
0.655273 0.591258
0.657227 0.592892
0.65918 0.594524
0.661133 0.596155
0.663086 0.597785
0.665039 0.599414
0.666992 0.601042
0.668945 0.602669
0.670898 0.604294
0.672852 0.605919
0.674805 0.607542
0.676758 0.609165
0.678711 0.610786
0.680664 0.612406
0.682617 0.614025
0.68457 0.615642
0.686523 0.617259
0.688477 0.618874
0.69043 0.620489
0.692383 0.622102
0.694336 0.623714
0.696289 0.625324
0.698242 0.626934
0.700195 0.628542
0.702148 0.630149
0.704102 0.631755
0.706055 0.63336
0.708008 0.634964
0.709961 0.636566
0.711914 0.638167
0.713867 0.639767
0.71582 0.641365
0.717773 0.642963
0.719727 0.644559
0.72168 0.646154
0.723633 0.647748
0.725586 0.64934
0.727539 0.650931
0.729492 0.652521
0.731445 0.654109
0.733398 0.655697
0.735352 0.657283
0.737305 0.658868
0.739258 0.660451
0.741211 0.662033
0.743164 0.663614
0.745117 0.665193
0.74707 0.666772
0.749023 0.668348
0.750977 0.669924
0.75293 0.671498
0.754883 0.673071
0.756836 0.674642
0.758789 0.676212
0.760742 0.677781
0.762695 0.679348
0.764648 0.680914
0.766602 0.682479
0.768555 0.684042
0.770508 0.685604
0.772461 0.687164
0.774414 0.688723
0.776367 0.690281
0.77832 0.691837
0.780273 0.693392
0.782227 0.694945
0.78418 0.696497
0.786133 0.698047
0.788086 0.699596
0.790039 0.701143
0.791992 0.702689
0.793945 0.704233
0.795898 0.705776
0.797852 0.707318
0.799805 0.708858
0.801758 0.710396
0.803711 0.711933
0.805664 0.713468
0.807617 0.715002
0.80957 0.716534
0.811523 0.718065
0.813477 0.719594
0.81543 0.721122
0.817383 0.722648
0.819336 0.724172
0.821289 0.725695
0.823242 0.727216
0.825195 0.728736
0.827148 0.730254
0.829102 0.73177
0.831055 0.733285
0.833008 0.734798
0.834961 0.736309
0.836914 0.737819
0.838867 0.739327
0.84082 0.740833
0.842773 0.742338
0.844727 0.743841
0.84668 0.745343
0.848633 0.746841
0.850586 0.748341
0.852539 0.749835
0.854492 0.751331
0.856445 0.752821
0.858398 0.754316
0.860352 0.7558
0.862305 0.757294
0.864258 0.75877
0.866211 0.760265
0.868164 0.761732
0.870117 0.763232
0.87207 0.764684
0.874023 0.766194
0.875977 0.767625
0.87793 0.769154
0.879883 0.770551
0.881836 0.772116
0.883789 0.773457
0.885742 0.775086
0.887695 0.776335
0.889648 0.778075
0.891602 0.779171
0.893555 0.781101
0.895508 0.78194
0.897461 0.784196
0.899414 0.784603
0.901367 0.787411
0.90332 0.787091
0.905273 0.790836
0.907227 0.789292
0.90918 0.79462
0.911133 0.791015
0.913086 0.799018
0.915039 0.791946
0.916992 0.804461
0.918945 0.791566
0.920898 0.811688
0.922852 0.78903
0.924805 0.821983
0.926758 0.782995
0.928711 0.837612
0.930664 0.771417
0.932617 0.862694
0.93457 0.751427
0.936523 0.90502
0.938477 0.719729
0.94043 0.979967
0.942383 0.67465
0.944336 1.11882
0.946289 0.621938
0.948242 1.38295
0.950195 0.583649
0.952148 1.86854
0.954102 0.595623
0.956055 2.64832
0.958008 0.679614
0.959961 3.68529
0.961914 0.825221
0.963867 4.88167
0.96582 1.00918
0.967773 6.16389
0.969727 1.21448
0.97168 7.4924
0.973633 1.43181
0.975586 8.84714
0.977539 1.6563
0.979492 10.2176
0.981445 1.88527
0.983398 11.598
0.985352 2.1172
0.987305 12.9848
0.989258 2.35117
0.991211 14.3761
0.993164 2.58657
0.995117 15.7705
0.99707 -0.145064
0.999023 -0.165613
1 0
