0 0
0.000976562 0.000916903
0.00292969 0.0027507
0.00488281 0.00458445
0.00683594 0.00641815
0.00878906 0.00825175
0.0107422 0.0100853
0.0126953 0.0119186
0.0146484 0.0137518
0.0166016 0.0155849
0.0185547 0.0174177
0.0205078 0.0192503
0.0224609 0.0210827
0.0244141 0.0229148
0.0263672 0.0247467
0.0283203 0.0265783
0.0302734 0.0284095
0.0322266 0.0302405
0.0341797 0.0320711
0.0361328 0.0339014
0.0380859 0.0357313
0.0400391 0.0375609
0.0419922 0.0393901
0.0439453 0.0412189
0.0458984 0.0430474
0.0478516 0.0448754
0.0498047 0.0467031
0.0517578 0.0485303
0.0537109 0.0503572
0.0556641 0.0521836
0.0576172 0.0540097
0.0595703 0.0558353
0.0615234 0.0576605
0.0634766 0.0594852
0.0654297 0.0613096
0.0673828 0.0631335
0.0693359 0.064957
0.0712891 0.0667801
0.0732422 0.0686027
0.0751953 0.0704249
0.0771484 0.0722467
0.0791016 0.074068
0.0810547 0.0758889
0.0830078 0.0777094
0.0849609 0.0795294
0.0869141 0.0813489
0.0888672 0.0831681
0.0908203 0.0849868
0.0927734 0.086805
0.0947266 0.0886228
0.0966797 0.0904402
0.0986328 0.0922571
0.100586 0.0940735
0.102539 0.0958895
0.104492 0.0977051
0.106445 0.0995202
0.108398 0.101335
0.110352 0.103149
0.112305 0.104963
0.114258 0.106776
0.116211 0.108589
0.118164 0.110401
0.120117 0.112213
0.12207 0.114025
0.124023 0.115836
0.125977 0.117646
0.12793 0.119456
0.129883 0.121266
0.131836 0.123075
0.133789 0.124884
0.135742 0.126692
0.137695 0.1285
0.139648 0.130307
0.141602 0.132114
0.143555 0.13392
0.145508 0.135726
0.147461 0.137531
0.149414 0.139336
0.151367 0.141141
0.15332 0.142945
0.155273 0.144748
0.157227 0.146551
0.15918 0.148354
0.161133 0.150156
0.163086 0.151957
0.165039 0.153758
0.166992 0.155559
0.168945 0.157359
0.170898 0.159159
0.172852 0.160958
0.174805 0.162757
0.176758 0.164555
0.178711 0.166352
0.180664 0.168149
0.182617 0.169946
0.18457 0.171742
0.186523 0.173538
0.188477 0.175333
0.19043 0.177128
0.192383 0.178922
0.194336 0.180716
0.196289 0.182509
0.198242 0.184302
0.200195 0.186094
0.202148 0.187885
0.204102 0.189677
0.206055 0.191467
0.208008 0.193257
0.209961 0.195047
0.211914 0.196836
0.213867 0.198625
0.21582 0.200413
0.217773 0.2022
0.219727 0.203987
0.22168 0.205774
0.223633 0.20756
0.225586 0.209345
0.227539 0.21113
0.229492 0.212915
0.231445 0.214699
0.233398 0.216482
0.235352 0.218265
0.237305 0.220047
0.239258 0.221829
0.241211 0.22361
0.243164 0.225391
0.245117 0.227171
0.24707 0.228951
0.249023 0.23073
0.250977 0.232508
0.25293 0.234286
0.254883 0.236064
0.256836 0.237841
0.258789 0.239617
0.260742 0.241393
0.262695 0.243168
0.264648 0.244943
0.266602 0.246717
0.268555 0.248491
0.270508 0.250264
0.272461 0.252037
0.274414 0.253809
0.276367 0.25558
0.27832 0.257351
0.280273 0.259121
0.282227 0.260891
0.28418 0.26266
0.286133 0.264429
0.288086 0.266197
0.290039 0.267964
0.291992 0.269731
0.293945 0.271497
0.295898 0.273263
0.297852 0.275028
0.299805 0.276793
0.301758 0.278557
0.303711 0.28032
0.305664 0.282083
0.307617 0.283846
0.30957 0.285607
0.311523 0.287368
0.313477 0.289129
0.31543 0.290889
0.317383 0.292648
0.319336 0.294407
0.321289 0.296165
0.323242 0.297923
0.325195 0.29968
0.327148 0.301436
0.329102 0.303192
0.331055 0.304947
0.333008 0.306702
0.334961 0.308456
0.336914 0.310209
0.338867 0.311962
0.34082 0.313714
0.342773 0.315465
0.344727 0.317216
0.34668 0.318966
0.348633 0.320716
0.350586 0.322465
0.352539 0.324214
0.354492 0.325961
0.356445 0.327709
0.358398 0.329455
0.360352 0.331201
0.362305 0.332946
0.364258 0.334691
0.366211 0.336435
0.368164 0.338179
0.370117 0.339921
0.37207 0.341664
0.374023 0.343405
0.375977 0.345146
0.37793 0.346886
0.379883 0.348626
0.381836 0.350365
0.383789 0.352103
0.385742 0.35384
0.387695 0.355577
0.389648 0.357314
0.391602 0.359049
0.393555 0.360784
0.395508 0.362519
0.397461 0.364252
0.399414 0.365985
0.401367 0.367718
0.40332 0.369449
0.405273 0.37118
0.407227 0.372911
0.40918 0.37464
0.411133 0.376369
0.413086 0.378097
0.415039 0.379825
0.416992 0.381552
0.418945 0.383278
0.420898 0.385004
0.422852 0.386729
0.424805 0.388453
0.426758 0.390176
0.428711 0.391899
0.430664 0.393621
0.432617 0.395342
0.43457 0.397063
0.436523 0.398783
0.438477 0.400502
0.44043 0.402221
0.442383 0.403939
0.444336 0.405656
0.446289 0.407372
0.448242 0.409088
0.450195 0.410803
0.452148 0.412517
0.454102 0.414231
0.456055 0.415944
0.458008 0.417656
0.459961 0.419367
0.461914 0.421078
0.463867 0.422787
0.46582 0.424497
0.467773 0.426205
0.469727 0.427913
0.47168 0.42962
0.473633 0.431326
0.475586 0.433031
0.477539 0.434736
0.479492 0.43644
0.481445 0.438143
0.483398 0.439845
0.485352 0.441547
0.487305 0.443248
0.489258 0.444948
0.491211 0.446647
0.493164 0.448346
0.495117 0.450043
0.49707 0.45174
0.499023 0.453437
0.500977 0.455132
0.50293 0.456827
0.504883 0.458521
0.506836 0.460214
0.508789 0.461906
0.510742 0.463597
0.512695 0.465288
0.514648 0.466978
0.516602 0.468667
0.518555 0.470355
0.520508 0.472043
0.522461 0.473729
0.524414 0.475415
0.526367 0.4771
0.52832 0.478785
0.530273 0.480468
0.532227 0.48215
0.53418 0.483832
0.536133 0.485513
0.538086 0.487193
0.540039 0.488872
0.541992 0.490551
0.543945 0.492228
0.545898 0.493905
0.547852 0.495581
0.549805 0.497256
0.551758 0.49893
0.553711 0.500603
0.555664 0.502276
0.557617 0.503947
0.55957 0.505618
0.561523 0.507288
0.563477 0.508957
0.56543 0.510625
0.567383 0.512292
0.569336 0.513958
0.571289 0.515624
0.573242 0.517288
0.575195 0.518952
0.577148 0.520615
0.579102 0.522276
0.581055 0.523937
0.583008 0.525597
0.584961 0.527257
0.586914 0.528915
0.588867 0.530572
0.59082 0.532229
0.592773 0.533884
0.594727 0.535539
0.59668 0.537192
0.598633 0.538845
0.600586 0.540497
0.602539 0.542147
0.604492 0.543797
0.606445 0.545446
0.608398 0.547094
0.610352 0.548741
0.612305 0.550387
0.614258 0.552032
0.616211 0.553677
0.618164 0.55532
0.620117 0.556962
0.62207 0.558603
0.624023 0.560243
0.625977 0.561883
0.62793 0.563521
0.629883 0.565158
0.631836 0.566795
0.633789 0.56843
0.635742 0.570064
0.637695 0.571698
0.639648 0.57333
0.641602 0.574961
0.643555 0.576591
0.645508 0.578221
0.647461 0.579849
0.649414 0.581476
0.651367 0.583102
0.65332 0.584727
0.655273 0.586351
0.657227 0.587974
0.65918 0.589596
0.661133 0.591217
0.663086 0.592837
0.665039 0.594456
0.666992 0.596074
0.668945 0.59769
0.670898 0.599306
0.672852 0.600921
0.674805 0.602534
0.676758 0.604146
0.678711 0.605758
0.680664 0.607368
0.682617 0.608977
0.68457 0.610585
0.686523 0.612191
0.688477 0.613797
0.69043 0.615402
0.692383 0.617005
0.694336 0.618608
0.696289 0.620209
0.698242 0.621809
0.700195 0.623408
0.702148 0.625006
0.704102 0.626602
0.706055 0.628198
0.708008 0.629792
0.709961 0.631385
0.711914 0.632977
0.713867 0.634568
0.71582 0.636157
0.717773 0.637746
0.719727 0.639333
0.72168 0.640919
0.723633 0.642504
0.725586 0.644087
0.727539 0.64567
0.729492 0.647251
0.731445 0.648831
0.733398 0.650409
0.735352 0.651987
0.737305 0.653563
0.739258 0.655138
0.741211 0.656712
0.743164 0.658284
0.745117 0.659855
0.74707 0.661425
0.749023 0.662994
0.750977 0.664561
0.75293 0.666127
0.754883 0.667692
0.756836 0.669255
0.758789 0.670817
0.760742 0.672378
0.762695 0.673938
0.764648 0.675496
0.766602 0.677053
0.768555 0.678608
0.770508 0.680162
0.772461 0.681715
0.774414 0.683266
0.776367 0.684817
0.77832 0.686365
0.780273 0.687913
0.782227 0.689458
0.78418 0.691003
0.786133 0.692546
0.788086 0.694088
0.790039 0.695628
0.791992 0.697167
0.793945 0.698705
0.795898 0.700241
0.797852 0.701775
0.799805 0.703309
0.801758 0.70484
0.803711 0.706371
0.805664 0.707899
0.807617 0.709427
0.80957 0.710952
0.811523 0.712477
0.813477 0.714
0.81543 0.715521
0.817383 0.717041
0.819336 0.718559
0.821289 0.720076
0.823242 0.721591
0.825195 0.723105
0.827148 0.724617
0.829102 0.726127
0.831055 0.727636
0.833008 0.729144
0.834961 0.73065
0.836914 0.732154
0.838867 0.733657
0.84082 0.735157
0.842773 0.736657
0.844727 0.738154
0.84668 0.739651
0.848633 0.741145
0.850586 0.742639
0.852539 0.744128
0.854492 0.74562
0.856445 0.747105
0.858398 0.748595
0.860352 0.750074
0.862305 0.751563
0.864258 0.753036
0.866211 0.754526
0.868164 0.755989
0.870117 0.757484
0.87207 0.758933
0.874023 0.760438
0.875977 0.761866
0.87793 0.76339
0.879883 0.764784
0.881836 0.766344
0.883789 0.767684
0.885742 0.769307
0.887695 0.770555
0.889648 0.772288
0.891602 0.773384
0.893555 0.775308
0.895508 0.776147
0.897461 0.778397
0.899414 0.778803
0.901367 0.781609
0.90332 0.781282
0.905273 0.785034
0.907227 0.783468
0.90918 0.788827
0.911133 0.785168
0.913086 0.793248
0.915039 0.786055
0.916992 0.798744
0.918945 0.785594
0.920898 0.806084
0.922852 0.782909
0.924805 0.816606
0.926758 0.776605
0.928711 0.832686
0.930664 0.76456
0.932617 0.858678
0.93457 0.743816
0.936523 0.902871
0.938477 0.711056
0.94043 0.98177
0.942383 0.664941
0.944336 1.12913
0.946289 0.612458
0.948242 1.41081
0.950195 0.577835
0.952148 1.926
0.954102 0.597423
0.956055 2.73909
0.958008 0.689757
0.959961 3.80028
0.961914 0.841353
0.963867 5.01055
0.96582 1.02885
0.967773 6.30038
0.969727 1.2362
0.97168 7.63317
0.973633 1.45477
0.975586 8.99043
0.977539 1.68003
0.979492 10.3624
0.981445 1.90952
0.983398 11.7437
0.985352 2.14181
0.987305 13.1312
0.989258 2.37602
0.991211 14.5229
0.993164 2.6116
0.995117 15.9175
0.99707 -0.14507
0.999023 -0.165878
1 0
