0 0
0.000976562 0.000910071
0.00292969 0.0027302
0.00488281 0.00455029
0.00683594 0.00637033
0.00878906 0.00819028
0.0107422 0.0100101
0.0126953 0.0118298
0.0146484 0.0136494
0.0166016 0.0154688
0.0185547 0.017288
0.0205078 0.019107
0.0224609 0.0209257
0.0244141 0.0227443
0.0263672 0.0245625
0.0283203 0.0263805
0.0302734 0.0281982
0.0322266 0.0300155
0.0341797 0.0318326
0.0361328 0.0336493
0.0380859 0.0354657
0.0400391 0.0372817
0.0419922 0.0390974
0.0439453 0.0409127
0.0458984 0.0427276
0.0478516 0.0445422
0.0498047 0.0463563
0.0517578 0.0481701
0.0537109 0.0499835
0.0556641 0.0517965
0.0576172 0.053609
0.0595703 0.0554212
0.0615234 0.0572329
0.0634766 0.0590443
0.0654297 0.0608552
0.0673828 0.0626657
0.0693359 0.0644758
0.0712891 0.0662855
0.0732422 0.0680948
0.0751953 0.0699036
0.0771484 0.071712
0.0791016 0.07352
0.0810547 0.0753276
0.0830078 0.0771347
0.0849609 0.0789414
0.0869141 0.0807476
0.0888672 0.0825535
0.0908203 0.0843589
0.0927734 0.0861639
0.0947266 0.0879684
0.0966797 0.0897725
0.0986328 0.0915761
0.100586 0.0933794
0.102539 0.0951822
0.104492 0.0969845
0.106445 0.0987864
0.108398 0.100588
0.110352 0.102389
0.112305 0.104189
0.114258 0.10599
0.116211 0.107789
0.118164 0.109589
0.120117 0.111387
0.12207 0.113186
0.124023 0.114984
0.125977 0.116781
0.12793 0.118578
0.129883 0.120374
0.131836 0.122171
0.133789 0.123966
0.135742 0.125761
0.137695 0.127556
0.139648 0.12935
0.141602 0.131144
0.143555 0.132937
0.145508 0.13473
0.147461 0.136523
0.149414 0.138315
0.151367 0.140106
0.15332 0.141897
0.155273 0.143688
0.157227 0.145478
0.15918 0.147267
0.161133 0.149057
0.163086 0.150845
0.165039 0.152633
0.166992 0.154421
0.168945 0.156208
0.170898 0.157995
0.172852 0.159781
0.174805 0.161567
0.176758 0.163353
0.178711 0.165137
0.180664 0.166922
0.182617 0.168706
0.18457 0.170489
0.186523 0.172272
0.188477 0.174054
0.19043 0.175836
0.192383 0.177618
0.194336 0.179399
0.196289 0.181179
0.198242 0.182959
0.200195 0.184739
0.202148 0.186518
0.204102 0.188296
0.206055 0.190074
0.208008 0.191852
0.209961 0.193629
0.211914 0.195405
0.213867 0.197181
0.21582 0.198957
0.217773 0.200732
0.219727 0.202506
0.22168 0.20428
0.223633 0.206054
0.225586 0.207827
0.227539 0.209599
0.229492 0.211371
0.231445 0.213142
0.233398 0.214913
0.235352 0.216684
0.237305 0.218454
0.239258 0.220223
0.241211 0.221992
0.243164 0.22376
0.245117 0.225528
0.24707 0.227295
0.249023 0.229062
0.250977 0.230828
0.25293 0.232594
0.254883 0.234359
0.256836 0.236124
0.258789 0.237888
0.260742 0.239651
0.262695 0.241414
0.264648 0.243177
0.266602 0.244939
0.268555 0.2467
0.270508 0.248461
0.272461 0.250221
0.274414 0.251981
0.276367 0.25374
0.27832 0.255499
0.280273 0.257257
0.282227 0.259015
0.28418 0.260772
0.286133 0.262528
0.288086 0.264284
0.290039 0.26604
0.291992 0.267795
0.293945 0.269549
0.295898 0.271302
0.297852 0.273056
0.299805 0.274808
0.301758 0.27656
0.303711 0.278312
0.305664 0.280063
0.307617 0.281813
0.30957 0.283563
0.311523 0.285312
0.313477 0.287061
0.31543 0.288809
0.317383 0.290556
0.319336 0.292303
0.321289 0.294049
0.323242 0.295795
0.325195 0.29754
0.327148 0.299285
0.329102 0.301029
0.331055 0.302772
0.333008 0.304515
0.334961 0.306257
0.336914 0.307999
0.338867 0.30974
0.34082 0.31148
0.342773 0.31322
0.344727 0.314959
0.34668 0.316698
0.348633 0.318436
0.350586 0.320173
0.352539 0.32191
0.354492 0.323646
0.356445 0.325382
0.358398 0.327117
0.360352 0.328851
0.362305 0.330585
0.364258 0.332318
0.366211 0.334051
0.368164 0.335783
0.370117 0.337514
0.37207 0.339245
0.374023 0.340975
0.375977 0.342704
0.37793 0.344433
0.379883 0.346161
0.381836 0.347888
0.383789 0.349615
0.385742 0.351342
0.387695 0.353067
0.389648 0.354792
0.391602 0.356517
0.393555 0.35824
0.395508 0.359963
0.397461 0.361686
0.399414 0.363408
0.401367 0.365129
0.40332 0.366849
0.405273 0.368569
0.407227 0.370288
0.40918 0.372007
0.411133 0.373724
0.413086 0.375442
0.415039 0.377158
0.416992 0.378874
0.418945 0.380589
0.420898 0.382304
0.422852 0.384017
0.424805 0.385731
0.426758 0.387443
0.428711 0.389155
0.430664 0.390866
0.432617 0.392576
0.43457 0.394286
0.436523 0.395995
0.438477 0.397704
0.44043 0.399411
0.442383 0.401118
0.444336 0.402825
0.446289 0.40453
0.448242 0.406235
0.450195 0.407939
0.452148 0.409643
0.454102 0.411346
0.456055 0.413048
0.458008 0.414749
0.459961 0.41645
0.461914 0.41815
0.463867 0.419849
0.46582 0.421547
0.467773 0.423245
0.469727 0.424942
0.47168 0.426639
0.473633 0.428334
0.475586 0.430029
0.477539 0.431723
0.479492 0.433417
0.481445 0.435109
0.483398 0.436801
0.485352 0.438492
0.487305 0.440183
0.489258 0.441873
0.491211 0.443562
0.493164 0.44525
0.495117 0.446937
0.49707 0.448624
0.499023 0.45031
0.500977 0.451995
0.50293 0.453679
0.504883 0.455363
0.506836 0.457046
0.508789 0.458728
0.510742 0.460409
0.512695 0.46209
0.514648 0.46377
0.516602 0.465449
0.518555 0.467127
0.520508 0.468804
0.522461 0.470481
0.524414 0.472157
0.526367 0.473832
0.52832 0.475506
0.530273 0.477179
0.532227 0.478852
0.53418 0.480524
0.536133 0.482195
0.538086 0.483865
0.540039 0.485534
0.541992 0.487203
0.543945 0.488871
0.545898 0.490538
0.547852 0.492204
0.549805 0.493869
0.551758 0.495534
0.553711 0.497197
0.555664 0.49886
0.557617 0.500522
0.55957 0.502183
0.561523 0.503843
0.563477 0.505503
0.56543 0.507161
0.567383 0.508819
0.569336 0.510476
0.571289 0.512132
0.573242 0.513787
0.575195 0.515441
0.577148 0.517094
0.579102 0.518747
0.581055 0.520399
0.583008 0.522049
0.584961 0.523699
0.586914 0.525348
0.588867 0.526996
0.59082 0.528643
0.592773 0.53029
0.594727 0.531935
0.59668 0.53358
0.598633 0.535223
0.600586 0.536866
0.602539 0.538508
0.604492 0.540148
0.606445 0.541788
0.608398 0.543427
0.610352 0.545065
0.612305 0.546703
0.614258 0.548339
0.616211 0.549974
0.618164 0.551608
0.620117 0.553242
0.62207 0.554874
0.624023 0.556506
0.625977 0.558136
0.62793 0.559766
0.629883 0.561395
0.631836 0.563022
0.633789 0.564649
0.635742 0.566275
0.637695 0.567899
0.639648 0.569523
0.641602 0.571146
0.643555 0.572768
0.645508 0.574389
0.647461 0.576008
0.649414 0.577627
0.651367 0.579245
0.65332 0.580862
0.655273 0.582478
0.657227 0.584092
0.65918 0.585706
0.661133 0.587319
0.663086 0.588931
0.665039 0.590541
0.666992 0.592151
0.668945 0.593759
0.670898 0.595367
0.672852 0.596973
0.674805 0.598579
0.676758 0.600183
0.678711 0.601787
0.680664 0.603389
0.682617 0.60499
0.68457 0.60659
0.686523 0.608189
0.688477 0.609787
0.69043 0.611384
0.692383 0.61298
0.694336 0.614575
0.696289 0.616168
0.698242 0.617761
0.700195 0.619352
0.702148 0.620942
0.704102 0.622531
0.706055 0.624119
0.708008 0.625706
0.709961 0.627292
0.711914 0.628877
0.713867 0.63046
0.71582 0.632042
0.717773 0.633623
0.719727 0.635203
0.72168 0.636782
0.723633 0.63836
0.725586 0.639936
0.727539 0.641512
0.729492 0.643086
0.731445 0.644659
0.733398 0.64623
0.735352 0.647801
0.737305 0.64937
0.739258 0.650938
0.741211 0.652505
0.743164 0.654071
0.745117 0.655635
0.74707 0.657199
0.749023 0.658761
0.750977 0.660321
0.75293 0.661881
0.754883 0.663439
0.756836 0.664996
0.758789 0.666552
0.760742 0.668106
0.762695 0.669659
0.764648 0.671211
0.766602 0.672762
0.768555 0.674311
0.770508 0.675859
0.772461 0.677406
0.774414 0.678951
0.776367 0.680495
0.77832 0.682038
0.780273 0.683579
0.782227 0.685119
0.78418 0.686658
0.786133 0.688195
0.788086 0.689731
0.790039 0.691266
0.791992 0.692799
0.793945 0.694331
0.795898 0.695861
0.797852 0.69739
0.799805 0.698918
0.801758 0.700444
0.803711 0.701969
0.805664 0.703493
0.807617 0.705015
0.80957 0.706535
0.811523 0.708054
0.813477 0.709572
0.81543 0.711088
0.817383 0.712603
0.819336 0.714116
0.821289 0.715628
0.823242 0.717138
0.825195 0.718647
0.827148 0.720154
0.829102 0.72166
0.831055 0.723164
0.833008 0.724667
0.834961 0.726168
0.836914 0.727668
0.838867 0.729166
0.84082 0.730663
0.842773 0.732158
0.844727 0.733651
0.84668 0.735143
0.848633 0.736633
0.850586 0.738123
0.852539 0.739608
0.854492 0.741096
0.856445 0.742577
0.858398 0.744062
0.860352 0.745538
0.862305 0.747023
0.864258 0.748492
0.866211 0.749979
0.868164 0.751438
0.870117 0.752929
0.87207 0.754375
0.874023 0.755876
0.875977 0.757301
0.87793 0.758821
0.879883 0.760213
0.881836 0.761768
0.883789 0.763106
0.885742 0.764725
0.887695 0.765972
0.889648 0.7677
0.891602 0.768796
0.893555 0.770714
0.895508 0.771553
0.897461 0.773798
0.899414 0.774202
0.901367 0.777006
0.90332 0.776674
0.905273 0.780431
0.907227 0.778849
0.90918 0.784229
0.911133 0.780529
0.913086 0.788668
0.915039 0.781382
0.916992 0.794207
0.918945 0.780856
0.920898 0.801636
0.922852 0.778051
0.924805 0.812339
0.926758 0.77153
0.928711 0.828787
0.930664 0.759107
0.932617 0.855523
0.93457 0.737753
0.936523 0.90126
0.938477 0.704147
0.94043 0.983454
0.942383 0.657248
0.944336 1.13796
0.946289 0.605113
0.948242 1.43431
0.950195 0.573699
0.952148 1.97361
0.954102 0.599496
0.956055 2.81262
0.958008 0.698293
0.959961 3.89196
0.961914 0.85438
0.963867 5.11251
0.96582 1.04451
0.967773 6.40795
0.969727 1.25338
0.97168 7.74392
0.973633 1.47286
0.975586 9.10306
0.977539 1.69871
0.979492 10.4762
0.981445 1.92859
0.983398 11.8583
0.985352 2.16114
0.987305 13.2462
0.989258 2.39554
0.991211 14.6381
0.993164 2.63126
0.995117 16.0329
0.99707 -0.145074
0.999023 -0.166083
1 0
