0 0
0.000976562 0.000900841
0.00292969 0.00270251
0.00488281 0.00450415
0.00683594 0.00630573
0.00878906 0.00810723
0.0107422 0.00990863
0.0126953 0.0117099
0.0146484 0.013511
0.0166016 0.015312
0.0185547 0.0171128
0.0205078 0.0189134
0.0224609 0.0207137
0.0244141 0.0225138
0.0263672 0.0243137
0.0283203 0.0261133
0.0302734 0.0279126
0.0322266 0.0297116
0.0341797 0.0315103
0.0361328 0.0333087
0.0380859 0.0351068
0.0400391 0.0369045
0.0419922 0.0387019
0.0439453 0.0404989
0.0458984 0.0422956
0.0478516 0.0440919
0.0498047 0.0458878
0.0517578 0.0476834
0.0537109 0.0494785
0.0556641 0.0512733
0.0576172 0.0530677
0.0595703 0.0548617
0.0615234 0.0566553
0.0634766 0.0584485
0.0654297 0.0602413
0.0673828 0.0620337
0.0693359 0.0638257
0.0712891 0.0656173
0.0732422 0.0674085
0.0751953 0.0691992
0.0771484 0.0709896
0.0791016 0.0727795
0.0810547 0.0745691
0.0830078 0.0763582
0.0849609 0.0781469
0.0869141 0.0799351
0.0888672 0.081723
0.0908203 0.0835105
0.0927734 0.0852975
0.0947266 0.0870841
0.0966797 0.0888703
0.0986328 0.090656
0.100586 0.0924413
0.102539 0.0942263
0.104492 0.0960107
0.106445 0.0977948
0.108398 0.0995784
0.110352 0.101362
0.112305 0.103144
0.114258 0.104927
0.116211 0.106709
0.118164 0.10849
0.120117 0.110271
0.12207 0.112052
0.124023 0.113832
0.125977 0.115612
0.12793 0.117391
0.129883 0.11917
0.131836 0.120948
0.133789 0.122726
0.135742 0.124504
0.137695 0.126281
0.139648 0.128057
0.141602 0.129834
0.143555 0.131609
0.145508 0.133385
0.147461 0.135159
0.149414 0.136934
0.151367 0.138708
0.15332 0.140481
0.155273 0.142254
0.157227 0.144027
0.15918 0.145799
0.161133 0.147571
0.163086 0.149342
0.165039 0.151113
0.166992 0.152883
0.168945 0.154653
0.170898 0.156422
0.172852 0.158191
0.174805 0.15996
0.176758 0.161728
0.178711 0.163495
0.180664 0.165262
0.182617 0.167029
0.18457 0.168795
0.186523 0.170561
0.188477 0.172326
0.19043 0.174091
0.192383 0.175855
0.194336 0.177619
0.196289 0.179382
0.198242 0.181145
0.200195 0.182907
0.202148 0.184669
0.204102 0.18643
0.206055 0.188191
0.208008 0.189952
0.209961 0.191712
0.211914 0.193471
0.213867 0.19523
0.21582 0.196989
0.217773 0.198747
0.219727 0.200504
0.22168 0.202261
0.223633 0.204018
0.225586 0.205774
0.227539 0.207529
0.229492 0.209284
0.231445 0.211039
0.233398 0.212793
0.235352 0.214546
0.237305 0.216299
0.239258 0.218052
0.241211 0.219804
0.243164 0.221555
0.245117 0.223306
0.24707 0.225057
0.249023 0.226807
0.250977 0.228556
0.25293 0.230305
0.254883 0.232054
0.256836 0.233802
0.258789 0.235549
0.260742 0.237296
0.262695 0.239043
0.264648 0.240788
0.266602 0.242534
0.268555 0.244279
0.270508 0.246023
0.272461 0.247767
0.274414 0.24951
0.276367 0.251253
0.27832 0.252995
0.280273 0.254737
0.282227 0.256478
0.28418 0.258218
0.286133 0.259959
0.288086 0.261698
0.290039 0.263437
0.291992 0.265176
0.293945 0.266914
0.295898 0.268651
0.297852 0.270388
0.299805 0.272124
0.301758 0.27386
0.303711 0.275595
0.305664 0.27733
0.307617 0.279064
0.30957 0.280798
0.311523 0.282531
0.313477 0.284263
0.31543 0.285995
0.317383 0.287726
0.319336 0.289457
0.321289 0.291187
0.323242 0.292917
0.325195 0.294646
0.327148 0.296375
0.329102 0.298103
0.331055 0.29983
0.333008 0.301557
0.334961 0.303283
0.336914 0.305009
0.338867 0.306734
0.34082 0.308459
0.342773 0.310183
0.344727 0.311906
0.34668 0.313629
0.348633 0.315351
0.350586 0.317073
0.352539 0.318794
0.354492 0.320514
0.356445 0.322234
0.358398 0.323953
0.360352 0.325672
0.362305 0.32739
0.364258 0.329108
0.366211 0.330825
0.368164 0.332541
0.370117 0.334257
0.37207 0.335972
0.374023 0.337686
0.375977 0.3394
0.37793 0.341114
0.379883 0.342826
0.381836 0.344538
0.383789 0.34625
0.385742 0.347961
0.387695 0.349671
0.389648 0.351381
0.391602 0.35309
0.393555 0.354798
0.395508 0.356506
0.397461 0.358213
0.399414 0.359919
0.401367 0.361625
0.40332 0.363331
0.405273 0.365035
0.407227 0.366739
0.40918 0.368443
0.411133 0.370145
0.413086 0.371847
0.415039 0.373549
0.416992 0.37525
0.418945 0.37695
0.420898 0.378649
0.422852 0.380348
0.424805 0.382046
0.426758 0.383744
0.428711 0.385441
0.430664 0.387137
0.432617 0.388833
0.43457 0.390528
0.436523 0.392222
0.438477 0.393915
0.44043 0.395608
0.442383 0.397301
0.444336 0.398992
0.446289 0.400683
0.448242 0.402373
0.450195 0.404063
0.452148 0.405752
0.454102 0.40744
0.456055 0.409128
0.458008 0.410814
0.459961 0.412501
0.461914 0.414186
0.463867 0.415871
0.46582 0.417555
0.467773 0.419238
0.469727 0.420921
0.47168 0.422603
0.473633 0.424284
0.475586 0.425965
0.477539 0.427645
0.479492 0.429324
0.481445 0.431002
0.483398 0.43268
0.485352 0.434357
0.487305 0.436033
0.489258 0.437709
0.491211 0.439384
0.493164 0.441058
0.495117 0.442731
0.49707 0.444404
0.499023 0.446076
0.500977 0.447747
0.50293 0.449418
0.504883 0.451087
0.506836 0.452756
0.508789 0.454425
0.510742 0.456092
0.512695 0.457759
0.514648 0.459425
0.516602 0.46109
0.518555 0.462755
0.520508 0.464418
0.522461 0.466081
0.524414 0.467744
0.526367 0.469405
0.52832 0.471066
0.530273 0.472726
0.532227 0.474385
0.53418 0.476043
0.536133 0.477701
0.538086 0.479357
0.540039 0.481013
0.541992 0.482669
0.543945 0.484323
0.545898 0.485977
0.547852 0.48763
0.549805 0.489282
0.551758 0.490933
0.553711 0.492583
0.555664 0.494233
0.557617 0.495882
0.55957 0.49753
0.561523 0.499177
0.563477 0.500823
0.56543 0.502469
0.567383 0.504114
0.569336 0.505758
0.571289 0.507401
0.573242 0.509043
0.575195 0.510684
0.577148 0.512325
0.579102 0.513965
0.581055 0.515603
0.583008 0.517242
0.584961 0.518879
0.586914 0.520515
0.588867 0.522151
0.59082 0.523785
0.592773 0.525419
0.594727 0.527052
0.59668 0.528684
0.598633 0.530315
0.600586 0.531945
0.602539 0.533575
0.604492 0.535203
0.606445 0.536831
0.608398 0.538458
0.610352 0.540083
0.612305 0.541708
0.614258 0.543333
0.616211 0.544956
0.618164 0.546578
0.620117 0.548199
0.62207 0.54982
0.624023 0.551439
0.625977 0.553058
0.62793 0.554676
0.629883 0.556292
0.631836 0.557908
0.633789 0.559523
0.635742 0.561137
0.637695 0.56275
0.639648 0.564362
0.641602 0.565973
0.643555 0.567584
0.645508 0.569193
0.647461 0.570801
0.649414 0.572408
0.651367 0.574015
0.65332 0.57562
0.655273 0.577225
0.657227 0.578828
0.65918 0.580431
0.661133 0.582032
0.663086 0.583633
0.665039 0.585232
0.666992 0.586831
0.668945 0.588428
0.670898 0.590025
0.672852 0.59162
0.674805 0.593215
0.676758 0.594808
0.678711 0.596401
0.680664 0.597992
0.682617 0.599582
0.68457 0.601172
0.686523 0.60276
0.688477 0.604347
0.69043 0.605934
0.692383 0.607519
0.694336 0.609103
0.696289 0.610686
0.698242 0.612268
0.700195 0.613849
0.702148 0.615429
0.704102 0.617008
0.706055 0.618586
0.708008 0.620162
0.709961 0.621738
0.711914 0.623312
0.713867 0.624886
0.71582 0.626458
0.717773 0.628029
0.719727 0.629599
0.72168 0.631168
0.723633 0.632736
0.725586 0.634303
0.727539 0.635868
0.729492 0.637433
0.731445 0.638996
0.733398 0.640558
0.735352 0.642119
0.737305 0.643679
0.739258 0.645238
0.741211 0.646795
0.743164 0.648352
0.745117 0.649907
0.74707 0.651461
0.749023 0.653013
0.750977 0.654565
0.75293 0.656116
0.754883 0.657665
0.756836 0.659213
0.758789 0.660759
0.760742 0.662305
0.762695 0.663849
0.764648 0.665392
0.766602 0.666934
0.768555 0.668475
0.770508 0.670014
0.772461 0.671553
0.774414 0.673089
0.776367 0.674625
0.77832 0.676159
0.780273 0.677692
0.782227 0.679224
0.78418 0.680755
0.786133 0.682284
0.788086 0.683812
0.790039 0.685338
0.791992 0.686864
0.793945 0.688388
0.795898 0.68991
0.797852 0.691431
0.799805 0.692951
0.801758 0.69447
0.803711 0.695987
0.805664 0.697503
0.807617 0.699018
0.80957 0.700531
0.811523 0.702043
0.813477 0.703553
0.81543 0.705062
0.817383 0.70657
0.819336 0.708076
0.821289 0.709581
0.823242 0.711084
0.825195 0.712586
0.827148 0.714086
0.829102 0.715585
0.831055 0.717083
0.833008 0.718579
0.834961 0.720074
0.836914 0.721567
0.838867 0.723059
0.84082 0.724549
0.842773 0.726038
0.844727 0.727525
0.84668 0.729011
0.848633 0.730495
0.850586 0.731978
0.852539 0.733458
0.854492 0.73494
0.856445 0.736415
0.858398 0.737895
0.860352 0.739365
0.862305 0.740845
0.864258 0.742309
0.866211 0.743789
0.868164 0.745244
0.870117 0.746729
0.87207 0.748171
0.874023 0.749665
0.875977 0.751087
0.87793 0.752601
0.879883 0.75399
0.881836 0.755538
0.883789 0.756874
0.885742 0.758485
0.887695 0.759731
0.889648 0.761451
0.891602 0.762546
0.893555 0.764456
0.895508 0.765295
0.897461 0.767532
0.899414 0.767936
0.901367 0.770735
0.90332 0.770396
0.905273 0.774158
0.907227 0.772555
0.90918 0.777962
0.911133 0.774209
0.913086 0.782424
0.915039 0.775014
0.916992 0.788019
0.918945 0.774399
0.920898 0.79557
0.922852 0.771427
0.924805 0.806525
0.926758 0.764604
0.928711 0.823485
0.930664 0.751656
0.932617 0.851272
0.93457 0.729457
0.936523 0.899208
0.938477 0.694692
0.94043 0.98614
0.942383 0.64679
0.944336 1.15098
0.946289 0.595383
0.948242 1.46841
0.950195 0.568772
0.952148 2.04135
0.954102 0.603226
0.956055 2.91484
0.958008 0.710578
0.959961 4.01746
0.961914 0.872424
0.963867 5.25101
0.96582 1.06589
0.967773 6.55357
0.969727 1.2767
0.97168 7.89358
0.973633 1.49736
0.975586 9.25511
0.977539 1.72395
0.979492 10.6297
0.981445 1.95433
0.983398 12.0127
0.985352 2.18723
0.987305 13.4012
0.989258 2.42188
0.991211 14.7936
0.993164 2.65778
0.995117 16.1886
0.99707 -0.14508
0.999023 -0.166357
1 0
