0 0
0.000976562 0.00087035
0.00292969 0.00261104
0.00488281 0.0043517
0.00683594 0.00609231
0.00878906 0.00783285
0.0107422 0.0095733
0.0126953 0.0113136
0.0146484 0.0130539
0.0166016 0.0147939
0.0185547 0.0165339
0.0205078 0.0182736
0.0224609 0.0200131
0.0244141 0.0217525
0.0263672 0.0234916
0.0283203 0.0252305
0.0302734 0.0269691
0.0322266 0.0287075
0.0341797 0.0304456
0.0361328 0.0321834
0.0380859 0.0339209
0.0400391 0.0356582
0.0419922 0.0373951
0.0439453 0.0391317
0.0458984 0.040868
0.0478516 0.042604
0.0498047 0.0443396
0.0517578 0.0460749
0.0537109 0.0478099
0.0556641 0.0495445
0.0576172 0.0512787
0.0595703 0.0530126
0.0615234 0.0547462
0.0634766 0.0564794
0.0654297 0.0582122
0.0673828 0.0599447
0.0693359 0.0616768
0.0712891 0.0634086
0.0732422 0.06514
0.0751953 0.066871
0.0771484 0.0686016
0.0791016 0.0703319
0.0810547 0.0720618
0.0830078 0.0737913
0.0849609 0.0755205
0.0869141 0.0772493
0.0888672 0.0789777
0.0908203 0.0807057
0.0927734 0.0824334
0.0947266 0.0841606
0.0966797 0.0858875
0.0986328 0.087614
0.100586 0.0893402
0.102539 0.0910659
0.104492 0.0927913
0.106445 0.0945163
0.108398 0.0962409
0.110352 0.0979651
0.112305 0.0996889
0.114258 0.101412
0.116211 0.103135
0.118164 0.104858
0.120117 0.10658
0.12207 0.108302
0.124023 0.110024
0.125977 0.111745
0.12793 0.113465
0.129883 0.115186
0.131836 0.116906
0.133789 0.118625
0.135742 0.120344
0.137695 0.122063
0.139648 0.123781
0.141602 0.125499
0.143555 0.127217
0.145508 0.128934
0.147461 0.130651
0.149414 0.132367
0.151367 0.134083
0.15332 0.135798
0.155273 0.137513
0.157227 0.139228
0.15918 0.140942
0.161133 0.142656
0.163086 0.14437
0.165039 0.146083
0.166992 0.147795
0.168945 0.149508
0.170898 0.151219
0.172852 0.152931
0.174805 0.154642
0.176758 0.156352
0.178711 0.158062
0.180664 0.159772
0.182617 0.161482
0.18457 0.16319
0.186523 0.164899
0.188477 0.166607
0.19043 0.168315
0.192383 0.170022
0.194336 0.171729
0.196289 0.173435
0.198242 0.175141
0.200195 0.176846
0.202148 0.178551
0.204102 0.180256
0.206055 0.18196
0.208008 0.183664
0.209961 0.185367
0.211914 0.18707
0.213867 0.188773
0.21582 0.190475
0.217773 0.192176
0.219727 0.193877
0.22168 0.195578
0.223633 0.197278
0.225586 0.198978
0.227539 0.200678
0.229492 0.202376
0.231445 0.204075
0.233398 0.205773
0.235352 0.207471
0.237305 0.209168
0.239258 0.210864
0.241211 0.212561
0.243164 0.214257
0.245117 0.215952
0.24707 0.217647
0.249023 0.219341
0.250977 0.221035
0.25293 0.222729
0.254883 0.224422
0.256836 0.226114
0.258789 0.227806
0.260742 0.229498
0.262695 0.231189
0.264648 0.23288
0.266602 0.23457
0.268555 0.23626
0.270508 0.23795
0.272461 0.239639
0.274414 0.241327
0.276367 0.243015
0.27832 0.244702
0.280273 0.246389
0.282227 0.248076
0.28418 0.249762
0.286133 0.251448
0.288086 0.253133
0.290039 0.254817
0.291992 0.256501
0.293945 0.258185
0.295898 0.259868
0.297852 0.261551
0.299805 0.263233
0.301758 0.264915
0.303711 0.266596
0.305664 0.268277
0.307617 0.269957
0.30957 0.271637
0.311523 0.273316
0.313477 0.274995
0.31543 0.276673
0.317383 0.278351
0.319336 0.280028
0.321289 0.281705
0.323242 0.283381
0.325195 0.285057
0.327148 0.286732
0.329102 0.288407
0.331055 0.290081
0.333008 0.291755
0.334961 0.293428
0.336914 0.295101
0.338867 0.296773
0.34082 0.298445
0.342773 0.300116
0.344727 0.301787
0.34668 0.303457
0.348633 0.305126
0.350586 0.306796
0.352539 0.308464
0.354492 0.310132
0.356445 0.3118
0.358398 0.313467
0.360352 0.315133
0.362305 0.316799
0.364258 0.318465
0.366211 0.32013
0.368164 0.321794
0.370117 0.323458
0.37207 0.325121
0.374023 0.326784
0.375977 0.328446
0.37793 0.330108
0.379883 0.331769
0.381836 0.33343
0.383789 0.33509
0.385742 0.336749
0.387695 0.338408
0.389648 0.340067
0.391602 0.341724
0.393555 0.343382
0.395508 0.345038
0.397461 0.346695
0.399414 0.34835
0.401367 0.350005
0.40332 0.35166
0.405273 0.353314
0.407227 0.354967
0.40918 0.35662
0.411133 0.358272
0.413086 0.359924
0.415039 0.361575
0.416992 0.363226
0.418945 0.364876
0.420898 0.366525
0.422852 0.368174
0.424805 0.369822
0.426758 0.37147
0.428711 0.373117
0.430664 0.374764
0.432617 0.37641
0.43457 0.378055
0.436523 0.3797
0.438477 0.381344
0.44043 0.382987
0.442383 0.38463
0.444336 0.386273
0.446289 0.387915
0.448242 0.389556
0.450195 0.391196
0.452148 0.392836
0.454102 0.394476
0.456055 0.396115
0.458008 0.397753
0.459961 0.39939
0.461914 0.401027
0.463867 0.402664
0.46582 0.404299
0.467773 0.405934
0.469727 0.407569
0.47168 0.409203
0.473633 0.410836
0.475586 0.412469
0.477539 0.414101
0.479492 0.415732
0.481445 0.417363
0.483398 0.418993
0.485352 0.420622
0.487305 0.422251
0.489258 0.42388
0.491211 0.425507
0.493164 0.427134
0.495117 0.42876
0.49707 0.430386
0.499023 0.432011
0.500977 0.433635
0.50293 0.435259
0.504883 0.436882
0.506836 0.438504
0.508789 0.440126
0.510742 0.441747
0.512695 0.443368
0.514648 0.444987
0.516602 0.446606
0.518555 0.448225
0.520508 0.449842
0.522461 0.45146
0.524414 0.453076
0.526367 0.454692
0.52832 0.456307
0.530273 0.457921
0.532227 0.459535
0.53418 0.461148
0.536133 0.46276
0.538086 0.464372
0.540039 0.465982
0.541992 0.467593
0.543945 0.469202
0.545898 0.470811
0.547852 0.472419
0.549805 0.474027
0.551758 0.475633
0.553711 0.477239
0.555664 0.478845
0.557617 0.480449
0.55957 0.482053
0.561523 0.483656
0.563477 0.485259
0.56543 0.48686
0.567383 0.488461
0.569336 0.490062
0.571289 0.491661
0.573242 0.49326
0.575195 0.494858
0.577148 0.496455
0.579102 0.498052
0.581055 0.499648
0.583008 0.501243
0.584961 0.502837
0.586914 0.504431
0.588867 0.506024
0.59082 0.507616
0.592773 0.509207
0.594727 0.510798
0.59668 0.512387
0.598633 0.513976
0.600586 0.515565
0.602539 0.517152
0.604492 0.518739
0.606445 0.520325
0.608398 0.52191
0.610352 0.523494
0.612305 0.525078
0.614258 0.526661
0.616211 0.528243
0.618164 0.529824
0.620117 0.531405
0.62207 0.532984
0.624023 0.534563
0.625977 0.536141
0.62793 0.537718
0.629883 0.539295
0.631836 0.54087
0.633789 0.542445
0.635742 0.544019
0.637695 0.545592
0.639648 0.547165
0.641602 0.548736
0.643555 0.550307
0.645508 0.551877
0.647461 0.553446
0.649414 0.555014
0.651367 0.556581
0.65332 0.558147
0.655273 0.559713
0.657227 0.561278
0.65918 0.562842
0.661133 0.564405
0.663086 0.565967
0.665039 0.567528
0.666992 0.569089
0.668945 0.570648
0.670898 0.572207
0.672852 0.573765
0.674805 0.575322
0.676758 0.576878
0.678711 0.578433
0.680664 0.579987
0.682617 0.581541
0.68457 0.583093
0.686523 0.584645
0.688477 0.586195
0.69043 0.587745
0.692383 0.589294
0.694336 0.590842
0.696289 0.592389
0.698242 0.593935
0.700195 0.59548
0.702148 0.597024
0.704102 0.598568
0.706055 0.60011
0.708008 0.601651
0.709961 0.603192
0.711914 0.604731
0.713867 0.60627
0.71582 0.607807
0.717773 0.609344
0.719727 0.61088
0.72168 0.612414
0.723633 0.613948
0.725586 0.615481
0.727539 0.617013
0.729492 0.618543
0.731445 0.620073
0.733398 0.621602
0.735352 0.62313
0.737305 0.624657
0.739258 0.626182
0.741211 0.627707
0.743164 0.629231
0.745117 0.630754
0.74707 0.632275
0.749023 0.633796
0.750977 0.635316
0.75293 0.636834
0.754883 0.638352
0.756836 0.639868
0.758789 0.641384
0.760742 0.642898
0.762695 0.644412
0.764648 0.645924
0.766602 0.647435
0.768555 0.648945
0.770508 0.650454
0.772461 0.651962
0.774414 0.653469
0.776367 0.654975
0.77832 0.65648
0.780273 0.657984
0.782227 0.659486
0.78418 0.660987
0.786133 0.662488
0.788086 0.663987
0.790039 0.665485
0.791992 0.666982
0.793945 0.668478
0.795898 0.669972
0.797852 0.671466
0.799805 0.672958
0.801758 0.674449
0.803711 0.675939
0.805664 0.677428
0.807617 0.678916
0.80957 0.680402
0.811523 0.681887
0.813477 0.683372
0.81543 0.684854
0.817383 0.686336
0.819336 0.687817
0.821289 0.689296
0.823242 0.690774
0.825195 0.692251
0.827148 0.693726
0.829102 0.695201
0.831055 0.696674
0.833008 0.698146
0.834961 0.699617
0.836914 0.701086
0.838867 0.702554
0.84082 0.704021
0.842773 0.705487
0.844727 0.70695
0.84668 0.708414
0.848633 0.709875
0.850586 0.711336
0.852539 0.712794
0.854492 0.714253
0.856445 0.715708
0.858398 0.717166
0.860352 0.718616
0.862305 0.720073
0.864258 0.721517
0.866211 0.722976
0.868164 0.724412
0.870117 0.725875
0.87207 0.7273
0.874023 0.728772
0.875977 0.730178
0.87793 0.731667
0.879883 0.733044
0.881836 0.734567
0.883789 0.735893
0.885742 0.737475
0.887695 0.738716
0.889648 0.740404
0.891602 0.741498
0.893555 0.743374
0.895508 0.744214
0.897461 0.746416
0.899414 0.74682
0.901367 0.749592
0.90332 0.74924
0.905273 0.753
0.907227 0.751342
0.90918 0.756817
0.911133 0.752903
0.913086 0.761348
0.915039 0.753542
0.916992 0.767126
0.918945 0.752616
0.920898 0.775093
0.922852 0.749061
0.924805 0.786934
0.926758 0.741169
0.928711 0.805745
0.930664 0.726351
0.932617 0.837417
0.93457 0.701166
0.936523 0.893688
0.938477 0.662481
0.94043 0.999013
0.942383 0.611912
0.944336 1.20447
0.946289 0.565447
0.948242 1.6028
0.950195 0.558586
0.952148 2.29383
0.954102 0.62315
0.956055 3.27448
0.958008 0.756851
0.959961 4.44408
0.961914 0.935311
0.963867 5.71422
0.96582 1.13827
0.967773 7.03689
0.969727 1.35461
0.97168 8.38846
0.973633 1.57867
0.975586 9.75695
0.977539 1.80746
0.979492 11.1359
0.981445 2.03932
0.983398 12.5217
0.985352 2.27326
0.987305 13.912
0.989258 2.50865
0.991211 15.3054
0.993164 2.7451
0.995117 16.7011
0.99707 -0.145099
0.999023 -0.16723
1 0
