0 0
0.000976562 0.00086726
0.00292969 0.00260177
0.00488281 0.00433625
0.00683594 0.00607068
0.00878906 0.00780504
0.0107422 0.00953932
0.0126953 0.0112735
0.0146484 0.0130075
0.0166016 0.0147414
0.0185547 0.0164752
0.0205078 0.0182088
0.0224609 0.0199421
0.0244141 0.0216753
0.0263672 0.0234083
0.0283203 0.025141
0.0302734 0.0268735
0.0322266 0.0286057
0.0341797 0.0303377
0.0361328 0.0320693
0.0380859 0.0338007
0.0400391 0.0355318
0.0419922 0.0372626
0.0439453 0.0389931
0.0458984 0.0407233
0.0478516 0.0424531
0.0498047 0.0441827
0.0517578 0.0459119
0.0537109 0.0476407
0.0556641 0.0493692
0.0576172 0.0510974
0.0595703 0.0528252
0.0615234 0.0545527
0.0634766 0.0562798
0.0654297 0.0580065
0.0673828 0.0597329
0.0693359 0.061459
0.0712891 0.0631847
0.0732422 0.06491
0.0751953 0.0666349
0.0771484 0.0683595
0.0791016 0.0700838
0.0810547 0.0718076
0.0830078 0.0735311
0.0849609 0.0752542
0.0869141 0.076977
0.0888672 0.0786993
0.0908203 0.0804213
0.0927734 0.082143
0.0947266 0.0838642
0.0966797 0.0855851
0.0986328 0.0873056
0.100586 0.0890257
0.102539 0.0907455
0.104492 0.0924648
0.106445 0.0941838
0.108398 0.0959024
0.110352 0.0976206
0.112305 0.0993385
0.114258 0.101056
0.116211 0.102773
0.118164 0.10449
0.120117 0.106206
0.12207 0.107922
0.124023 0.109637
0.125977 0.111353
0.12793 0.113067
0.129883 0.114782
0.131836 0.116496
0.133789 0.118209
0.135742 0.119922
0.137695 0.121635
0.139648 0.123348
0.141602 0.12506
0.143555 0.126771
0.145508 0.128482
0.147461 0.130193
0.149414 0.131904
0.151367 0.133614
0.15332 0.135323
0.155273 0.137032
0.157227 0.138741
0.15918 0.14045
0.161133 0.142158
0.163086 0.143865
0.165039 0.145572
0.166992 0.147279
0.168945 0.148986
0.170898 0.150692
0.172852 0.152397
0.174805 0.154102
0.176758 0.155807
0.178711 0.157511
0.180664 0.159215
0.182617 0.160919
0.18457 0.162622
0.186523 0.164324
0.188477 0.166027
0.19043 0.167728
0.192383 0.16943
0.194336 0.171131
0.196289 0.172831
0.198242 0.174532
0.200195 0.176231
0.202148 0.177931
0.204102 0.179629
0.206055 0.181328
0.208008 0.183026
0.209961 0.184723
0.211914 0.186421
0.213867 0.188117
0.21582 0.189814
0.217773 0.191509
0.219727 0.193205
0.22168 0.1949
0.223633 0.196594
0.225586 0.198288
0.227539 0.199982
0.229492 0.201675
0.231445 0.203368
0.233398 0.205061
0.235352 0.206752
0.237305 0.208444
0.239258 0.210135
0.241211 0.211825
0.243164 0.213516
0.245117 0.215205
0.24707 0.216895
0.249023 0.218583
0.250977 0.220272
0.25293 0.22196
0.254883 0.223647
0.256836 0.225334
0.258789 0.22702
0.260742 0.228706
0.262695 0.230392
0.264648 0.232077
0.266602 0.233762
0.268555 0.235446
0.270508 0.23713
0.272461 0.238813
0.274414 0.240496
0.276367 0.242178
0.27832 0.24386
0.280273 0.245542
0.282227 0.247223
0.28418 0.248903
0.286133 0.250583
0.288086 0.252263
0.290039 0.253942
0.291992 0.25562
0.293945 0.257299
0.295898 0.258976
0.297852 0.260653
0.299805 0.26233
0.301758 0.264006
0.303711 0.265682
0.305664 0.267357
0.307617 0.269032
0.30957 0.270706
0.311523 0.27238
0.313477 0.274053
0.31543 0.275726
0.317383 0.277398
0.319336 0.27907
0.321289 0.280742
0.323242 0.282412
0.325195 0.284083
0.327148 0.285753
0.329102 0.287422
0.331055 0.289091
0.333008 0.290759
0.334961 0.292427
0.336914 0.294094
0.338867 0.295761
0.34082 0.297427
0.342773 0.299093
0.344727 0.300758
0.34668 0.302423
0.348633 0.304088
0.350586 0.305751
0.352539 0.307415
0.354492 0.309077
0.356445 0.310739
0.358398 0.312401
0.360352 0.314062
0.362305 0.315723
0.364258 0.317383
0.366211 0.319043
0.368164 0.320702
0.370117 0.32236
0.37207 0.324018
0.374023 0.325676
0.375977 0.327333
0.37793 0.328989
0.379883 0.330645
0.381836 0.3323
0.383789 0.333955
0.385742 0.335609
0.387695 0.337263
0.389648 0.338916
0.391602 0.340569
0.393555 0.342221
0.395508 0.343873
0.397461 0.345524
0.399414 0.347174
0.401367 0.348824
0.40332 0.350473
0.405273 0.352122
0.407227 0.35377
0.40918 0.355418
0.411133 0.357065
0.413086 0.358712
0.415039 0.360358
0.416992 0.362003
0.418945 0.363648
0.420898 0.365292
0.422852 0.366936
0.424805 0.368579
0.426758 0.370222
0.428711 0.371864
0.430664 0.373505
0.432617 0.375146
0.43457 0.376786
0.436523 0.378426
0.438477 0.380065
0.44043 0.381704
0.442383 0.383342
0.444336 0.384979
0.446289 0.386616
0.448242 0.388252
0.450195 0.389887
0.452148 0.391522
0.454102 0.393157
0.456055 0.394791
0.458008 0.396424
0.459961 0.398056
0.461914 0.399688
0.463867 0.40132
0.46582 0.402951
0.467773 0.404581
0.469727 0.40621
0.47168 0.407839
0.473633 0.409468
0.475586 0.411095
0.477539 0.412722
0.479492 0.414349
0.481445 0.415975
0.483398 0.4176
0.485352 0.419225
0.487305 0.420848
0.489258 0.422472
0.491211 0.424095
0.493164 0.425717
0.495117 0.427338
0.49707 0.428959
0.499023 0.430579
0.500977 0.432199
0.50293 0.433817
0.504883 0.435436
0.506836 0.437053
0.508789 0.43867
0.510742 0.440287
0.512695 0.441902
0.514648 0.443517
0.516602 0.445131
0.518555 0.446745
0.520508 0.448358
0.522461 0.44997
0.524414 0.451582
0.526367 0.453193
0.52832 0.454803
0.530273 0.456413
0.532227 0.458022
0.53418 0.45963
0.536133 0.461238
0.538086 0.462845
0.540039 0.464451
0.541992 0.466057
0.543945 0.467662
0.545898 0.469266
0.547852 0.47087
0.549805 0.472472
0.551758 0.474074
0.553711 0.475676
0.555664 0.477277
0.557617 0.478877
0.55957 0.480476
0.561523 0.482075
0.563477 0.483672
0.56543 0.48527
0.567383 0.486866
0.569336 0.488462
0.571289 0.490057
0.573242 0.491651
0.575195 0.493245
0.577148 0.494838
0.579102 0.49643
0.581055 0.498021
0.583008 0.499612
0.584961 0.501202
0.586914 0.502791
0.588867 0.504379
0.59082 0.505967
0.592773 0.507554
0.594727 0.50914
0.59668 0.510726
0.598633 0.51231
0.600586 0.513894
0.602539 0.515477
0.604492 0.51706
0.606445 0.518641
0.608398 0.520222
0.610352 0.521802
0.612305 0.523382
0.614258 0.52496
0.616211 0.526538
0.618164 0.528115
0.620117 0.529691
0.62207 0.531267
0.624023 0.532841
0.625977 0.534415
0.62793 0.535988
0.629883 0.53756
0.631836 0.539132
0.633789 0.540702
0.635742 0.542272
0.637695 0.543841
0.639648 0.545409
0.641602 0.546977
0.643555 0.548543
0.645508 0.550109
0.647461 0.551674
0.649414 0.553238
0.651367 0.554801
0.65332 0.556364
0.655273 0.557925
0.657227 0.559486
0.65918 0.561046
0.661133 0.562605
0.663086 0.564163
0.665039 0.56572
0.666992 0.567277
0.668945 0.568833
0.670898 0.570387
0.672852 0.571941
0.674805 0.573494
0.676758 0.575046
0.678711 0.576598
0.680664 0.578148
0.682617 0.579698
0.68457 0.581246
0.686523 0.582794
0.688477 0.584341
0.69043 0.585887
0.692383 0.587432
0.694336 0.588976
0.696289 0.590519
0.698242 0.592061
0.700195 0.593603
0.702148 0.595143
0.704102 0.596683
0.706055 0.598221
0.708008 0.599759
0.709961 0.601296
0.711914 0.602832
0.713867 0.604367
0.71582 0.605901
0.717773 0.607434
0.719727 0.608966
0.72168 0.610497
0.723633 0.612027
0.725586 0.613556
0.727539 0.615084
0.729492 0.616611
0.731445 0.618138
0.733398 0.619663
0.735352 0.621187
0.737305 0.622711
0.739258 0.624233
0.741211 0.625754
0.743164 0.627274
0.745117 0.628794
0.74707 0.630312
0.749023 0.631829
0.750977 0.633346
0.75293 0.634861
0.754883 0.636375
0.756836 0.637888
0.758789 0.6394
0.760742 0.640911
0.762695 0.642422
0.764648 0.643931
0.766602 0.645439
0.768555 0.646945
0.770508 0.648451
0.772461 0.649956
0.774414 0.65146
0.776367 0.652962
0.77832 0.654464
0.780273 0.655964
0.782227 0.657464
0.78418 0.658962
0.786133 0.660459
0.788086 0.661955
0.790039 0.66345
0.791992 0.664944
0.793945 0.666437
0.795898 0.667929
0.797852 0.669419
0.799805 0.670908
0.801758 0.672397
0.803711 0.673884
0.805664 0.67537
0.807617 0.676854
0.80957 0.678338
0.811523 0.67982
0.813477 0.681302
0.81543 0.682782
0.817383 0.684261
0.819336 0.685738
0.821289 0.687215
0.823242 0.68869
0.825195 0.690164
0.827148 0.691637
0.829102 0.693109
0.831055 0.694579
0.833008 0.696048
0.834961 0.697516
0.836914 0.698983
0.838867 0.700449
0.84082 0.701913
0.842773 0.703376
0.844727 0.704837
0.84668 0.706298
0.848633 0.707757
0.850586 0.709216
0.852539 0.710671
0.854492 0.712128
0.856445 0.71358
0.858398 0.715035
0.860352 0.716483
0.862305 0.717938
0.864258 0.71938
0.866211 0.720836
0.868164 0.722271
0.870117 0.723731
0.87207 0.725154
0.874023 0.726623
0.875977 0.728028
0.87793 0.729514
0.879883 0.730889
0.881836 0.732409
0.883789 0.733734
0.885742 0.735313
0.887695 0.736553
0.889648 0.738238
0.891602 0.739332
0.893555 0.741203
0.895508 0.742044
0.897461 0.744242
0.899414 0.744646
0.901367 0.747414
0.90332 0.747061
0.905273 0.75082
0.907227 0.749157
0.90918 0.754637
0.911133 0.750709
0.913086 0.759174
0.915039 0.75133
0.916992 0.764971
0.918945 0.750371
0.920898 0.772982
0.922852 0.746754
0.924805 0.784918
0.926758 0.738747
0.928711 0.803932
0.930664 0.723727
0.932617 0.836037
0.93457 0.698223
0.936523 0.893259
0.938477 0.659136
0.94043 1.00072
0.942383 0.60837
0.944336 1.21093
0.946289 0.562657
0.948242 1.61848
0.950195 0.558126
0.952148 2.32189
0.954102 0.625813
0.956055 3.31267
0.958008 0.76199
0.959961 4.48824
0.961914 0.941938
0.963867 5.7616
0.96582 1.14574
0.967773 7.08605
0.969727 1.36258
0.97168 8.43866
0.973633 1.58694
0.975586 9.80778
0.977539 1.81594
0.979492 11.1871
0.981445 2.04793
0.983398 12.5731
0.985352 2.28197
0.987305 13.9636
0.989258 2.51743
0.991211 15.3572
0.993164 2.75393
0.995117 16.753
0.99707 -0.145101
0.999023 -0.167317
1 0
