0 0
0.000976562 0.000862665
0.00292969 0.00258799
0.00488281 0.00431328
0.00683594 0.00603852
0.00878906 0.0077637
0.0107422 0.00948879
0.0126953 0.0112138
0.0146484 0.0129387
0.0166016 0.0146634
0.0185547 0.016388
0.0205078 0.0181124
0.0224609 0.0198366
0.0244141 0.0215606
0.0263672 0.0232844
0.0283203 0.025008
0.0302734 0.0267313
0.0322266 0.0284544
0.0341797 0.0301772
0.0361328 0.0318998
0.0380859 0.033622
0.0400391 0.035344
0.0419922 0.0370657
0.0439453 0.0387871
0.0458984 0.0405081
0.0478516 0.0422289
0.0498047 0.0439493
0.0517578 0.0456694
0.0537109 0.0473892
0.0556641 0.0491086
0.0576172 0.0508277
0.0595703 0.0525465
0.0615234 0.0542649
0.0634766 0.055983
0.0654297 0.0577007
0.0673828 0.0594181
0.0693359 0.0611351
0.0712891 0.0628517
0.0732422 0.064568
0.0751953 0.066284
0.0771484 0.0679996
0.0791016 0.0697148
0.0810547 0.0714297
0.0830078 0.0731441
0.0849609 0.0748583
0.0869141 0.0765721
0.0888672 0.0782855
0.0908203 0.0799985
0.0927734 0.0817112
0.0947266 0.0834235
0.0966797 0.0851354
0.0986328 0.086847
0.100586 0.0885581
0.102539 0.090269
0.104492 0.0919794
0.106445 0.0936895
0.108398 0.0953992
0.110352 0.0971085
0.112305 0.0988174
0.114258 0.100526
0.116211 0.102234
0.118164 0.103942
0.120117 0.105649
0.12207 0.107356
0.124023 0.109063
0.125977 0.110769
0.12793 0.112475
0.129883 0.114181
0.131836 0.115886
0.133789 0.117591
0.135742 0.119295
0.137695 0.120999
0.139648 0.122703
0.141602 0.124406
0.143555 0.126109
0.145508 0.127811
0.147461 0.129513
0.149414 0.131215
0.151367 0.132916
0.15332 0.134617
0.155273 0.136317
0.157227 0.138017
0.15918 0.139717
0.161133 0.141416
0.163086 0.143115
0.165039 0.144814
0.166992 0.146512
0.168945 0.148209
0.170898 0.149907
0.172852 0.151603
0.174805 0.1533
0.176758 0.154996
0.178711 0.156692
0.180664 0.158387
0.182617 0.160082
0.18457 0.161776
0.186523 0.16347
0.188477 0.165164
0.19043 0.166857
0.192383 0.16855
0.194336 0.170242
0.196289 0.171934
0.198242 0.173625
0.200195 0.175317
0.202148 0.177007
0.204102 0.178698
0.206055 0.180387
0.208008 0.182077
0.209961 0.183766
0.211914 0.185454
0.213867 0.187143
0.21582 0.18883
0.217773 0.190518
0.219727 0.192205
0.22168 0.193891
0.223633 0.195577
0.225586 0.197263
0.227539 0.198948
0.229492 0.200633
0.231445 0.202317
0.233398 0.204001
0.235352 0.205684
0.237305 0.207367
0.239258 0.20905
0.241211 0.210732
0.243164 0.212414
0.245117 0.214095
0.24707 0.215776
0.249023 0.217456
0.250977 0.219136
0.25293 0.220815
0.254883 0.222495
0.256836 0.224173
0.258789 0.225851
0.260742 0.227529
0.262695 0.229206
0.264648 0.230883
0.266602 0.232559
0.268555 0.234235
0.270508 0.235911
0.272461 0.237586
0.274414 0.23926
0.276367 0.240934
0.27832 0.242608
0.280273 0.244281
0.282227 0.245954
0.28418 0.247626
0.286133 0.249298
0.288086 0.250969
0.290039 0.25264
0.291992 0.25431
0.293945 0.25598
0.295898 0.257649
0.297852 0.259318
0.299805 0.260987
0.301758 0.262655
0.303711 0.264322
0.305664 0.265989
0.307617 0.267656
0.30957 0.269322
0.311523 0.270988
0.313477 0.272653
0.31543 0.274318
0.317383 0.275982
0.319336 0.277645
0.321289 0.279309
0.323242 0.280971
0.325195 0.282634
0.327148 0.284295
0.329102 0.285957
0.331055 0.287617
0.333008 0.289278
0.334961 0.290937
0.336914 0.292597
0.338867 0.294256
0.34082 0.295914
0.342773 0.297572
0.344727 0.299229
0.34668 0.300886
0.348633 0.302542
0.350586 0.304198
0.352539 0.305853
0.354492 0.307508
0.356445 0.309162
0.358398 0.310816
0.360352 0.312469
0.362305 0.314122
0.364258 0.315774
0.366211 0.317426
0.368164 0.319077
0.370117 0.320727
0.37207 0.322378
0.374023 0.324027
0.375977 0.325676
0.37793 0.327325
0.379883 0.328973
0.381836 0.33062
0.383789 0.332267
0.385742 0.333914
0.387695 0.33556
0.389648 0.337205
0.391602 0.33885
0.393555 0.340494
0.395508 0.342138
0.397461 0.343781
0.399414 0.345424
0.401367 0.347066
0.40332 0.348708
0.405273 0.350349
0.407227 0.351989
0.40918 0.353629
0.411133 0.355269
0.413086 0.356908
0.415039 0.358546
0.416992 0.360184
0.418945 0.361821
0.420898 0.363458
0.422852 0.365094
0.424805 0.366729
0.426758 0.368364
0.428711 0.369999
0.430664 0.371633
0.432617 0.373266
0.43457 0.374899
0.436523 0.376531
0.438477 0.378162
0.44043 0.379793
0.442383 0.381424
0.444336 0.383054
0.446289 0.384683
0.448242 0.386312
0.450195 0.38794
0.452148 0.389567
0.454102 0.391194
0.456055 0.39282
0.458008 0.394446
0.459961 0.396071
0.461914 0.397696
0.463867 0.39932
0.46582 0.400943
0.467773 0.402566
0.469727 0.404188
0.47168 0.40581
0.473633 0.407431
0.475586 0.409051
0.477539 0.410671
0.479492 0.41229
0.481445 0.413909
0.483398 0.415527
0.485352 0.417144
0.487305 0.418761
0.489258 0.420377
0.491211 0.421992
0.493164 0.423607
0.495117 0.425221
0.49707 0.426835
0.499023 0.428448
0.500977 0.43006
0.50293 0.431672
0.504883 0.433283
0.506836 0.434894
0.508789 0.436503
0.510742 0.438113
0.512695 0.439721
0.514648 0.441329
0.516602 0.442936
0.518555 0.444543
0.520508 0.446149
0.522461 0.447754
0.524414 0.449359
0.526367 0.450963
0.52832 0.452566
0.530273 0.454169
0.532227 0.455771
0.53418 0.457372
0.536133 0.458973
0.538086 0.460573
0.540039 0.462172
0.541992 0.463771
0.543945 0.465369
0.545898 0.466966
0.547852 0.468563
0.549805 0.470159
0.551758 0.471754
0.553711 0.473349
0.555664 0.474943
0.557617 0.476536
0.55957 0.478128
0.561523 0.47972
0.563477 0.481311
0.56543 0.482902
0.567383 0.484491
0.569336 0.48608
0.571289 0.487669
0.573242 0.489256
0.575195 0.490843
0.577148 0.492429
0.579102 0.494015
0.581055 0.4956
0.583008 0.497184
0.584961 0.498767
0.586914 0.50035
0.588867 0.501931
0.59082 0.503513
0.592773 0.505093
0.594727 0.506673
0.59668 0.508252
0.598633 0.50983
0.600586 0.511407
0.602539 0.512984
0.604492 0.51456
0.606445 0.516135
0.608398 0.517709
0.610352 0.519283
0.612305 0.520856
0.614258 0.522428
0.616211 0.524
0.618164 0.52557
0.620117 0.52714
0.62207 0.528709
0.624023 0.530278
0.625977 0.531845
0.62793 0.533412
0.629883 0.534978
0.631836 0.536543
0.633789 0.538107
0.635742 0.539671
0.637695 0.541234
0.639648 0.542796
0.641602 0.544357
0.643555 0.545917
0.645508 0.547477
0.647461 0.549036
0.649414 0.550594
0.651367 0.552151
0.65332 0.553707
0.655273 0.555263
0.657227 0.556818
0.65918 0.558371
0.661133 0.559925
0.663086 0.561477
0.665039 0.563028
0.666992 0.564579
0.668945 0.566128
0.670898 0.567677
0.672852 0.569225
0.674805 0.570772
0.676758 0.572319
0.678711 0.573864
0.680664 0.575409
0.682617 0.576952
0.68457 0.578495
0.686523 0.580037
0.688477 0.581578
0.69043 0.583119
0.692383 0.584658
0.694336 0.586196
0.696289 0.587734
0.698242 0.589271
0.700195 0.590806
0.702148 0.592341
0.704102 0.593875
0.706055 0.595408
0.708008 0.59694
0.709961 0.598472
0.711914 0.600002
0.713867 0.601531
0.71582 0.60306
0.717773 0.604587
0.719727 0.606114
0.72168 0.60764
0.723633 0.609164
0.725586 0.610688
0.727539 0.612211
0.729492 0.613733
0.731445 0.615254
0.733398 0.616774
0.735352 0.618293
0.737305 0.619811
0.739258 0.621328
0.741211 0.622844
0.743164 0.624359
0.745117 0.625874
0.74707 0.627387
0.749023 0.628899
0.750977 0.63041
0.75293 0.63192
0.754883 0.633429
0.756836 0.634938
0.758789 0.636445
0.760742 0.637951
0.762695 0.639456
0.764648 0.64096
0.766602 0.642463
0.768555 0.643965
0.770508 0.645466
0.772461 0.646966
0.774414 0.648465
0.776367 0.649963
0.77832 0.65146
0.780273 0.652955
0.782227 0.65445
0.78418 0.655944
0.786133 0.657436
0.788086 0.658928
0.790039 0.660418
0.791992 0.661907
0.793945 0.663395
0.795898 0.664882
0.797852 0.666368
0.799805 0.667853
0.801758 0.669337
0.803711 0.67082
0.805664 0.672301
0.807617 0.673782
0.80957 0.675261
0.811523 0.676739
0.813477 0.678216
0.81543 0.679692
0.817383 0.681166
0.819336 0.68264
0.821289 0.684112
0.823242 0.685583
0.825195 0.687053
0.827148 0.688522
0.829102 0.68999
0.831055 0.691456
0.833008 0.692921
0.834961 0.694385
0.836914 0.695848
0.838867 0.69731
0.84082 0.69877
0.842773 0.700229
0.844727 0.701687
0.84668 0.703144
0.848633 0.704599
0.850586 0.706054
0.852539 0.707505
0.854492 0.708958
0.856445 0.710407
0.858398 0.711859
0.860352 0.713303
0.862305 0.714754
0.864258 0.716193
0.866211 0.717645
0.868164 0.719076
0.870117 0.720533
0.87207 0.721953
0.874023 0.723418
0.875977 0.72482
0.87793 0.726302
0.879883 0.727675
0.881836 0.72919
0.883789 0.730514
0.885742 0.732088
0.887695 0.733327
0.889648 0.735006
0.891602 0.736099
0.893555 0.737965
0.895508 0.738806
0.897461 0.740998
0.899414 0.741402
0.901367 0.744164
0.90332 0.743811
0.905273 0.747566
0.907227 0.745898
0.90918 0.751384
0.911133 0.747434
0.913086 0.755931
0.915039 0.748029
0.916992 0.761755
0.918945 0.747021
0.920898 0.769831
0.922852 0.743311
0.924805 0.78191
0.926758 0.73513
0.928711 0.801231
0.930664 0.719806
0.932617 0.833997
0.93457 0.69382
0.936523 0.892672
0.938477 0.654136
0.94043 1.00342
0.942383 0.603109
0.944336 1.22094
0.946289 0.55861
0.948242 1.64254
0.950195 0.557652
0.952148 2.36444
0.954102 0.629987
0.956055 3.37001
0.958008 0.769774
0.959961 4.55419
0.961914 0.951871
0.963867 5.83219
0.96582 1.15689
0.967773 7.15921
0.969727 1.37444
0.97168 8.51332
0.973633 1.59925
0.975586 9.88335
0.977539 1.82854
0.979492 11.2633
0.981445 2.06074
0.983398 12.6497
0.985352 2.29491
0.987305 14.0404
0.989258 2.53048
0.991211 15.4341
0.993164 2.76705
0.995117 16.83
0.99707 -0.145104
0.999023 -0.167444
1 0
