0 0
0.000976562 0.00085963
0.00292969 0.00257888
0.00488281 0.0042981
0.00683594 0.00601727
0.00878906 0.00773638
0.0107422 0.00945541
0.0126953 0.0111743
0.0146484 0.0128931
0.0166016 0.0146118
0.0185547 0.0163303
0.0205078 0.0180487
0.0224609 0.0197668
0.0244141 0.0214848
0.0263672 0.0232025
0.0283203 0.0249201
0.0302734 0.0266374
0.0322266 0.0283544
0.0341797 0.0300712
0.0361328 0.0317877
0.0380859 0.0335039
0.0400391 0.0352199
0.0419922 0.0369356
0.0439453 0.0386509
0.0458984 0.040366
0.0478516 0.0420807
0.0498047 0.0437951
0.0517578 0.0455092
0.0537109 0.047223
0.0556641 0.0489365
0.0576172 0.0506496
0.0595703 0.0523623
0.0615234 0.0540748
0.0634766 0.0557868
0.0654297 0.0574986
0.0673828 0.05921
0.0693359 0.060921
0.0712891 0.0626317
0.0732422 0.0643421
0.0751953 0.066052
0.0771484 0.0677617
0.0791016 0.069471
0.0810547 0.0711799
0.0830078 0.0728884
0.0849609 0.0745966
0.0869141 0.0763045
0.0888672 0.0780119
0.0908203 0.079719
0.0927734 0.0814258
0.0947266 0.0831322
0.0966797 0.0848382
0.0986328 0.0865438
0.100586 0.0882491
0.102539 0.089954
0.104492 0.0916586
0.106445 0.0933628
0.108398 0.0950666
0.110352 0.09677
0.112305 0.0984731
0.114258 0.100176
0.116211 0.101878
0.118164 0.10358
0.120117 0.105282
0.12207 0.106983
0.124023 0.108684
0.125977 0.110384
0.12793 0.112084
0.129883 0.113784
0.131836 0.115483
0.133789 0.117182
0.135742 0.118881
0.137695 0.120579
0.139648 0.122276
0.141602 0.123974
0.143555 0.125671
0.145508 0.127367
0.147461 0.129064
0.149414 0.130759
0.151367 0.132455
0.15332 0.13415
0.155273 0.135845
0.157227 0.137539
0.15918 0.139233
0.161133 0.140926
0.163086 0.142619
0.165039 0.144312
0.166992 0.146004
0.168945 0.147696
0.170898 0.149388
0.172852 0.151079
0.174805 0.15277
0.176758 0.15446
0.178711 0.15615
0.180664 0.157839
0.182617 0.159528
0.18457 0.161217
0.186523 0.162905
0.188477 0.164593
0.19043 0.166281
0.192383 0.167968
0.194336 0.169655
0.196289 0.171341
0.198242 0.173027
0.200195 0.174712
0.202148 0.176397
0.204102 0.178082
0.206055 0.179766
0.208008 0.18145
0.209961 0.183133
0.211914 0.184816
0.213867 0.186498
0.21582 0.18818
0.217773 0.189862
0.219727 0.191543
0.22168 0.193224
0.223633 0.194905
0.225586 0.196585
0.227539 0.198264
0.229492 0.199943
0.231445 0.201622
0.233398 0.2033
0.235352 0.204978
0.237305 0.206656
0.239258 0.208333
0.241211 0.210009
0.243164 0.211685
0.245117 0.213361
0.24707 0.215036
0.249023 0.216711
0.250977 0.218385
0.25293 0.220059
0.254883 0.221733
0.256836 0.223406
0.258789 0.225078
0.260742 0.226751
0.262695 0.228422
0.264648 0.230094
0.266602 0.231764
0.268555 0.233435
0.270508 0.235105
0.272461 0.236774
0.274414 0.238443
0.276367 0.240112
0.27832 0.24178
0.280273 0.243447
0.282227 0.245115
0.28418 0.246781
0.286133 0.248448
0.288086 0.250114
0.290039 0.251779
0.291992 0.253444
0.293945 0.255108
0.295898 0.256772
0.297852 0.258436
0.299805 0.260099
0.301758 0.261761
0.303711 0.263424
0.305664 0.265085
0.307617 0.266746
0.30957 0.268407
0.311523 0.270067
0.313477 0.271727
0.31543 0.273386
0.317383 0.275045
0.319336 0.276703
0.321289 0.278361
0.323242 0.280019
0.325195 0.281676
0.327148 0.283332
0.329102 0.284988
0.331055 0.286643
0.333008 0.288298
0.334961 0.289953
0.336914 0.291607
0.338867 0.29326
0.34082 0.294913
0.342773 0.296566
0.344727 0.298218
0.34668 0.299869
0.348633 0.30152
0.350586 0.303171
0.352539 0.304821
0.354492 0.30647
0.356445 0.308119
0.358398 0.309767
0.360352 0.311415
0.362305 0.313063
0.364258 0.31471
0.366211 0.316356
0.368164 0.318002
0.370117 0.319648
0.37207 0.321293
0.374023 0.322937
0.375977 0.324581
0.37793 0.326224
0.379883 0.327867
0.381836 0.32951
0.383789 0.331151
0.385742 0.332793
0.387695 0.334433
0.389648 0.336074
0.391602 0.337713
0.393555 0.339352
0.395508 0.340991
0.397461 0.342629
0.399414 0.344267
0.401367 0.345904
0.40332 0.34754
0.405273 0.349176
0.407227 0.350812
0.40918 0.352447
0.411133 0.354081
0.413086 0.355715
0.415039 0.357348
0.416992 0.358981
0.418945 0.360613
0.420898 0.362245
0.422852 0.363876
0.424805 0.365506
0.426758 0.367136
0.428711 0.368765
0.430664 0.370394
0.432617 0.372022
0.43457 0.37365
0.436523 0.375277
0.438477 0.376904
0.44043 0.37853
0.442383 0.380155
0.444336 0.38178
0.446289 0.383405
0.448242 0.385028
0.450195 0.386651
0.452148 0.388274
0.454102 0.389896
0.456055 0.391517
0.458008 0.393138
0.459961 0.394759
0.461914 0.396378
0.463867 0.397997
0.46582 0.399616
0.467773 0.401234
0.469727 0.402851
0.47168 0.404468
0.473633 0.406084
0.475586 0.407699
0.477539 0.409314
0.479492 0.410929
0.481445 0.412542
0.483398 0.414155
0.485352 0.415768
0.487305 0.41738
0.489258 0.418991
0.491211 0.420602
0.493164 0.422212
0.495117 0.423821
0.49707 0.42543
0.499023 0.427038
0.500977 0.428646
0.50293 0.430253
0.504883 0.431859
0.506836 0.433465
0.508789 0.43507
0.510742 0.436675
0.512695 0.438278
0.514648 0.439882
0.516602 0.441484
0.518555 0.443086
0.520508 0.444687
0.522461 0.446288
0.524414 0.447888
0.526367 0.449487
0.52832 0.451086
0.530273 0.452684
0.532227 0.454281
0.53418 0.455878
0.536133 0.457474
0.538086 0.45907
0.540039 0.460664
0.541992 0.462259
0.543945 0.463852
0.545898 0.465445
0.547852 0.467037
0.549805 0.468628
0.551758 0.470219
0.553711 0.471809
0.555664 0.473398
0.557617 0.474987
0.55957 0.476575
0.561523 0.478162
0.563477 0.479749
0.56543 0.481335
0.567383 0.48292
0.569336 0.484505
0.571289 0.486089
0.573242 0.487672
0.575195 0.489254
0.577148 0.490836
0.579102 0.492417
0.581055 0.493998
0.583008 0.495577
0.584961 0.497156
0.586914 0.498734
0.588867 0.500312
0.59082 0.501889
0.592773 0.503465
0.594727 0.50504
0.59668 0.506614
0.598633 0.508188
0.600586 0.509761
0.602539 0.511334
0.604492 0.512906
0.606445 0.514476
0.608398 0.516047
0.610352 0.517616
0.612305 0.519185
0.614258 0.520753
0.616211 0.52232
0.618164 0.523886
0.620117 0.525452
0.62207 0.527017
0.624023 0.528581
0.625977 0.530144
0.62793 0.531707
0.629883 0.533269
0.631836 0.53483
0.633789 0.53639
0.635742 0.537949
0.637695 0.539508
0.639648 0.541066
0.641602 0.542623
0.643555 0.54418
0.645508 0.545735
0.647461 0.54729
0.649414 0.548844
0.651367 0.550397
0.65332 0.551949
0.655273 0.553501
0.657227 0.555051
0.65918 0.556601
0.661133 0.55815
0.663086 0.559699
0.665039 0.561246
0.666992 0.562793
0.668945 0.564338
0.670898 0.565883
0.672852 0.567427
0.674805 0.568971
0.676758 0.570513
0.678711 0.572055
0.680664 0.573595
0.682617 0.575135
0.68457 0.576674
0.686523 0.578212
0.688477 0.57975
0.69043 0.581286
0.692383 0.582822
0.694336 0.584356
0.696289 0.58589
0.698242 0.587423
0.700195 0.588955
0.702148 0.590486
0.704102 0.592016
0.706055 0.593546
0.708008 0.595074
0.709961 0.596602
0.711914 0.598128
0.713867 0.599654
0.71582 0.601179
0.717773 0.602703
0.719727 0.604226
0.72168 0.605748
0.723633 0.607269
0.725586 0.608789
0.727539 0.610309
0.729492 0.611827
0.731445 0.613344
0.733398 0.614861
0.735352 0.616376
0.737305 0.617891
0.739258 0.619405
0.741211 0.620917
0.743164 0.622429
0.745117 0.62394
0.74707 0.625449
0.749023 0.626958
0.750977 0.628466
0.75293 0.629973
0.754883 0.631479
0.756836 0.632983
0.758789 0.634487
0.760742 0.63599
0.762695 0.637492
0.764648 0.638993
0.766602 0.640493
0.768555 0.641991
0.770508 0.643489
0.772461 0.644986
0.774414 0.646481
0.776367 0.647976
0.77832 0.64947
0.780273 0.650962
0.782227 0.652454
0.78418 0.653944
0.786133 0.655434
0.788086 0.656922
0.790039 0.658409
0.791992 0.659895
0.793945 0.661381
0.795898 0.662865
0.797852 0.664348
0.799805 0.665829
0.801758 0.66731
0.803711 0.66879
0.805664 0.670268
0.807617 0.671746
0.80957 0.673222
0.811523 0.674697
0.813477 0.676171
0.81543 0.677644
0.817383 0.679116
0.819336 0.680587
0.821289 0.682056
0.823242 0.683525
0.825195 0.684992
0.827148 0.686458
0.829102 0.687923
0.831055 0.689386
0.833008 0.690849
0.834961 0.69231
0.836914 0.69377
0.838867 0.695229
0.84082 0.696687
0.842773 0.698144
0.844727 0.699599
0.84668 0.701053
0.848633 0.702505
0.850586 0.703958
0.852539 0.705407
0.854492 0.706858
0.856445 0.708304
0.858398 0.709753
0.860352 0.711195
0.862305 0.712643
0.864258 0.71408
0.866211 0.71553
0.868164 0.716959
0.870117 0.718413
0.87207 0.719831
0.874023 0.721293
0.875977 0.722693
0.87793 0.724173
0.879883 0.725544
0.881836 0.727057
0.883789 0.728379
0.885742 0.72995
0.887695 0.731188
0.889648 0.732863
0.891602 0.733956
0.893555 0.735818
0.895508 0.736659
0.897461 0.738846
0.899414 0.739252
0.901367 0.742009
0.90332 0.741655
0.905273 0.745409
0.907227 0.743736
0.90918 0.749227
0.911133 0.745263
0.913086 0.753779
0.915039 0.745841
0.916992 0.759622
0.918945 0.744799
0.920898 0.767741
0.922852 0.741026
0.924805 0.779917
0.926758 0.732729
0.928711 0.799444
0.930664 0.717201
0.932617 0.832657
0.93457 0.690893
0.936523 0.89232
0.938477 0.650815
0.94043 1.00531
0.942383 0.599637
0.944336 1.22783
0.946289 0.556005
0.948242 1.65895
0.950195 0.557478
0.952148 2.39309
0.954102 0.632885
0.956055 3.40825
0.958008 0.775009
0.959961 4.59796
0.961914 0.958485
0.963867 5.87893
0.96582 1.16429
0.967773 7.2076
0.969727 1.3823
0.97168 8.56267
0.973633 1.6074
0.975586 9.93329
0.977539 1.83687
0.979492 11.3136
0.981445 2.0692
0.983398 12.7002
0.985352 2.30347
0.987305 14.0911
0.989258 2.5391
0.991211 15.4849
0.993164 2.77572
0.995117 16.8809
0.99707 -0.145106
0.999023 -0.167527
1 0
