0 0
0.000976562 0.000855116
0.00292969 0.00256534
0.00488281 0.00427553
0.00683594 0.00598568
0.00878906 0.00769576
0.0107422 0.00940577
0.0126953 0.0111157
0.0146484 0.0128255
0.0166016 0.0145351
0.0185547 0.0162446
0.0205078 0.0179539
0.0224609 0.0196631
0.0244141 0.0213721
0.0263672 0.0230808
0.0283203 0.0247894
0.0302734 0.0264977
0.0322266 0.0282057
0.0341797 0.0299135
0.0361328 0.0316211
0.0380859 0.0333283
0.0400391 0.0350353
0.0419922 0.036742
0.0439453 0.0384485
0.0458984 0.0401546
0.0478516 0.0418604
0.0498047 0.0435659
0.0517578 0.045271
0.0537109 0.0469759
0.0556641 0.0486804
0.0576172 0.0503846
0.0595703 0.0520885
0.0615234 0.053792
0.0634766 0.0554952
0.0654297 0.057198
0.0673828 0.0589006
0.0693359 0.0606027
0.0712891 0.0623045
0.0732422 0.064006
0.0751953 0.0657072
0.0771484 0.0674079
0.0791016 0.0691084
0.0810547 0.0708084
0.0830078 0.0725082
0.0849609 0.0742075
0.0869141 0.0759065
0.0888672 0.0776052
0.0908203 0.0793035
0.0927734 0.0810014
0.0947266 0.082699
0.0966797 0.0843962
0.0986328 0.0860931
0.100586 0.0877896
0.102539 0.0894858
0.104492 0.0911815
0.106445 0.0928769
0.108398 0.094572
0.110352 0.0962667
0.112305 0.097961
0.114258 0.0996549
0.116211 0.101349
0.118164 0.103042
0.120117 0.104735
0.12207 0.106427
0.124023 0.108119
0.125977 0.109811
0.12793 0.111502
0.129883 0.113193
0.131836 0.114884
0.133789 0.116574
0.135742 0.118264
0.137695 0.119953
0.139648 0.121643
0.141602 0.123331
0.143555 0.12502
0.145508 0.126708
0.147461 0.128395
0.149414 0.130082
0.151367 0.131769
0.15332 0.133456
0.155273 0.135142
0.157227 0.136827
0.15918 0.138513
0.161133 0.140198
0.163086 0.141882
0.165039 0.143566
0.166992 0.14525
0.168945 0.146933
0.170898 0.148616
0.172852 0.150299
0.174805 0.151981
0.176758 0.153663
0.178711 0.155344
0.180664 0.157025
0.182617 0.158706
0.18457 0.160386
0.186523 0.162066
0.188477 0.163745
0.19043 0.165424
0.192383 0.167103
0.194336 0.168781
0.196289 0.170458
0.198242 0.172136
0.200195 0.173813
0.202148 0.175489
0.204102 0.177166
0.206055 0.178841
0.208008 0.180517
0.209961 0.182192
0.211914 0.183866
0.213867 0.18554
0.21582 0.187214
0.217773 0.188887
0.219727 0.19056
0.22168 0.192232
0.223633 0.193905
0.225586 0.195576
0.227539 0.197247
0.229492 0.198918
0.231445 0.200588
0.233398 0.202258
0.235352 0.203928
0.237305 0.205597
0.239258 0.207266
0.241211 0.208934
0.243164 0.210602
0.245117 0.212269
0.24707 0.213936
0.249023 0.215603
0.250977 0.217269
0.25293 0.218934
0.254883 0.2206
0.256836 0.222264
0.258789 0.223929
0.260742 0.225593
0.262695 0.227256
0.264648 0.228919
0.266602 0.230582
0.268555 0.232244
0.270508 0.233906
0.272461 0.235567
0.274414 0.237228
0.276367 0.238888
0.27832 0.240548
0.280273 0.242208
0.282227 0.243867
0.28418 0.245525
0.286133 0.247183
0.288086 0.248841
0.290039 0.250498
0.291992 0.252155
0.293945 0.253812
0.295898 0.255467
0.297852 0.257123
0.299805 0.258778
0.301758 0.260432
0.303711 0.262086
0.305664 0.26374
0.307617 0.265393
0.30957 0.267046
0.311523 0.268698
0.313477 0.27035
0.31543 0.272001
0.317383 0.273652
0.319336 0.275302
0.321289 0.276952
0.323242 0.278601
0.325195 0.28025
0.327148 0.281899
0.329102 0.283547
0.331055 0.285194
0.333008 0.286841
0.334961 0.288488
0.336914 0.290134
0.338867 0.291779
0.34082 0.293424
0.342773 0.295069
0.344727 0.296713
0.34668 0.298357
0.348633 0.3
0.350586 0.301642
0.352539 0.303284
0.354492 0.304926
0.356445 0.306567
0.358398 0.308208
0.360352 0.309848
0.362305 0.311488
0.364258 0.313127
0.366211 0.314766
0.368164 0.316404
0.370117 0.318041
0.37207 0.319679
0.374023 0.321315
0.375977 0.322951
0.37793 0.324587
0.379883 0.326222
0.381836 0.327857
0.383789 0.329491
0.385742 0.331124
0.387695 0.332757
0.389648 0.33439
0.391602 0.336022
0.393555 0.337653
0.395508 0.339284
0.397461 0.340915
0.399414 0.342545
0.401367 0.344174
0.40332 0.345803
0.405273 0.347432
0.407227 0.349059
0.40918 0.350687
0.411133 0.352313
0.413086 0.35394
0.415039 0.355565
0.416992 0.357191
0.418945 0.358815
0.420898 0.360439
0.422852 0.362063
0.424805 0.363686
0.426758 0.365308
0.428711 0.36693
0.430664 0.368551
0.432617 0.370172
0.43457 0.371792
0.436523 0.373412
0.438477 0.375031
0.44043 0.37665
0.442383 0.378268
0.444336 0.379885
0.446289 0.381502
0.448242 0.383119
0.450195 0.384734
0.452148 0.38635
0.454102 0.387964
0.456055 0.389578
0.458008 0.391192
0.459961 0.392805
0.461914 0.394417
0.463867 0.396029
0.46582 0.39764
0.467773 0.399251
0.469727 0.400861
0.47168 0.40247
0.473633 0.404079
0.475586 0.405687
0.477539 0.407295
0.479492 0.408902
0.481445 0.410509
0.483398 0.412115
0.485352 0.41372
0.487305 0.415325
0.489258 0.416929
0.491211 0.418532
0.493164 0.420135
0.495117 0.421738
0.49707 0.423339
0.499023 0.42494
0.500977 0.426541
0.50293 0.428141
0.504883 0.42974
0.506836 0.431339
0.508789 0.432937
0.510742 0.434534
0.512695 0.436131
0.514648 0.437727
0.516602 0.439323
0.518555 0.440918
0.520508 0.442512
0.522461 0.444106
0.524414 0.445699
0.526367 0.447291
0.52832 0.448883
0.530273 0.450474
0.532227 0.452065
0.53418 0.453654
0.536133 0.455244
0.538086 0.456832
0.540039 0.45842
0.541992 0.460007
0.543945 0.461594
0.545898 0.46318
0.547852 0.464765
0.549805 0.46635
0.551758 0.467934
0.553711 0.469517
0.555664 0.4711
0.557617 0.472682
0.55957 0.474263
0.561523 0.475843
0.563477 0.477423
0.56543 0.479003
0.567383 0.480581
0.569336 0.482159
0.571289 0.483736
0.573242 0.485313
0.575195 0.486889
0.577148 0.488464
0.579102 0.490038
0.581055 0.491612
0.583008 0.493185
0.584961 0.494758
0.586914 0.496329
0.588867 0.4979
0.59082 0.499471
0.592773 0.50104
0.594727 0.502609
0.59668 0.504177
0.598633 0.505745
0.600586 0.507311
0.602539 0.508877
0.604492 0.510442
0.606445 0.512007
0.608398 0.513571
0.610352 0.515134
0.612305 0.516696
0.614258 0.518258
0.616211 0.519819
0.618164 0.521379
0.620117 0.522938
0.62207 0.524497
0.624023 0.526055
0.625977 0.527612
0.62793 0.529168
0.629883 0.530724
0.631836 0.532278
0.633789 0.533833
0.635742 0.535386
0.637695 0.536938
0.639648 0.53849
0.641602 0.540041
0.643555 0.541591
0.645508 0.543141
0.647461 0.54469
0.649414 0.546237
0.651367 0.547785
0.65332 0.549331
0.655273 0.550876
0.657227 0.552421
0.65918 0.553965
0.661133 0.555508
0.663086 0.55705
0.665039 0.558592
0.666992 0.560133
0.668945 0.561672
0.670898 0.563212
0.672852 0.56475
0.674805 0.566287
0.676758 0.567824
0.678711 0.56936
0.680664 0.570894
0.682617 0.572429
0.68457 0.573962
0.686523 0.575494
0.688477 0.577026
0.69043 0.578557
0.692383 0.580086
0.694336 0.581615
0.696289 0.583144
0.698242 0.584671
0.700195 0.586197
0.702148 0.587723
0.704102 0.589248
0.706055 0.590771
0.708008 0.592294
0.709961 0.593816
0.711914 0.595337
0.713867 0.596858
0.71582 0.598377
0.717773 0.599896
0.719727 0.601413
0.72168 0.60293
0.723633 0.604446
0.725586 0.605961
0.727539 0.607475
0.729492 0.608988
0.731445 0.6105
0.733398 0.612011
0.735352 0.613521
0.737305 0.61503
0.739258 0.616539
0.741211 0.618046
0.743164 0.619553
0.745117 0.621058
0.74707 0.622563
0.749023 0.624067
0.750977 0.625569
0.75293 0.627071
0.754883 0.628572
0.756836 0.630072
0.758789 0.63157
0.760742 0.633068
0.762695 0.634565
0.764648 0.636061
0.766602 0.637556
0.768555 0.63905
0.770508 0.640543
0.772461 0.642035
0.774414 0.643525
0.776367 0.645015
0.77832 0.646504
0.780273 0.647992
0.782227 0.649479
0.78418 0.650964
0.786133 0.652449
0.788086 0.653933
0.790039 0.655415
0.791992 0.656897
0.793945 0.658378
0.795898 0.659857
0.797852 0.661335
0.799805 0.662813
0.801758 0.664289
0.803711 0.665764
0.805664 0.667238
0.807617 0.668711
0.80957 0.670183
0.811523 0.671654
0.813477 0.673124
0.81543 0.674592
0.817383 0.67606
0.819336 0.677526
0.821289 0.678992
0.823242 0.680456
0.825195 0.681919
0.827148 0.683381
0.829102 0.684841
0.831055 0.686301
0.833008 0.687759
0.834961 0.689217
0.836914 0.690673
0.838867 0.692128
0.84082 0.693581
0.842773 0.695034
0.844727 0.696485
0.84668 0.697936
0.848633 0.699384
0.850586 0.700833
0.852539 0.702278
0.854492 0.703725
0.856445 0.705167
0.858398 0.706613
0.860352 0.708051
0.862305 0.709496
0.864258 0.710929
0.866211 0.712375
0.868164 0.713801
0.870117 0.715251
0.87207 0.716666
0.874023 0.718124
0.875977 0.719522
0.87793 0.720997
0.879883 0.722366
0.881836 0.723874
0.883789 0.725194
0.885742 0.72676
0.887695 0.727997
0.889648 0.729667
0.891602 0.73076
0.893555 0.732614
0.895508 0.733457
0.897461 0.735637
0.899414 0.736043
0.901367 0.738793
0.90332 0.738439
0.905273 0.742189
0.907227 0.740511
0.90918 0.746008
0.911133 0.742023
0.913086 0.750569
0.915039 0.742575
0.916992 0.756438
0.918945 0.741484
0.920898 0.764622
0.922852 0.737616
0.924805 0.776943
0.926758 0.729144
0.928711 0.796784
0.930664 0.713308
0.932617 0.830677
0.93457 0.686515
0.936523 0.891852
0.938477 0.645852
0.94043 1.00828
0.942383 0.594485
0.944336 1.23848
0.946289 0.552241
0.948242 1.68411
0.950195 0.557428
0.952148 2.4365
0.954102 0.637397
0.956055 3.46562
0.958008 0.782924
0.959961 4.6633
0.961914 0.968392
0.963867 5.94855
0.96582 1.17532
0.967773 7.2796
0.969727 1.394
0.97168 8.63607
0.973633 1.61952
0.975586 10.0075
0.977539 1.84927
0.979492 11.3884
0.981445 2.08178
0.983398 12.7754
0.985352 2.31618
0.987305 14.1665
0.989258 2.55191
0.991211 15.5605
0.993164 2.78861
0.995117 16.9565
0.99707 -0.145109
0.999023 -0.167651
1 0
