0 0
0.000976562 0.000853622
0.00292969 0.00256086
0.00488281 0.00426806
0.00683594 0.00597522
0.00878906 0.00768232
0.0107422 0.00938933
0.0126953 0.0110963
0.0146484 0.0128031
0.0166016 0.0145097
0.0185547 0.0162162
0.0205078 0.0179226
0.0224609 0.0196288
0.0244141 0.0213348
0.0263672 0.0230405
0.0283203 0.0247461
0.0302734 0.0264514
0.0322266 0.0281565
0.0341797 0.0298613
0.0361328 0.0315659
0.0380859 0.0332702
0.0400391 0.0349742
0.0419922 0.036678
0.0439453 0.0383814
0.0458984 0.0400846
0.0478516 0.0417874
0.0498047 0.04349
0.0517578 0.0451922
0.0537109 0.0468941
0.0556641 0.0485956
0.0576172 0.0502969
0.0595703 0.0519978
0.0615234 0.0536984
0.0634766 0.0553986
0.0654297 0.0570986
0.0673828 0.0587981
0.0693359 0.0604974
0.0712891 0.0621962
0.0732422 0.0638948
0.0751953 0.065593
0.0771484 0.0672908
0.0791016 0.0689883
0.0810547 0.0706855
0.0830078 0.0723823
0.0849609 0.0740787
0.0869141 0.0757748
0.0888672 0.0774706
0.0908203 0.0791659
0.0927734 0.080861
0.0947266 0.0825556
0.0966797 0.0842499
0.0986328 0.0859439
0.100586 0.0876375
0.102539 0.0893307
0.104492 0.0910236
0.106445 0.0927161
0.108398 0.0944083
0.110352 0.0961
0.112305 0.0977915
0.114258 0.0994825
0.116211 0.101173
0.118164 0.102864
0.120117 0.104553
0.12207 0.106243
0.124023 0.107932
0.125977 0.109621
0.12793 0.11131
0.129883 0.112998
0.131836 0.114685
0.133789 0.116373
0.135742 0.11806
0.137695 0.119746
0.139648 0.121433
0.141602 0.123119
0.143555 0.124804
0.145508 0.126489
0.147461 0.128174
0.149414 0.129858
0.151367 0.131542
0.15332 0.133226
0.155273 0.134909
0.157227 0.136592
0.15918 0.138274
0.161133 0.139956
0.163086 0.141638
0.165039 0.143319
0.166992 0.145
0.168945 0.146681
0.170898 0.148361
0.172852 0.15004
0.174805 0.15172
0.176758 0.153399
0.178711 0.155077
0.180664 0.156755
0.182617 0.158433
0.18457 0.160111
0.186523 0.161788
0.188477 0.163464
0.19043 0.16514
0.192383 0.166816
0.194336 0.168491
0.196289 0.170166
0.198242 0.171841
0.200195 0.173515
0.202148 0.175189
0.204102 0.176862
0.206055 0.178535
0.208008 0.180208
0.209961 0.18188
0.211914 0.183552
0.213867 0.185223
0.21582 0.186894
0.217773 0.188564
0.219727 0.190234
0.22168 0.191904
0.223633 0.193573
0.225586 0.195242
0.227539 0.196911
0.229492 0.198579
0.231445 0.200246
0.233398 0.201913
0.235352 0.20358
0.237305 0.205247
0.239258 0.206912
0.241211 0.208578
0.243164 0.210243
0.245117 0.211908
0.24707 0.213572
0.249023 0.215236
0.250977 0.216899
0.25293 0.218562
0.254883 0.220224
0.256836 0.221886
0.258789 0.223548
0.260742 0.225209
0.262695 0.22687
0.264648 0.22853
0.266602 0.23019
0.268555 0.23185
0.270508 0.233509
0.272461 0.235167
0.274414 0.236825
0.276367 0.238483
0.27832 0.24014
0.280273 0.241797
0.282227 0.243453
0.28418 0.245109
0.286133 0.246765
0.288086 0.24842
0.290039 0.250074
0.291992 0.251729
0.293945 0.253382
0.295898 0.255035
0.297852 0.256688
0.299805 0.25834
0.301758 0.259992
0.303711 0.261644
0.305664 0.263295
0.307617 0.264945
0.30957 0.266595
0.311523 0.268245
0.313477 0.269894
0.31543 0.271542
0.317383 0.27319
0.319336 0.274838
0.321289 0.276485
0.323242 0.278132
0.325195 0.279778
0.327148 0.281424
0.329102 0.283069
0.331055 0.284714
0.333008 0.286359
0.334961 0.288002
0.336914 0.289646
0.338867 0.291289
0.34082 0.292931
0.342773 0.294573
0.344727 0.296215
0.34668 0.297856
0.348633 0.299496
0.350586 0.301136
0.352539 0.302776
0.354492 0.304415
0.356445 0.306053
0.358398 0.307691
0.360352 0.309329
0.362305 0.310966
0.364258 0.312603
0.366211 0.314239
0.368164 0.315874
0.370117 0.317509
0.37207 0.319144
0.374023 0.320778
0.375977 0.322412
0.37793 0.324045
0.379883 0.325677
0.381836 0.327309
0.383789 0.328941
0.385742 0.330572
0.387695 0.332202
0.389648 0.333832
0.391602 0.335462
0.393555 0.337091
0.395508 0.338719
0.397461 0.340347
0.399414 0.341975
0.401367 0.343601
0.40332 0.345228
0.405273 0.346854
0.407227 0.348479
0.40918 0.350104
0.411133 0.351728
0.413086 0.353352
0.415039 0.354975
0.416992 0.356598
0.418945 0.35822
0.420898 0.359841
0.422852 0.361462
0.424805 0.363083
0.426758 0.364703
0.428711 0.366322
0.430664 0.367941
0.432617 0.369559
0.43457 0.371177
0.436523 0.372794
0.438477 0.374411
0.44043 0.376027
0.442383 0.377643
0.444336 0.379258
0.446289 0.380872
0.448242 0.382486
0.450195 0.384099
0.452148 0.385712
0.454102 0.387324
0.456055 0.388936
0.458008 0.390547
0.459961 0.392158
0.461914 0.393768
0.463867 0.395377
0.46582 0.396986
0.467773 0.398594
0.469727 0.400202
0.47168 0.401809
0.473633 0.403415
0.475586 0.405021
0.477539 0.406626
0.479492 0.408231
0.481445 0.409835
0.483398 0.411439
0.485352 0.413042
0.487305 0.414644
0.489258 0.416246
0.491211 0.417847
0.493164 0.419447
0.495117 0.421047
0.49707 0.422647
0.499023 0.424245
0.500977 0.425844
0.50293 0.427441
0.504883 0.429038
0.506836 0.430634
0.508789 0.43223
0.510742 0.433825
0.512695 0.43542
0.514648 0.437014
0.516602 0.438607
0.518555 0.440199
0.520508 0.441791
0.522461 0.443383
0.524414 0.444973
0.526367 0.446564
0.52832 0.448153
0.530273 0.449742
0.532227 0.45133
0.53418 0.452918
0.536133 0.454505
0.538086 0.456091
0.540039 0.457676
0.541992 0.459261
0.543945 0.460846
0.545898 0.462429
0.547852 0.464012
0.549805 0.465595
0.551758 0.467177
0.553711 0.468758
0.555664 0.470338
0.557617 0.471918
0.55957 0.473497
0.561523 0.475075
0.563477 0.476653
0.56543 0.47823
0.567383 0.479806
0.569336 0.481382
0.571289 0.482957
0.573242 0.484531
0.575195 0.486105
0.577148 0.487678
0.579102 0.48925
0.581055 0.490822
0.583008 0.492393
0.584961 0.493963
0.586914 0.495532
0.588867 0.497101
0.59082 0.498669
0.592773 0.500237
0.594727 0.501803
0.59668 0.503369
0.598633 0.504935
0.600586 0.506499
0.602539 0.508063
0.604492 0.509626
0.606445 0.511189
0.608398 0.51275
0.610352 0.514311
0.612305 0.515871
0.614258 0.517431
0.616211 0.51899
0.618164 0.520548
0.620117 0.522105
0.62207 0.523662
0.624023 0.525217
0.625977 0.526772
0.62793 0.528327
0.629883 0.52988
0.631836 0.531433
0.633789 0.532985
0.635742 0.534536
0.637695 0.536087
0.639648 0.537637
0.641602 0.539186
0.643555 0.540734
0.645508 0.542281
0.647461 0.543828
0.649414 0.545374
0.651367 0.546919
0.65332 0.548463
0.655273 0.550007
0.657227 0.551549
0.65918 0.553091
0.661133 0.554632
0.663086 0.556173
0.665039 0.557712
0.666992 0.559251
0.668945 0.560789
0.670898 0.562326
0.672852 0.563862
0.674805 0.565398
0.676758 0.566932
0.678711 0.568466
0.680664 0.569999
0.682617 0.571531
0.68457 0.573063
0.686523 0.574593
0.688477 0.576123
0.69043 0.577652
0.692383 0.57918
0.694336 0.580707
0.696289 0.582233
0.698242 0.583759
0.700195 0.585283
0.702148 0.586807
0.704102 0.58833
0.706055 0.589852
0.708008 0.591373
0.709961 0.592893
0.711914 0.594412
0.713867 0.595931
0.71582 0.597448
0.717773 0.598965
0.719727 0.600481
0.72168 0.601996
0.723633 0.60351
0.725586 0.605023
0.727539 0.606535
0.729492 0.608046
0.731445 0.609557
0.733398 0.611066
0.735352 0.612574
0.737305 0.614082
0.739258 0.615589
0.741211 0.617094
0.743164 0.618599
0.745117 0.620103
0.74707 0.621606
0.749023 0.623108
0.750977 0.624609
0.75293 0.626109
0.754883 0.627608
0.756836 0.629106
0.758789 0.630603
0.760742 0.632099
0.762695 0.633595
0.764648 0.635089
0.766602 0.636582
0.768555 0.638074
0.770508 0.639566
0.772461 0.641056
0.774414 0.642545
0.776367 0.644033
0.77832 0.645521
0.780273 0.647007
0.782227 0.648492
0.78418 0.649976
0.786133 0.651459
0.788086 0.652941
0.790039 0.654423
0.791992 0.655903
0.793945 0.657382
0.795898 0.65886
0.797852 0.660336
0.799805 0.661812
0.801758 0.663287
0.803711 0.664761
0.805664 0.666233
0.807617 0.667705
0.80957 0.669175
0.811523 0.670645
0.813477 0.672113
0.81543 0.67358
0.817383 0.675046
0.819336 0.676511
0.821289 0.677975
0.823242 0.679438
0.825195 0.680899
0.827148 0.68236
0.829102 0.683819
0.831055 0.685277
0.833008 0.686734
0.834961 0.68819
0.836914 0.689645
0.838867 0.691099
0.84082 0.692551
0.842773 0.694002
0.844727 0.695452
0.84668 0.696901
0.848633 0.698349
0.850586 0.699796
0.852539 0.70124
0.854492 0.702686
0.856445 0.704127
0.858398 0.705571
0.860352 0.707008
0.862305 0.708452
0.864258 0.709883
0.866211 0.711328
0.868164 0.712753
0.870117 0.714202
0.87207 0.715615
0.874023 0.717073
0.875977 0.718469
0.87793 0.719943
0.879883 0.721311
0.881836 0.722817
0.883789 0.724137
0.885742 0.725701
0.887695 0.726938
0.889648 0.728606
0.891602 0.729699
0.893555 0.731551
0.895508 0.732394
0.897461 0.734571
0.899414 0.734978
0.901367 0.737726
0.90332 0.737372
0.905273 0.741121
0.907227 0.739441
0.90918 0.744939
0.911133 0.740948
0.913086 0.749503
0.915039 0.741491
0.916992 0.755381
0.918945 0.740384
0.920898 0.763587
0.922852 0.736484
0.924805 0.775956
0.926758 0.727953
0.928711 0.795903
0.930664 0.712014
0.932617 0.830025
0.93457 0.685059
0.936523 0.891712
0.938477 0.644203
0.94043 1.00931
0.942383 0.592783
0.944336 1.24213
0.946289 0.551025
0.948242 1.69264
0.950195 0.557467
0.952148 2.45108
0.954102 0.638944
0.956055 3.48474
0.958008 0.785578
0.959961 4.685
0.961914 0.971691
0.963867 5.97163
0.96582 1.17898
0.967773 7.30345
0.969727 1.39788
0.97168 8.66037
0.973633 1.62353
0.975586 10.0321
0.977539 1.85337
0.979492 11.4132
0.981445 2.08595
0.983398 12.8002
0.985352 2.32039
0.987305 14.1914
0.989258 2.55615
0.991211 15.5854
0.993164 2.79287
0.995117 16.9815
0.99707 -0.14511
0.999023 -0.167691
1 0
