0 0
0.000976562 0.00085139
0.00292969 0.00255416
0.00488281 0.00425691
0.00683594 0.0059596
0.00878906 0.00766224
0.0107422 0.00936479
0.0126953 0.0110673
0.0146484 0.0127696
0.0166016 0.0144718
0.0185547 0.0161739
0.0205078 0.0178758
0.0224609 0.0195775
0.0244141 0.021279
0.0263672 0.0229804
0.0283203 0.0246815
0.0302734 0.0263824
0.0322266 0.028083
0.0341797 0.0297834
0.0361328 0.0314835
0.0380859 0.0331834
0.0400391 0.034883
0.0419922 0.0365823
0.0439453 0.0382813
0.0458984 0.0399801
0.0478516 0.0416785
0.0498047 0.0433766
0.0517578 0.0450744
0.0537109 0.0467719
0.0556641 0.0484691
0.0576172 0.0501659
0.0595703 0.0518624
0.0615234 0.0535586
0.0634766 0.0552545
0.0654297 0.05695
0.0673828 0.0586452
0.0693359 0.06034
0.0712891 0.0620345
0.0732422 0.0637287
0.0751953 0.0654225
0.0771484 0.0671159
0.0791016 0.0688091
0.0810547 0.0705018
0.0830078 0.0721943
0.0849609 0.0738864
0.0869141 0.0755781
0.0888672 0.0772695
0.0908203 0.0789605
0.0927734 0.0806512
0.0947266 0.0823415
0.0966797 0.0840314
0.0986328 0.085721
0.100586 0.0874103
0.102539 0.0890992
0.104492 0.0907877
0.106445 0.0924759
0.108398 0.0941637
0.110352 0.0958512
0.112305 0.0975383
0.114258 0.099225
0.116211 0.100911
0.118164 0.102597
0.120117 0.104283
0.12207 0.105968
0.124023 0.107653
0.125977 0.109338
0.12793 0.111022
0.129883 0.112706
0.131836 0.114389
0.133789 0.116072
0.135742 0.117755
0.137695 0.119437
0.139648 0.121119
0.141602 0.122801
0.143555 0.124482
0.145508 0.126163
0.147461 0.127843
0.149414 0.129523
0.151367 0.131203
0.15332 0.132882
0.155273 0.134561
0.157227 0.13624
0.15918 0.137918
0.161133 0.139596
0.163086 0.141273
0.165039 0.14295
0.166992 0.144627
0.168945 0.146303
0.170898 0.147979
0.172852 0.149655
0.174805 0.15133
0.176758 0.153005
0.178711 0.154679
0.180664 0.156353
0.182617 0.158026
0.18457 0.159699
0.186523 0.161372
0.188477 0.163045
0.19043 0.164717
0.192383 0.166388
0.194336 0.168059
0.196289 0.16973
0.198242 0.1714
0.200195 0.17307
0.202148 0.17474
0.204102 0.176409
0.206055 0.178078
0.208008 0.179746
0.209961 0.181414
0.211914 0.183082
0.213867 0.184749
0.21582 0.186416
0.217773 0.188082
0.219727 0.189748
0.22168 0.191414
0.223633 0.193079
0.225586 0.194743
0.227539 0.196408
0.229492 0.198072
0.231445 0.199735
0.233398 0.201398
0.235352 0.203061
0.237305 0.204723
0.239258 0.206385
0.241211 0.208046
0.243164 0.209707
0.245117 0.211368
0.24707 0.213028
0.249023 0.214687
0.250977 0.216347
0.25293 0.218006
0.254883 0.219664
0.256836 0.221322
0.258789 0.222979
0.260742 0.224637
0.262695 0.226293
0.264648 0.22795
0.266602 0.229605
0.268555 0.231261
0.270508 0.232916
0.272461 0.23457
0.274414 0.236224
0.276367 0.237878
0.27832 0.239531
0.280273 0.241184
0.282227 0.242836
0.28418 0.244488
0.286133 0.246139
0.288086 0.24779
0.290039 0.249441
0.291992 0.251091
0.293945 0.252741
0.295898 0.25439
0.297852 0.256039
0.299805 0.257687
0.301758 0.259335
0.303711 0.260982
0.305664 0.262629
0.307617 0.264276
0.30957 0.265922
0.311523 0.267567
0.313477 0.269212
0.31543 0.270857
0.317383 0.272501
0.319336 0.274145
0.321289 0.275788
0.323242 0.277431
0.325195 0.279073
0.327148 0.280715
0.329102 0.282356
0.331055 0.283997
0.333008 0.285638
0.334961 0.287278
0.336914 0.288917
0.338867 0.290556
0.34082 0.292195
0.342773 0.293833
0.344727 0.29547
0.34668 0.297107
0.348633 0.298744
0.350586 0.30038
0.352539 0.302016
0.354492 0.303651
0.356445 0.305286
0.358398 0.30692
0.360352 0.308554
0.362305 0.310187
0.364258 0.311819
0.366211 0.313452
0.368164 0.315083
0.370117 0.316715
0.37207 0.318345
0.374023 0.319976
0.375977 0.321605
0.37793 0.323235
0.379883 0.324863
0.381836 0.326492
0.383789 0.328119
0.385742 0.329746
0.387695 0.331373
0.389648 0.332999
0.391602 0.334625
0.393555 0.33625
0.395508 0.337875
0.397461 0.339499
0.399414 0.341123
0.401367 0.342746
0.40332 0.344368
0.405273 0.34599
0.407227 0.347612
0.40918 0.349233
0.411133 0.350853
0.413086 0.352473
0.415039 0.354093
0.416992 0.355712
0.418945 0.35733
0.420898 0.358948
0.422852 0.360565
0.424805 0.362182
0.426758 0.363798
0.428711 0.365414
0.430664 0.367029
0.432617 0.368644
0.43457 0.370258
0.436523 0.371871
0.438477 0.373484
0.44043 0.375097
0.442383 0.376709
0.444336 0.37832
0.446289 0.379931
0.448242 0.381541
0.450195 0.383151
0.452148 0.38476
0.454102 0.386368
0.456055 0.387976
0.458008 0.389584
0.459961 0.391191
0.461914 0.392797
0.463867 0.394403
0.46582 0.396008
0.467773 0.397613
0.469727 0.399217
0.47168 0.40082
0.473633 0.402423
0.475586 0.404025
0.477539 0.405627
0.479492 0.407228
0.481445 0.408829
0.483398 0.410429
0.485352 0.412028
0.487305 0.413627
0.489258 0.415225
0.491211 0.416823
0.493164 0.41842
0.495117 0.420016
0.49707 0.421612
0.499023 0.423207
0.500977 0.424802
0.50293 0.426396
0.504883 0.427989
0.506836 0.429582
0.508789 0.431174
0.510742 0.432766
0.512695 0.434357
0.514648 0.435947
0.516602 0.437537
0.518555 0.439126
0.520508 0.440715
0.522461 0.442302
0.524414 0.44389
0.526367 0.445476
0.52832 0.447062
0.530273 0.448648
0.532227 0.450233
0.53418 0.451817
0.536133 0.4534
0.538086 0.454983
0.540039 0.456565
0.541992 0.458147
0.543945 0.459728
0.545898 0.461308
0.547852 0.462888
0.549805 0.464467
0.551758 0.466045
0.553711 0.467623
0.555664 0.4692
0.557617 0.470776
0.55957 0.472352
0.561523 0.473927
0.563477 0.475501
0.56543 0.477075
0.567383 0.478648
0.569336 0.480221
0.571289 0.481792
0.573242 0.483363
0.575195 0.484934
0.577148 0.486503
0.579102 0.488072
0.581055 0.489641
0.583008 0.491208
0.584961 0.492775
0.586914 0.494342
0.588867 0.495907
0.59082 0.497472
0.592773 0.499036
0.594727 0.5006
0.59668 0.502162
0.598633 0.503725
0.600586 0.505286
0.602539 0.506847
0.604492 0.508406
0.606445 0.509966
0.608398 0.511524
0.610352 0.513082
0.612305 0.514639
0.614258 0.516195
0.616211 0.517751
0.618164 0.519306
0.620117 0.52086
0.62207 0.522413
0.624023 0.523966
0.625977 0.525518
0.62793 0.527069
0.629883 0.52862
0.631836 0.530169
0.633789 0.531718
0.635742 0.533267
0.637695 0.534814
0.639648 0.536361
0.641602 0.537907
0.643555 0.539452
0.645508 0.540996
0.647461 0.54254
0.649414 0.544083
0.651367 0.545625
0.65332 0.547166
0.655273 0.548707
0.657227 0.550246
0.65918 0.551785
0.661133 0.553324
0.663086 0.554861
0.665039 0.556397
0.666992 0.557933
0.668945 0.559468
0.670898 0.561002
0.672852 0.562536
0.674805 0.564068
0.676758 0.5656
0.678711 0.567131
0.680664 0.568661
0.682617 0.57019
0.68457 0.571719
0.686523 0.573247
0.688477 0.574773
0.69043 0.576299
0.692383 0.577825
0.694336 0.579349
0.696289 0.580872
0.698242 0.582395
0.700195 0.583917
0.702148 0.585438
0.704102 0.586958
0.706055 0.588477
0.708008 0.589995
0.709961 0.591513
0.711914 0.593029
0.713867 0.594545
0.71582 0.59606
0.717773 0.597574
0.719727 0.599087
0.72168 0.600599
0.723633 0.60211
0.725586 0.603621
0.727539 0.60513
0.729492 0.606639
0.731445 0.608147
0.733398 0.609653
0.735352 0.611159
0.737305 0.612664
0.739258 0.614168
0.741211 0.615671
0.743164 0.617174
0.745117 0.618675
0.74707 0.620175
0.749023 0.621675
0.750977 0.623173
0.75293 0.624671
0.754883 0.626167
0.756836 0.627663
0.758789 0.629157
0.760742 0.630651
0.762695 0.632144
0.764648 0.633636
0.766602 0.635126
0.768555 0.636616
0.770508 0.638105
0.772461 0.639593
0.774414 0.64108
0.776367 0.642565
0.77832 0.64405
0.780273 0.645534
0.782227 0.647017
0.78418 0.648499
0.786133 0.64998
0.788086 0.651459
0.790039 0.652938
0.791992 0.654416
0.793945 0.655892
0.795898 0.657368
0.797852 0.658843
0.799805 0.660316
0.801758 0.661789
0.803711 0.66326
0.805664 0.664731
0.807617 0.6662
0.80957 0.667668
0.811523 0.669135
0.813477 0.670601
0.81543 0.672066
0.817383 0.67353
0.819336 0.674993
0.821289 0.676455
0.823242 0.677915
0.825195 0.679375
0.827148 0.680833
0.829102 0.682291
0.831055 0.683747
0.833008 0.685202
0.834961 0.686656
0.836914 0.688108
0.838867 0.68956
0.84082 0.69101
0.842773 0.69246
0.844727 0.693907
0.84668 0.695355
0.848633 0.6968
0.850586 0.698245
0.852539 0.699688
0.854492 0.701131
0.856445 0.70257
0.858398 0.704013
0.860352 0.705448
0.862305 0.70689
0.864258 0.70832
0.866211 0.709763
0.868164 0.711186
0.870117 0.712632
0.87207 0.714045
0.874023 0.7155
0.875977 0.716895
0.87793 0.718367
0.879883 0.719734
0.881836 0.721238
0.883789 0.722556
0.885742 0.724118
0.887695 0.725354
0.889648 0.727019
0.891602 0.728112
0.893555 0.729961
0.895508 0.730804
0.897461 0.732978
0.899414 0.733385
0.901367 0.73613
0.90332 0.735776
0.905273 0.739522
0.907227 0.73784
0.90918 0.74334
0.911133 0.73934
0.913086 0.747908
0.915039 0.739869
0.916992 0.7538
0.918945 0.738737
0.920898 0.762039
0.922852 0.734791
0.924805 0.774481
0.926758 0.726171
0.928711 0.794586
0.930664 0.710076
0.932617 0.829055
0.93457 0.682879
0.936523 0.891518
0.938477 0.641734
0.94043 1.01089
0.942383 0.590245
0.944336 1.24767
0.946289 0.549237
0.948242 1.70558
0.950195 0.557577
0.952148 2.47304
0.954102 0.641303
0.956055 3.51342
0.958008 0.789572
0.959961 4.71746
0.961914 0.976634
0.963867 6.00613
0.96582 1.18446
0.967773 7.33909
0.969727 1.40368
0.97168 8.69667
0.973633 1.62953
0.975586 10.0688
0.977539 1.8595
0.979492 11.4501
0.981445 2.09217
0.983398 12.8374
0.985352 2.32668
0.987305 14.2287
0.989258 2.56249
0.991211 15.6228
0.993164 2.79924
0.995117 17.0189
0.99707 -0.145111
0.999023 -0.167752
1 0
