0 0
0.000976562 0.000849909
0.00292969 0.00254972
0.00488281 0.0042495
0.00683594 0.00594924
0.00878906 0.00764891
0.0107422 0.00934851
0.0126953 0.011048
0.0146484 0.0127474
0.0166016 0.0144466
0.0185547 0.0161457
0.0205078 0.0178447
0.0224609 0.0195435
0.0244141 0.021242
0.0263672 0.0229404
0.0283203 0.0246386
0.0302734 0.0263365
0.0322266 0.0280342
0.0341797 0.0297317
0.0361328 0.0314289
0.0380859 0.0331258
0.0400391 0.0348224
0.0419922 0.0365188
0.0439453 0.0382149
0.0458984 0.0399107
0.0478516 0.0416062
0.0498047 0.0433014
0.0517578 0.0449962
0.0537109 0.0466908
0.0556641 0.048385
0.0576172 0.050079
0.0595703 0.0517725
0.0615234 0.0534658
0.0634766 0.0551587
0.0654297 0.0568513
0.0673828 0.0585436
0.0693359 0.0602355
0.0712891 0.0619271
0.0732422 0.0636184
0.0751953 0.0653093
0.0771484 0.0669998
0.0791016 0.0686901
0.0810547 0.0703799
0.0830078 0.0720695
0.0849609 0.0737587
0.0869141 0.0754475
0.0888672 0.077136
0.0908203 0.0788241
0.0927734 0.0805119
0.0947266 0.0821993
0.0966797 0.0838864
0.0986328 0.0855731
0.100586 0.0872595
0.102539 0.0889455
0.104492 0.0906312
0.106445 0.0923165
0.108398 0.0940014
0.110352 0.095686
0.112305 0.0973702
0.114258 0.0990541
0.116211 0.100738
0.118164 0.102421
0.120117 0.104103
0.12207 0.105786
0.124023 0.107468
0.125977 0.10915
0.12793 0.110831
0.129883 0.112512
0.131836 0.114193
0.133789 0.115873
0.135742 0.117553
0.137695 0.119232
0.139648 0.120911
0.141602 0.12259
0.143555 0.124268
0.145508 0.125946
0.147461 0.127624
0.149414 0.129301
0.151367 0.130978
0.15332 0.132655
0.155273 0.134331
0.157227 0.136006
0.15918 0.137682
0.161133 0.139357
0.163086 0.141031
0.165039 0.142706
0.166992 0.144379
0.168945 0.146053
0.170898 0.147726
0.172852 0.149399
0.174805 0.151071
0.176758 0.152743
0.178711 0.154414
0.180664 0.156085
0.182617 0.157756
0.18457 0.159427
0.186523 0.161097
0.188477 0.162766
0.19043 0.164435
0.192383 0.166104
0.194336 0.167772
0.196289 0.16944
0.198242 0.171108
0.200195 0.172775
0.202148 0.174442
0.204102 0.176108
0.206055 0.177774
0.208008 0.17944
0.209961 0.181105
0.211914 0.18277
0.213867 0.184434
0.21582 0.186098
0.217773 0.187762
0.219727 0.189425
0.22168 0.191088
0.223633 0.19275
0.225586 0.194412
0.227539 0.196074
0.229492 0.197735
0.231445 0.199396
0.233398 0.201056
0.235352 0.202716
0.237305 0.204375
0.239258 0.206034
0.241211 0.207693
0.243164 0.209351
0.245117 0.211009
0.24707 0.212667
0.249023 0.214323
0.250977 0.21598
0.25293 0.217636
0.254883 0.219292
0.256836 0.220947
0.258789 0.222602
0.260742 0.224256
0.262695 0.22591
0.264648 0.227564
0.266602 0.229217
0.268555 0.23087
0.270508 0.232522
0.272461 0.234174
0.274414 0.235825
0.276367 0.237476
0.27832 0.239127
0.280273 0.240777
0.282227 0.242426
0.28418 0.244076
0.286133 0.245724
0.288086 0.247373
0.290039 0.249021
0.291992 0.250668
0.293945 0.252315
0.295898 0.253961
0.297852 0.255608
0.299805 0.257253
0.301758 0.258898
0.303711 0.260543
0.305664 0.262187
0.307617 0.263831
0.30957 0.265475
0.311523 0.267117
0.313477 0.26876
0.31543 0.270402
0.317383 0.272043
0.319336 0.273685
0.321289 0.275325
0.323242 0.276965
0.325195 0.278605
0.327148 0.280244
0.329102 0.281883
0.331055 0.283521
0.333008 0.285159
0.334961 0.286796
0.336914 0.288433
0.338867 0.29007
0.34082 0.291706
0.342773 0.293341
0.344727 0.294976
0.34668 0.296611
0.348633 0.298245
0.350586 0.299878
0.352539 0.301511
0.354492 0.303144
0.356445 0.304776
0.358398 0.306408
0.360352 0.308039
0.362305 0.309669
0.364258 0.311299
0.366211 0.312929
0.368164 0.314558
0.370117 0.316187
0.37207 0.317815
0.374023 0.319443
0.375977 0.32107
0.37793 0.322697
0.379883 0.324323
0.381836 0.325949
0.383789 0.327574
0.385742 0.329198
0.387695 0.330823
0.389648 0.332446
0.391602 0.334069
0.393555 0.335692
0.395508 0.337314
0.397461 0.338936
0.399414 0.340557
0.401367 0.342177
0.40332 0.343798
0.405273 0.345417
0.407227 0.347036
0.40918 0.348655
0.411133 0.350273
0.413086 0.35189
0.415039 0.353507
0.416992 0.355124
0.418945 0.356739
0.420898 0.358355
0.422852 0.35997
0.424805 0.361584
0.426758 0.363198
0.428711 0.364811
0.430664 0.366424
0.432617 0.368036
0.43457 0.369647
0.436523 0.371259
0.438477 0.372869
0.44043 0.374479
0.442383 0.376088
0.444336 0.377697
0.446289 0.379306
0.448242 0.380914
0.450195 0.382521
0.452148 0.384127
0.454102 0.385734
0.456055 0.387339
0.458008 0.388944
0.459961 0.390549
0.461914 0.392153
0.463867 0.393756
0.46582 0.395359
0.467773 0.396961
0.469727 0.398562
0.47168 0.400163
0.473633 0.401764
0.475586 0.403364
0.477539 0.404963
0.479492 0.406562
0.481445 0.40816
0.483398 0.409758
0.485352 0.411355
0.487305 0.412951
0.489258 0.414547
0.491211 0.416142
0.493164 0.417737
0.495117 0.419331
0.49707 0.420925
0.499023 0.422517
0.500977 0.42411
0.50293 0.425701
0.504883 0.427293
0.506836 0.428883
0.508789 0.430473
0.510742 0.432062
0.512695 0.433651
0.514648 0.435239
0.516602 0.436826
0.518555 0.438413
0.520508 0.439999
0.522461 0.441585
0.524414 0.44317
0.526367 0.444754
0.52832 0.446338
0.530273 0.447921
0.532227 0.449504
0.53418 0.451086
0.536133 0.452667
0.538086 0.454247
0.540039 0.455827
0.541992 0.457407
0.543945 0.458985
0.545898 0.460563
0.547852 0.462141
0.549805 0.463718
0.551758 0.465294
0.553711 0.466869
0.555664 0.468444
0.557617 0.470018
0.55957 0.471592
0.561523 0.473165
0.563477 0.474737
0.56543 0.476308
0.567383 0.477879
0.569336 0.479449
0.571289 0.481019
0.573242 0.482588
0.575195 0.484156
0.577148 0.485723
0.579102 0.48729
0.581055 0.488856
0.583008 0.490422
0.584961 0.491987
0.586914 0.493551
0.588867 0.495114
0.59082 0.496677
0.592773 0.498239
0.594727 0.4998
0.59668 0.501361
0.598633 0.502921
0.600586 0.50448
0.602539 0.506039
0.604492 0.507596
0.606445 0.509153
0.608398 0.51071
0.610352 0.512266
0.612305 0.51382
0.614258 0.515375
0.616211 0.516928
0.618164 0.518481
0.620117 0.520033
0.62207 0.521584
0.624023 0.523135
0.625977 0.524685
0.62793 0.526234
0.629883 0.527782
0.631836 0.52933
0.633789 0.530877
0.635742 0.532423
0.637695 0.533969
0.639648 0.535513
0.641602 0.537057
0.643555 0.5386
0.645508 0.540143
0.647461 0.541684
0.649414 0.543225
0.651367 0.544765
0.65332 0.546305
0.655273 0.547843
0.657227 0.549381
0.65918 0.550918
0.661133 0.552454
0.663086 0.553989
0.665039 0.555524
0.666992 0.557058
0.668945 0.558591
0.670898 0.560123
0.672852 0.561655
0.674805 0.563185
0.676758 0.564715
0.678711 0.566244
0.680664 0.567772
0.682617 0.5693
0.68457 0.570826
0.686523 0.572352
0.688477 0.573877
0.69043 0.575401
0.692383 0.576924
0.694336 0.578447
0.696289 0.579968
0.698242 0.581489
0.700195 0.583009
0.702148 0.584528
0.704102 0.586046
0.706055 0.587563
0.708008 0.58908
0.709961 0.590596
0.711914 0.59211
0.713867 0.593624
0.71582 0.595137
0.717773 0.596649
0.719727 0.598161
0.72168 0.599671
0.723633 0.601181
0.725586 0.602689
0.727539 0.604197
0.729492 0.605704
0.731445 0.60721
0.733398 0.608715
0.735352 0.610219
0.737305 0.611722
0.739258 0.613225
0.741211 0.614726
0.743164 0.616226
0.745117 0.617726
0.74707 0.619225
0.749023 0.620722
0.750977 0.622219
0.75293 0.623715
0.754883 0.62521
0.756836 0.626704
0.758789 0.628197
0.760742 0.629689
0.762695 0.63118
0.764648 0.63267
0.766602 0.634159
0.768555 0.635647
0.770508 0.637134
0.772461 0.63862
0.774414 0.640106
0.776367 0.64159
0.77832 0.643073
0.780273 0.644555
0.782227 0.646037
0.78418 0.647517
0.786133 0.648996
0.788086 0.650474
0.790039 0.651952
0.791992 0.653428
0.793945 0.654903
0.795898 0.656377
0.797852 0.65785
0.799805 0.659322
0.801758 0.660793
0.803711 0.662263
0.805664 0.663732
0.807617 0.6652
0.80957 0.666667
0.811523 0.668132
0.813477 0.669597
0.81543 0.67106
0.817383 0.672523
0.819336 0.673984
0.821289 0.675445
0.823242 0.676904
0.825195 0.678362
0.827148 0.679819
0.829102 0.681275
0.831055 0.682729
0.833008 0.684183
0.834961 0.685636
0.836914 0.687087
0.838867 0.688537
0.84082 0.689986
0.842773 0.691434
0.844727 0.692881
0.84668 0.694327
0.848633 0.695771
0.850586 0.697215
0.852539 0.698656
0.854492 0.700098
0.856445 0.701536
0.858398 0.702977
0.860352 0.704411
0.862305 0.705851
0.864258 0.70728
0.866211 0.708722
0.868164 0.710144
0.870117 0.711589
0.87207 0.713
0.874023 0.714454
0.875977 0.715848
0.87793 0.717319
0.879883 0.718685
0.881836 0.720187
0.883789 0.721505
0.885742 0.723065
0.887695 0.724301
0.889648 0.725964
0.891602 0.727056
0.893555 0.728904
0.895508 0.729747
0.897461 0.731918
0.899414 0.732325
0.901367 0.735068
0.90332 0.734714
0.905273 0.738459
0.907227 0.736775
0.90918 0.742277
0.911133 0.73827
0.913086 0.746848
0.915039 0.738791
0.916992 0.752749
0.918945 0.737642
0.920898 0.761009
0.922852 0.733664
0.924805 0.7735
0.926758 0.724986
0.928711 0.793711
0.930664 0.708787
0.932617 0.828413
0.93457 0.681427
0.936523 0.891399
0.938477 0.640092
0.94043 1.01197
0.942383 0.588563
0.944336 1.25143
0.946289 0.54807
0.948242 1.71429
0.950195 0.557685
0.952148 2.48775
0.954102 0.6429
0.956055 3.53254
0.958008 0.792243
0.959961 4.73906
0.961914 0.979926
0.963867 6.02905
0.96582 1.18811
0.967773 7.36275
0.969727 1.40753
0.97168 8.72077
0.973633 1.63351
0.975586 10.0932
0.977539 1.86357
0.979492 11.4747
0.981445 2.0963
0.983398 12.862
0.985352 2.33085
0.987305 14.2534
0.989258 2.56669
0.991211 15.6475
0.993164 2.80347
0.995117 17.0437
0.99707 -0.145112
0.999023 -0.167792
1 0
