0 0
0.000976562 0.000838963
0.00292969 0.00251688
0.00488281 0.00419477
0.00683594 0.00587262
0.00878906 0.00755041
0.0107422 0.00922812
0.0126953 0.0109057
0.0146484 0.0125833
0.0166016 0.0142606
0.0185547 0.0159379
0.0205078 0.017615
0.0224609 0.0192919
0.0244141 0.0209687
0.0263672 0.0226452
0.0283203 0.0243216
0.0302734 0.0259977
0.0322266 0.0276736
0.0341797 0.0293493
0.0361328 0.0310247
0.0380859 0.0326999
0.0400391 0.0343748
0.0419922 0.0360495
0.0439453 0.0377239
0.0458984 0.0393979
0.0478516 0.0410718
0.0498047 0.0427453
0.0517578 0.0444185
0.0537109 0.0460914
0.0556641 0.047764
0.0576172 0.0494363
0.0595703 0.0511083
0.0615234 0.0527799
0.0634766 0.0544513
0.0654297 0.0561223
0.0673828 0.0577931
0.0693359 0.0594634
0.0712891 0.0611335
0.0732422 0.0628032
0.0751953 0.0644727
0.0771484 0.0661417
0.0791016 0.0678105
0.0810547 0.0694789
0.0830078 0.071147
0.0849609 0.0728148
0.0869141 0.0744822
0.0888672 0.0761493
0.0908203 0.077816
0.0927734 0.0794824
0.0947266 0.0811485
0.0966797 0.0828142
0.0986328 0.0844796
0.100586 0.0861446
0.102539 0.0878094
0.104492 0.0894737
0.106445 0.0911377
0.108398 0.0928014
0.110352 0.0944648
0.112305 0.0961278
0.114258 0.0977904
0.116211 0.0994527
0.118164 0.101115
0.120117 0.102776
0.12207 0.104438
0.124023 0.106098
0.125977 0.107759
0.12793 0.109419
0.129883 0.111079
0.131836 0.112739
0.133789 0.114398
0.135742 0.116056
0.137695 0.117715
0.139648 0.119373
0.141602 0.121031
0.143555 0.122688
0.145508 0.124345
0.147461 0.126002
0.149414 0.127658
0.151367 0.129314
0.15332 0.130969
0.155273 0.132625
0.157227 0.13428
0.15918 0.135934
0.161133 0.137588
0.163086 0.139242
0.165039 0.140895
0.166992 0.142548
0.168945 0.144201
0.170898 0.145853
0.172852 0.147505
0.174805 0.149157
0.176758 0.150808
0.178711 0.152459
0.180664 0.154109
0.182617 0.155759
0.18457 0.157409
0.186523 0.159058
0.188477 0.160707
0.19043 0.162356
0.192383 0.164004
0.194336 0.165651
0.196289 0.167299
0.198242 0.168946
0.200195 0.170593
0.202148 0.172239
0.204102 0.173885
0.206055 0.17553
0.208008 0.177175
0.209961 0.17882
0.211914 0.180464
0.213867 0.182108
0.21582 0.183752
0.217773 0.185395
0.219727 0.187038
0.22168 0.18868
0.223633 0.190322
0.225586 0.191964
0.227539 0.193605
0.229492 0.195246
0.231445 0.196886
0.233398 0.198526
0.235352 0.200166
0.237305 0.201805
0.239258 0.203444
0.241211 0.205083
0.243164 0.206721
0.245117 0.208358
0.24707 0.209995
0.249023 0.211632
0.250977 0.213269
0.25293 0.214905
0.254883 0.21654
0.256836 0.218175
0.258789 0.21981
0.260742 0.221445
0.262695 0.223079
0.264648 0.224712
0.266602 0.226345
0.268555 0.227978
0.270508 0.22961
0.272461 0.231242
0.274414 0.232874
0.276367 0.234505
0.27832 0.236135
0.280273 0.237766
0.282227 0.239395
0.28418 0.241025
0.286133 0.242654
0.288086 0.244282
0.290039 0.24591
0.291992 0.247538
0.293945 0.249165
0.295898 0.250792
0.297852 0.252419
0.299805 0.254044
0.301758 0.25567
0.303711 0.257295
0.305664 0.25892
0.307617 0.260544
0.30957 0.262168
0.311523 0.263791
0.313477 0.265414
0.31543 0.267037
0.317383 0.268659
0.319336 0.27028
0.321289 0.271901
0.323242 0.273522
0.325195 0.275142
0.327148 0.276762
0.329102 0.278381
0.331055 0.28
0.333008 0.281619
0.334961 0.283237
0.336914 0.284854
0.338867 0.286472
0.34082 0.288088
0.342773 0.289704
0.344727 0.29132
0.34668 0.292936
0.348633 0.29455
0.350586 0.296165
0.352539 0.297779
0.354492 0.299392
0.356445 0.301005
0.358398 0.302618
0.360352 0.30423
0.362305 0.305841
0.364258 0.307452
0.366211 0.309063
0.368164 0.310673
0.370117 0.312283
0.37207 0.313892
0.374023 0.315501
0.375977 0.317109
0.37793 0.318717
0.379883 0.320324
0.381836 0.321931
0.383789 0.323538
0.385742 0.325144
0.387695 0.326749
0.389648 0.328354
0.391602 0.329958
0.393555 0.331562
0.395508 0.333166
0.397461 0.334769
0.399414 0.336371
0.401367 0.337973
0.40332 0.339575
0.405273 0.341176
0.407227 0.342776
0.40918 0.344376
0.411133 0.345976
0.413086 0.347575
0.415039 0.349173
0.416992 0.350771
0.418945 0.352369
0.420898 0.353966
0.422852 0.355562
0.424805 0.357158
0.426758 0.358753
0.428711 0.360348
0.430664 0.361943
0.432617 0.363537
0.43457 0.36513
0.436523 0.366723
0.438477 0.368315
0.44043 0.369907
0.442383 0.371499
0.444336 0.373089
0.446289 0.37468
0.448242 0.376269
0.450195 0.377859
0.452148 0.379447
0.454102 0.381035
0.456055 0.382623
0.458008 0.38421
0.459961 0.385797
0.461914 0.387383
0.463867 0.388968
0.46582 0.390553
0.467773 0.392137
0.469727 0.393721
0.47168 0.395305
0.473633 0.396887
0.475586 0.39847
0.477539 0.400051
0.479492 0.401632
0.481445 0.403213
0.483398 0.404793
0.485352 0.406372
0.487305 0.407951
0.489258 0.40953
0.491211 0.411107
0.493164 0.412684
0.495117 0.414261
0.49707 0.415837
0.499023 0.417413
0.500977 0.418988
0.50293 0.420562
0.504883 0.422136
0.506836 0.423709
0.508789 0.425282
0.510742 0.426854
0.512695 0.428425
0.514648 0.429996
0.516602 0.431566
0.518555 0.433136
0.520508 0.434705
0.522461 0.436274
0.524414 0.437842
0.526367 0.439409
0.52832 0.440976
0.530273 0.442542
0.532227 0.444108
0.53418 0.445673
0.536133 0.447237
0.538086 0.448801
0.540039 0.450364
0.541992 0.451926
0.543945 0.453488
0.545898 0.45505
0.547852 0.45661
0.549805 0.458171
0.551758 0.45973
0.553711 0.461289
0.555664 0.462847
0.557617 0.464405
0.55957 0.465962
0.561523 0.467518
0.563477 0.469074
0.56543 0.470629
0.567383 0.472183
0.569336 0.473737
0.571289 0.475291
0.573242 0.476843
0.575195 0.478395
0.577148 0.479946
0.579102 0.481497
0.581055 0.483047
0.583008 0.484596
0.584961 0.486145
0.586914 0.487693
0.588867 0.48924
0.59082 0.490787
0.592773 0.492333
0.594727 0.493879
0.59668 0.495423
0.598633 0.496967
0.600586 0.498511
0.602539 0.500053
0.604492 0.501595
0.606445 0.503137
0.608398 0.504678
0.610352 0.506218
0.612305 0.507757
0.614258 0.509296
0.616211 0.510834
0.618164 0.512371
0.620117 0.513907
0.62207 0.515443
0.624023 0.516978
0.625977 0.518513
0.62793 0.520047
0.629883 0.52158
0.631836 0.523112
0.633789 0.524644
0.635742 0.526175
0.637695 0.527705
0.639648 0.529235
0.641602 0.530763
0.643555 0.532291
0.645508 0.533819
0.647461 0.535345
0.649414 0.536871
0.651367 0.538396
0.65332 0.539921
0.655273 0.541445
0.657227 0.542968
0.65918 0.54449
0.661133 0.546011
0.663086 0.547532
0.665039 0.549052
0.666992 0.550571
0.668945 0.55209
0.670898 0.553607
0.672852 0.555124
0.674805 0.55664
0.676758 0.558156
0.678711 0.559671
0.680664 0.561184
0.682617 0.562698
0.68457 0.56421
0.686523 0.565721
0.688477 0.567232
0.69043 0.568742
0.692383 0.570251
0.694336 0.57176
0.696289 0.573267
0.698242 0.574774
0.700195 0.57628
0.702148 0.577785
0.704102 0.57929
0.706055 0.580793
0.708008 0.582296
0.709961 0.583798
0.711914 0.585299
0.713867 0.586799
0.71582 0.588299
0.717773 0.589797
0.719727 0.591295
0.72168 0.592792
0.723633 0.594288
0.725586 0.595784
0.727539 0.597278
0.729492 0.598772
0.731445 0.600264
0.733398 0.601756
0.735352 0.603247
0.737305 0.604737
0.739258 0.606227
0.741211 0.607715
0.743164 0.609203
0.745117 0.610689
0.74707 0.612175
0.749023 0.61366
0.750977 0.615144
0.75293 0.616627
0.754883 0.618109
0.756836 0.619591
0.758789 0.621071
0.760742 0.622551
0.762695 0.624029
0.764648 0.625507
0.766602 0.626984
0.768555 0.62846
0.770508 0.629935
0.772461 0.631409
0.774414 0.632882
0.776367 0.634354
0.77832 0.635825
0.780273 0.637296
0.782227 0.638765
0.78418 0.640233
0.786133 0.641701
0.788086 0.643167
0.790039 0.644633
0.791992 0.646097
0.793945 0.647561
0.795898 0.649023
0.797852 0.650485
0.799805 0.651946
0.801758 0.653405
0.803711 0.654864
0.805664 0.656322
0.807617 0.657778
0.80957 0.659234
0.811523 0.660688
0.813477 0.662142
0.81543 0.663595
0.817383 0.665046
0.819336 0.666497
0.821289 0.667946
0.823242 0.669395
0.825195 0.670842
0.827148 0.672289
0.829102 0.673734
0.831055 0.675178
0.833008 0.676621
0.834961 0.678064
0.836914 0.679505
0.838867 0.680945
0.84082 0.682383
0.842773 0.683821
0.844727 0.685258
0.84668 0.686694
0.848633 0.688128
0.850586 0.689562
0.852539 0.690993
0.854492 0.692426
0.856445 0.693854
0.858398 0.695286
0.860352 0.69671
0.862305 0.698141
0.864258 0.699561
0.866211 0.700993
0.868164 0.702406
0.870117 0.703842
0.87207 0.705245
0.874023 0.706689
0.875977 0.708075
0.87793 0.709535
0.879883 0.710895
0.881836 0.712385
0.883789 0.713698
0.885742 0.715245
0.887695 0.716478
0.889648 0.718126
0.891602 0.719218
0.893555 0.721048
0.895508 0.721892
0.897461 0.724046
0.899414 0.724456
0.901367 0.72718
0.90332 0.726827
0.905273 0.73056
0.907227 0.728864
0.90918 0.734376
0.911133 0.730323
0.913086 0.738966
0.915039 0.730779
0.916992 0.744932
0.918945 0.729506
0.920898 0.753356
0.922852 0.725289
0.924805 0.766216
0.926758 0.716163
0.928711 0.78724
0.930664 0.699178
0.932617 0.823736
0.93457 0.670594
0.936523 0.890775
0.938477 0.62786
0.94043 1.02072
0.942383 0.576207
0.944336 1.28107
0.946289 0.539949
0.948242 1.78193
0.950195 0.559351
0.952148 2.59952
0.954102 0.65549
0.956055 3.6757
0.958008 0.812472
0.959961 4.89963
0.961914 1.00453
0.963867 6.19896
0.96582 1.21519
0.967773 7.53789
0.969727 1.43608
0.97168 8.89899
0.973633 1.663
0.975586 10.2733
0.977539 1.89368
0.979492 11.656
0.981445 2.12684
0.983398 13.0442
0.985352 2.36169
0.987305 14.4361
0.989258 2.59775
0.991211 15.8306
0.993164 2.8347
0.995117 17.2269
0.99707 -0.145119
0.999023 -0.168085
1 0
