0 0
0.000976562 0.000830407
0.00292969 0.00249121
0.00488281 0.00415199
0.00683594 0.00581273
0.00878906 0.00747341
0.0107422 0.00913402
0.0126953 0.0107945
0.0146484 0.012455
0.0166016 0.0141153
0.0185547 0.0157754
0.0205078 0.0174354
0.0224609 0.0190953
0.0244141 0.020755
0.0263672 0.0224145
0.0283203 0.0240738
0.0302734 0.0257329
0.0322266 0.0273918
0.0341797 0.0290504
0.0361328 0.0307088
0.0380859 0.032367
0.0400391 0.0340249
0.0419922 0.0356826
0.0439453 0.03734
0.0458984 0.0389971
0.0478516 0.040654
0.0498047 0.0423105
0.0517578 0.0439668
0.0537109 0.0456228
0.0556641 0.0472785
0.0576172 0.0489339
0.0595703 0.050589
0.0615234 0.0522438
0.0634766 0.0538982
0.0654297 0.0555524
0.0673828 0.0572063
0.0693359 0.0588598
0.0712891 0.0605131
0.0732422 0.062166
0.0751953 0.0638186
0.0771484 0.0654709
0.0791016 0.0671228
0.0810547 0.0687745
0.0830078 0.0704258
0.0849609 0.0720768
0.0869141 0.0737274
0.0888672 0.0753778
0.0908203 0.0770278
0.0927734 0.0786775
0.0947266 0.0803269
0.0966797 0.0819759
0.0986328 0.0836246
0.100586 0.085273
0.102539 0.086921
0.104492 0.0885687
0.106445 0.0902161
0.108398 0.0918632
0.110352 0.0935099
0.112305 0.0951563
0.114258 0.0968023
0.116211 0.098448
0.118164 0.100093
0.120117 0.101738
0.12207 0.103383
0.124023 0.105027
0.125977 0.106672
0.12793 0.108315
0.129883 0.109959
0.131836 0.111602
0.133789 0.113244
0.135742 0.114886
0.137695 0.116528
0.139648 0.11817
0.141602 0.119811
0.143555 0.121452
0.145508 0.123093
0.147461 0.124733
0.149414 0.126373
0.151367 0.128013
0.15332 0.129652
0.155273 0.131291
0.157227 0.132929
0.15918 0.134567
0.161133 0.136205
0.163086 0.137842
0.165039 0.139479
0.166992 0.141116
0.168945 0.142753
0.170898 0.144389
0.172852 0.146024
0.174805 0.147659
0.176758 0.149294
0.178711 0.150929
0.180664 0.152563
0.182617 0.154197
0.18457 0.155831
0.186523 0.157464
0.188477 0.159096
0.19043 0.160729
0.192383 0.162361
0.194336 0.163992
0.196289 0.165624
0.198242 0.167255
0.200195 0.168885
0.202148 0.170515
0.204102 0.172145
0.206055 0.173775
0.208008 0.175404
0.209961 0.177032
0.211914 0.178661
0.213867 0.180289
0.21582 0.181916
0.217773 0.183543
0.219727 0.18517
0.22168 0.186797
0.223633 0.188423
0.225586 0.190048
0.227539 0.191674
0.229492 0.193299
0.231445 0.194923
0.233398 0.196547
0.235352 0.198171
0.237305 0.199795
0.239258 0.201417
0.241211 0.20304
0.243164 0.204662
0.245117 0.206284
0.24707 0.207906
0.249023 0.209527
0.250977 0.211147
0.25293 0.212768
0.254883 0.214387
0.256836 0.216007
0.258789 0.217626
0.260742 0.219245
0.262695 0.220863
0.264648 0.222481
0.266602 0.224098
0.268555 0.225715
0.270508 0.227332
0.272461 0.228948
0.274414 0.230564
0.276367 0.23218
0.27832 0.233795
0.280273 0.235409
0.282227 0.237024
0.28418 0.238637
0.286133 0.240251
0.288086 0.241864
0.290039 0.243477
0.291992 0.245089
0.293945 0.246701
0.295898 0.248312
0.297852 0.249923
0.299805 0.251533
0.301758 0.253144
0.303711 0.254753
0.305664 0.256363
0.307617 0.257971
0.30957 0.25958
0.311523 0.261188
0.313477 0.262795
0.31543 0.264403
0.317383 0.266009
0.319336 0.267616
0.321289 0.269222
0.323242 0.270827
0.325195 0.272432
0.327148 0.274037
0.329102 0.275641
0.331055 0.277245
0.333008 0.278848
0.334961 0.280451
0.336914 0.282053
0.338867 0.283655
0.34082 0.285257
0.342773 0.286858
0.344727 0.288458
0.34668 0.290059
0.348633 0.291659
0.350586 0.293258
0.352539 0.294857
0.354492 0.296455
0.356445 0.298053
0.358398 0.299651
0.360352 0.301248
0.362305 0.302845
0.364258 0.304441
0.366211 0.306036
0.368164 0.307632
0.370117 0.309227
0.37207 0.310821
0.374023 0.312415
0.375977 0.314008
0.37793 0.315601
0.379883 0.317194
0.381836 0.318786
0.383789 0.320378
0.385742 0.321969
0.387695 0.323559
0.389648 0.32515
0.391602 0.326739
0.393555 0.328329
0.395508 0.329917
0.397461 0.331506
0.399414 0.333094
0.401367 0.334681
0.40332 0.336268
0.405273 0.337854
0.407227 0.33944
0.40918 0.341026
0.411133 0.342611
0.413086 0.344195
0.415039 0.345779
0.416992 0.347363
0.418945 0.348946
0.420898 0.350528
0.422852 0.35211
0.424805 0.353692
0.426758 0.355273
0.428711 0.356853
0.430664 0.358433
0.432617 0.360013
0.43457 0.361592
0.436523 0.363171
0.438477 0.364749
0.44043 0.366326
0.442383 0.367903
0.444336 0.36948
0.446289 0.371056
0.448242 0.372632
0.450195 0.374207
0.452148 0.375781
0.454102 0.377355
0.456055 0.378929
0.458008 0.380502
0.459961 0.382074
0.461914 0.383646
0.463867 0.385218
0.46582 0.386788
0.467773 0.388359
0.469727 0.389929
0.47168 0.391498
0.473633 0.393067
0.475586 0.394635
0.477539 0.396203
0.479492 0.39777
0.481445 0.399337
0.483398 0.400903
0.485352 0.402469
0.487305 0.404034
0.489258 0.405598
0.491211 0.407162
0.493164 0.408726
0.495117 0.410289
0.49707 0.411851
0.499023 0.413413
0.500977 0.414974
0.50293 0.416535
0.504883 0.418095
0.506836 0.419654
0.508789 0.421213
0.510742 0.422772
0.512695 0.42433
0.514648 0.425887
0.516602 0.427444
0.518555 0.429
0.520508 0.430556
0.522461 0.432111
0.524414 0.433666
0.526367 0.43522
0.52832 0.436773
0.530273 0.438326
0.532227 0.439878
0.53418 0.44143
0.536133 0.442981
0.538086 0.444531
0.540039 0.446081
0.541992 0.447631
0.543945 0.449179
0.545898 0.450727
0.547852 0.452275
0.549805 0.453822
0.551758 0.455368
0.553711 0.456914
0.555664 0.458459
0.557617 0.460004
0.55957 0.461548
0.561523 0.463091
0.563477 0.464634
0.56543 0.466176
0.567383 0.467718
0.569336 0.469259
0.571289 0.470799
0.573242 0.472339
0.575195 0.473878
0.577148 0.475416
0.579102 0.476954
0.581055 0.478492
0.583008 0.480028
0.584961 0.481564
0.586914 0.483099
0.588867 0.484634
0.59082 0.486168
0.592773 0.487702
0.594727 0.489235
0.59668 0.490767
0.598633 0.492298
0.600586 0.493829
0.602539 0.495359
0.604492 0.496889
0.606445 0.498418
0.608398 0.499946
0.610352 0.501474
0.612305 0.503001
0.614258 0.504527
0.616211 0.506053
0.618164 0.507578
0.620117 0.509102
0.62207 0.510626
0.624023 0.512149
0.625977 0.513671
0.62793 0.515193
0.629883 0.516714
0.631836 0.518234
0.633789 0.519753
0.635742 0.521272
0.637695 0.522791
0.639648 0.524308
0.641602 0.525825
0.643555 0.527341
0.645508 0.528857
0.647461 0.530371
0.649414 0.531885
0.651367 0.533399
0.65332 0.534911
0.655273 0.536423
0.657227 0.537935
0.65918 0.539445
0.661133 0.540955
0.663086 0.542464
0.665039 0.543972
0.666992 0.54548
0.668945 0.546987
0.670898 0.548493
0.672852 0.549999
0.674805 0.551503
0.676758 0.553007
0.678711 0.554511
0.680664 0.556013
0.682617 0.557515
0.68457 0.559016
0.686523 0.560516
0.688477 0.562016
0.69043 0.563514
0.692383 0.565012
0.694336 0.56651
0.696289 0.568006
0.698242 0.569502
0.700195 0.570997
0.702148 0.572491
0.704102 0.573984
0.706055 0.575477
0.708008 0.576969
0.709961 0.57846
0.711914 0.57995
0.713867 0.581439
0.71582 0.582928
0.717773 0.584416
0.719727 0.585903
0.72168 0.587389
0.723633 0.588875
0.725586 0.590359
0.727539 0.591843
0.729492 0.593326
0.731445 0.594808
0.733398 0.59629
0.735352 0.59777
0.737305 0.59925
0.739258 0.600729
0.741211 0.602207
0.743164 0.603684
0.745117 0.605161
0.74707 0.606636
0.749023 0.608111
0.750977 0.609585
0.75293 0.611058
0.754883 0.61253
0.756836 0.614001
0.758789 0.615472
0.760742 0.616941
0.762695 0.61841
0.764648 0.619878
0.766602 0.621345
0.768555 0.622811
0.770508 0.624276
0.772461 0.62574
0.774414 0.627204
0.776367 0.628666
0.77832 0.630128
0.780273 0.631588
0.782227 0.633048
0.78418 0.634507
0.786133 0.635965
0.788086 0.637422
0.790039 0.638878
0.791992 0.640333
0.793945 0.641788
0.795898 0.643241
0.797852 0.644693
0.799805 0.646145
0.801758 0.647595
0.803711 0.649045
0.805664 0.650493
0.807617 0.651941
0.80957 0.653388
0.811523 0.654833
0.813477 0.656278
0.81543 0.657722
0.817383 0.659165
0.819336 0.660606
0.821289 0.662047
0.823242 0.663487
0.825195 0.664926
0.827148 0.666364
0.829102 0.6678
0.831055 0.669236
0.833008 0.670671
0.834961 0.672105
0.836914 0.673537
0.838867 0.674969
0.84082 0.6764
0.842773 0.67783
0.844727 0.679258
0.84668 0.680686
0.848633 0.682112
0.850586 0.683538
0.852539 0.684962
0.854492 0.686386
0.856445 0.687807
0.858398 0.68923
0.860352 0.690647
0.862305 0.69207
0.864258 0.693483
0.866211 0.694907
0.868164 0.696313
0.870117 0.69774
0.87207 0.699137
0.874023 0.700572
0.875977 0.701952
0.87793 0.703404
0.879883 0.704758
0.881836 0.706239
0.883789 0.707548
0.885742 0.709084
0.887695 0.710314
0.889648 0.71195
0.891602 0.713041
0.893555 0.714858
0.895508 0.715703
0.897461 0.717841
0.899414 0.718254
0.901367 0.720962
0.90332 0.72061
0.905273 0.724332
0.907227 0.722629
0.90918 0.728145
0.911133 0.724059
0.913086 0.73275
0.915039 0.724462
0.916992 0.738768
0.918945 0.72309
0.920898 0.747322
0.922852 0.71868
0.924805 0.760483
0.926758 0.709191
0.928711 0.782177
0.930664 0.691567
0.932617 0.820168
0.93457 0.661998
0.936523 0.890633
0.938477 0.618191
0.94043 1.02857
0.942383 0.566677
0.944336 1.30673
0.946289 0.534277
0.948242 1.83889
0.950195 0.561741
0.952148 2.6906
0.954102 0.666266
0.956055 3.78984
0.958008 0.828855
0.959961 5.02632
0.961914 1.02408
0.963867 6.33238
0.96582 1.23653
0.967773 7.6751
0.969727 1.45851
0.97168 9.03846
0.973633 1.68611
0.975586 10.4142
0.977539 1.91725
0.979492 11.7978
0.981445 2.15072
0.983398 13.1866
0.985352 2.38581
0.987305 14.5788
0.989258 2.62203
0.991211 15.9736
0.993164 2.85911
0.995117 17.3701
0.99707 -0.145124
0.999023 -0.168312
1 0
