0 0
0.000976562 0.000827593
0.00292969 0.00248277
0.00488281 0.00413793
0.00683594 0.00579304
0.00878906 0.0074481
0.0107422 0.00910308
0.0126953 0.010758
0.0146484 0.0124128
0.0166016 0.0140675
0.0185547 0.015722
0.0205078 0.0173764
0.0224609 0.0190307
0.0244141 0.0206847
0.0263672 0.0223386
0.0283203 0.0239923
0.0302734 0.0256458
0.0322266 0.0272991
0.0341797 0.0289521
0.0361328 0.030605
0.0380859 0.0322575
0.0400391 0.0339099
0.0419922 0.035562
0.0439453 0.0372138
0.0458984 0.0388653
0.0478516 0.0405166
0.0498047 0.0421676
0.0517578 0.0438183
0.0537109 0.0454687
0.0556641 0.0471188
0.0576172 0.0487687
0.0595703 0.0504182
0.0615234 0.0520674
0.0634766 0.0537164
0.0654297 0.055365
0.0673828 0.0570133
0.0693359 0.0586613
0.0712891 0.060309
0.0732422 0.0619564
0.0751953 0.0636035
0.0771484 0.0652502
0.0791016 0.0668967
0.0810547 0.0685428
0.0830078 0.0701886
0.0849609 0.0718341
0.0869141 0.0734792
0.0888672 0.0751241
0.0908203 0.0767686
0.0927734 0.0784128
0.0947266 0.0800566
0.0966797 0.0817002
0.0986328 0.0833434
0.100586 0.0849863
0.102539 0.0866289
0.104492 0.0882711
0.106445 0.089913
0.108398 0.0915546
0.110352 0.0931958
0.112305 0.0948367
0.114258 0.0964773
0.116211 0.0981176
0.118164 0.0997575
0.120117 0.101397
0.12207 0.103036
0.124023 0.104675
0.125977 0.106314
0.12793 0.107952
0.129883 0.10959
0.131836 0.111228
0.133789 0.112865
0.135742 0.114502
0.137695 0.116138
0.139648 0.117774
0.141602 0.11941
0.143555 0.121046
0.145508 0.122681
0.147461 0.124316
0.149414 0.12595
0.151367 0.127584
0.15332 0.129218
0.155273 0.130852
0.157227 0.132485
0.15918 0.134118
0.161133 0.13575
0.163086 0.137382
0.165039 0.139014
0.166992 0.140645
0.168945 0.142276
0.170898 0.143907
0.172852 0.145537
0.174805 0.147167
0.176758 0.148797
0.178711 0.150426
0.180664 0.152055
0.182617 0.153683
0.18457 0.155311
0.186523 0.156939
0.188477 0.158567
0.19043 0.160194
0.192383 0.16182
0.194336 0.163447
0.196289 0.165073
0.198242 0.166698
0.200195 0.168324
0.202148 0.169949
0.204102 0.171573
0.206055 0.173197
0.208008 0.174821
0.209961 0.176444
0.211914 0.178067
0.213867 0.17969
0.21582 0.181312
0.217773 0.182934
0.219727 0.184556
0.22168 0.186177
0.223633 0.187798
0.225586 0.189418
0.227539 0.191038
0.229492 0.192658
0.231445 0.194277
0.233398 0.195896
0.235352 0.197515
0.237305 0.199133
0.239258 0.200751
0.241211 0.202368
0.243164 0.203985
0.245117 0.205602
0.24707 0.207218
0.249023 0.208834
0.250977 0.210449
0.25293 0.212064
0.254883 0.213679
0.256836 0.215293
0.258789 0.216907
0.260742 0.218521
0.262695 0.220134
0.264648 0.221747
0.266602 0.223359
0.268555 0.224971
0.270508 0.226582
0.272461 0.228194
0.274414 0.229804
0.276367 0.231415
0.27832 0.233025
0.280273 0.234634
0.282227 0.236243
0.28418 0.237852
0.286133 0.23946
0.288086 0.241068
0.290039 0.242676
0.291992 0.244283
0.293945 0.24589
0.295898 0.247496
0.297852 0.249102
0.299805 0.250707
0.301758 0.252312
0.303711 0.253917
0.305664 0.255521
0.307617 0.257125
0.30957 0.258728
0.311523 0.260331
0.313477 0.261934
0.31543 0.263536
0.317383 0.265138
0.319336 0.266739
0.321289 0.26834
0.323242 0.26994
0.325195 0.27154
0.327148 0.27314
0.329102 0.274739
0.331055 0.276338
0.333008 0.277936
0.334961 0.279534
0.336914 0.281131
0.338867 0.282728
0.34082 0.284325
0.342773 0.285921
0.344727 0.287517
0.34668 0.289112
0.348633 0.290707
0.350586 0.292301
0.352539 0.293895
0.354492 0.295489
0.356445 0.297082
0.358398 0.298674
0.360352 0.300267
0.362305 0.301858
0.364258 0.30345
0.366211 0.30504
0.368164 0.306631
0.370117 0.308221
0.37207 0.30981
0.374023 0.311399
0.375977 0.312988
0.37793 0.314576
0.379883 0.316164
0.381836 0.317751
0.383789 0.319337
0.385742 0.320924
0.387695 0.32251
0.389648 0.324095
0.391602 0.32568
0.393555 0.327264
0.395508 0.328848
0.397461 0.330432
0.399414 0.332015
0.401367 0.333597
0.40332 0.335179
0.405273 0.336761
0.407227 0.338342
0.40918 0.339923
0.411133 0.341503
0.413086 0.343083
0.415039 0.344662
0.416992 0.346241
0.418945 0.347819
0.420898 0.349397
0.422852 0.350974
0.424805 0.352551
0.426758 0.354127
0.428711 0.355703
0.430664 0.357278
0.432617 0.358853
0.43457 0.360427
0.436523 0.362001
0.438477 0.363575
0.44043 0.365148
0.442383 0.36672
0.444336 0.368292
0.446289 0.369863
0.448242 0.371434
0.450195 0.373004
0.452148 0.374574
0.454102 0.376144
0.456055 0.377712
0.458008 0.379281
0.459961 0.380849
0.461914 0.382416
0.463867 0.383983
0.46582 0.385549
0.467773 0.387115
0.469727 0.38868
0.47168 0.390245
0.473633 0.391809
0.475586 0.393373
0.477539 0.394936
0.479492 0.396498
0.481445 0.398061
0.483398 0.399622
0.485352 0.401183
0.487305 0.402744
0.489258 0.404304
0.491211 0.405863
0.493164 0.407422
0.495117 0.40898
0.49707 0.410538
0.499023 0.412096
0.500977 0.413652
0.50293 0.415208
0.504883 0.416764
0.506836 0.418319
0.508789 0.419874
0.510742 0.421428
0.512695 0.422981
0.514648 0.424534
0.516602 0.426087
0.518555 0.427638
0.520508 0.42919
0.522461 0.43074
0.524414 0.43229
0.526367 0.43384
0.52832 0.435389
0.530273 0.436937
0.532227 0.438485
0.53418 0.440032
0.536133 0.441579
0.538086 0.443125
0.540039 0.444671
0.541992 0.446216
0.543945 0.44776
0.545898 0.449304
0.547852 0.450847
0.549805 0.45239
0.551758 0.453932
0.553711 0.455473
0.555664 0.457014
0.557617 0.458554
0.55957 0.460094
0.561523 0.461633
0.563477 0.463172
0.56543 0.46471
0.567383 0.466247
0.569336 0.467784
0.571289 0.46932
0.573242 0.470855
0.575195 0.47239
0.577148 0.473924
0.579102 0.475458
0.581055 0.476991
0.583008 0.478523
0.584961 0.480055
0.586914 0.481586
0.588867 0.483117
0.59082 0.484647
0.592773 0.486176
0.594727 0.487705
0.59668 0.489233
0.598633 0.49076
0.600586 0.492287
0.602539 0.493813
0.604492 0.495338
0.606445 0.496863
0.608398 0.498387
0.610352 0.499911
0.612305 0.501434
0.614258 0.502956
0.616211 0.504478
0.618164 0.505998
0.620117 0.507519
0.62207 0.509038
0.624023 0.510557
0.625977 0.512076
0.62793 0.513593
0.629883 0.51511
0.631836 0.516626
0.633789 0.518142
0.635742 0.519657
0.637695 0.521171
0.639648 0.522685
0.641602 0.524198
0.643555 0.52571
0.645508 0.527221
0.647461 0.528732
0.649414 0.530242
0.651367 0.531752
0.65332 0.533261
0.655273 0.534769
0.657227 0.536276
0.65918 0.537783
0.661133 0.539289
0.663086 0.540794
0.665039 0.542298
0.666992 0.543802
0.668945 0.545305
0.670898 0.546807
0.672852 0.548309
0.674805 0.54981
0.676758 0.55131
0.678711 0.55281
0.680664 0.554308
0.682617 0.555806
0.68457 0.557304
0.686523 0.5588
0.688477 0.560296
0.69043 0.561791
0.692383 0.563285
0.694336 0.564779
0.696289 0.566272
0.698242 0.567764
0.700195 0.569255
0.702148 0.570745
0.704102 0.572235
0.706055 0.573724
0.708008 0.575212
0.709961 0.5767
0.711914 0.578186
0.713867 0.579672
0.71582 0.581157
0.717773 0.582641
0.719727 0.584125
0.72168 0.585608
0.723633 0.58709
0.725586 0.588571
0.727539 0.590051
0.729492 0.591531
0.731445 0.593009
0.733398 0.594487
0.735352 0.595964
0.737305 0.597441
0.739258 0.598916
0.741211 0.600391
0.743164 0.601864
0.745117 0.603337
0.74707 0.60481
0.749023 0.606281
0.750977 0.607751
0.75293 0.609221
0.754883 0.61069
0.756836 0.612158
0.758789 0.613625
0.760742 0.615091
0.762695 0.616556
0.764648 0.618021
0.766602 0.619485
0.768555 0.620947
0.770508 0.622409
0.772461 0.62387
0.774414 0.62533
0.776367 0.62679
0.77832 0.628248
0.780273 0.629706
0.782227 0.631162
0.78418 0.632618
0.786133 0.634073
0.788086 0.635526
0.790039 0.636979
0.791992 0.638432
0.793945 0.639883
0.795898 0.641333
0.797852 0.642782
0.799805 0.644231
0.801758 0.645678
0.803711 0.647125
0.805664 0.64857
0.807617 0.650015
0.80957 0.651458
0.811523 0.652901
0.813477 0.654343
0.81543 0.655784
0.817383 0.657223
0.819336 0.658662
0.821289 0.6601
0.823242 0.661537
0.825195 0.662973
0.827148 0.664408
0.829102 0.665842
0.831055 0.667275
0.833008 0.668707
0.834961 0.670138
0.836914 0.671568
0.838867 0.672997
0.84082 0.674425
0.842773 0.675852
0.844727 0.677277
0.84668 0.678702
0.848633 0.680126
0.850586 0.681549
0.852539 0.68297
0.854492 0.684392
0.856445 0.68581
0.858398 0.687231
0.860352 0.688645
0.862305 0.690065
0.864258 0.691476
0.866211 0.692897
0.868164 0.694301
0.870117 0.695725
0.87207 0.697119
0.874023 0.698552
0.875977 0.69993
0.87793 0.701379
0.879883 0.702731
0.881836 0.704209
0.883789 0.705516
0.885742 0.707049
0.887695 0.708278
0.889648 0.70991
0.891602 0.711001
0.893555 0.712813
0.895508 0.713658
0.897461 0.715791
0.899414 0.716205
0.901367 0.718907
0.90332 0.718556
0.905273 0.722274
0.907227 0.720569
0.90918 0.726086
0.911133 0.721989
0.913086 0.730696
0.915039 0.722375
0.916992 0.73673
0.918945 0.720969
0.920898 0.745329
0.922852 0.716495
0.924805 0.758591
0.926758 0.706884
0.928711 0.780511
0.930664 0.689044
0.932617 0.819014
0.93457 0.659146
0.936523 0.890659
0.938477 0.614993
0.94043 1.03137
0.942383 0.563575
0.944336 1.31568
0.946289 0.532552
0.948242 1.85842
0.950195 0.562738
0.952148 2.72125
0.954102 0.669983
0.956055 3.82778
0.958008 0.834347
0.959961 5.06819
0.961914 1.03056
0.963867 6.37637
0.96582 1.24358
0.967773 7.72028
0.969727 1.4659
0.97168 9.08436
0.973633 1.69372
0.975586 10.4606
0.977539 1.92501
0.979492 11.8444
0.981445 2.15858
0.983398 13.2334
0.985352 2.39374
0.987305 14.6258
0.989258 2.63002
0.991211 16.0206
0.993164 2.86713
0.995117 17.4172
0.99707 -0.145126
0.999023 -0.168385
1 0
