0 0
0.000976562 0.000810433
0.00292969 0.00243129
0.00488281 0.00405213
0.00683594 0.00567292
0.00878906 0.00729367
0.0107422 0.00891435
0.0126953 0.010535
0.0146484 0.0121555
0.0166016 0.0137759
0.0185547 0.0153961
0.0205078 0.0170163
0.0224609 0.0186363
0.0244141 0.0202561
0.0263672 0.0218758
0.0283203 0.0234953
0.0302734 0.0251146
0.0322266 0.0267337
0.0341797 0.0283526
0.0361328 0.0299713
0.0380859 0.0315898
0.0400391 0.033208
0.0419922 0.034826
0.0439453 0.0364437
0.0458984 0.0380612
0.0478516 0.0396785
0.0498047 0.0412955
0.0517578 0.0429122
0.0537109 0.0445286
0.0556641 0.0461448
0.0576172 0.0477607
0.0595703 0.0493764
0.0615234 0.0509917
0.0634766 0.0526068
0.0654297 0.0542216
0.0673828 0.0558361
0.0693359 0.0574503
0.0712891 0.0590642
0.0732422 0.0606778
0.0751953 0.0622911
0.0771484 0.0639042
0.0791016 0.0655169
0.0810547 0.0671293
0.0830078 0.0687415
0.0849609 0.0703533
0.0869141 0.0719649
0.0888672 0.0735761
0.0908203 0.075187
0.0927734 0.0767977
0.0947266 0.078408
0.0966797 0.080018
0.0986328 0.0816277
0.100586 0.0832371
0.102539 0.0848462
0.104492 0.086455
0.106445 0.0880635
0.108398 0.0896717
0.110352 0.0912796
0.112305 0.0928871
0.114258 0.0944944
0.116211 0.0961013
0.118164 0.097708
0.120117 0.0993143
0.12207 0.10092
0.124023 0.102526
0.125977 0.104131
0.12793 0.105736
0.129883 0.107341
0.131836 0.108946
0.133789 0.11055
0.135742 0.112153
0.137695 0.113757
0.139648 0.11536
0.141602 0.116963
0.143555 0.118565
0.145508 0.120168
0.147461 0.121769
0.149414 0.123371
0.151367 0.124972
0.15332 0.126573
0.155273 0.128174
0.157227 0.129774
0.15918 0.131374
0.161133 0.132973
0.163086 0.134573
0.165039 0.136172
0.166992 0.13777
0.168945 0.139368
0.170898 0.140966
0.172852 0.142564
0.174805 0.144161
0.176758 0.145758
0.178711 0.147355
0.180664 0.148951
0.182617 0.150547
0.18457 0.152143
0.186523 0.153738
0.188477 0.155333
0.19043 0.156928
0.192383 0.158522
0.194336 0.160116
0.196289 0.161709
0.198242 0.163302
0.200195 0.164895
0.202148 0.166488
0.204102 0.16808
0.206055 0.169672
0.208008 0.171264
0.209961 0.172855
0.211914 0.174446
0.213867 0.176036
0.21582 0.177626
0.217773 0.179216
0.219727 0.180805
0.22168 0.182394
0.223633 0.183983
0.225586 0.185572
0.227539 0.18716
0.229492 0.188747
0.231445 0.190335
0.233398 0.191922
0.235352 0.193508
0.237305 0.195094
0.239258 0.19668
0.241211 0.198266
0.243164 0.199851
0.245117 0.201436
0.24707 0.20302
0.249023 0.204604
0.250977 0.206188
0.25293 0.207772
0.254883 0.209355
0.256836 0.210937
0.258789 0.212519
0.260742 0.214101
0.262695 0.215683
0.264648 0.217264
0.266602 0.218845
0.268555 0.220425
0.270508 0.222005
0.272461 0.223585
0.274414 0.225164
0.276367 0.226743
0.27832 0.228322
0.280273 0.2299
0.282227 0.231478
0.28418 0.233055
0.286133 0.234632
0.288086 0.236209
0.290039 0.237785
0.291992 0.239361
0.293945 0.240937
0.295898 0.242512
0.297852 0.244087
0.299805 0.245661
0.301758 0.247235
0.303711 0.248809
0.305664 0.250382
0.307617 0.251955
0.30957 0.253527
0.311523 0.255099
0.313477 0.256671
0.31543 0.258242
0.317383 0.259813
0.319336 0.261384
0.321289 0.262954
0.323242 0.264524
0.325195 0.266093
0.327148 0.267662
0.329102 0.26923
0.331055 0.270798
0.333008 0.272366
0.334961 0.273933
0.336914 0.2755
0.338867 0.277067
0.34082 0.278633
0.342773 0.280199
0.344727 0.281764
0.34668 0.283329
0.348633 0.284893
0.350586 0.286457
0.352539 0.288021
0.354492 0.289584
0.356445 0.291147
0.358398 0.292709
0.360352 0.294271
0.362305 0.295833
0.364258 0.297394
0.366211 0.298955
0.368164 0.300515
0.370117 0.302075
0.37207 0.303635
0.374023 0.305194
0.375977 0.306752
0.37793 0.308311
0.379883 0.309868
0.381836 0.311426
0.383789 0.312983
0.385742 0.314539
0.387695 0.316095
0.389648 0.317651
0.391602 0.319206
0.393555 0.320761
0.395508 0.322315
0.397461 0.323869
0.399414 0.325423
0.401367 0.326976
0.40332 0.328528
0.405273 0.33008
0.407227 0.331632
0.40918 0.333183
0.411133 0.334734
0.413086 0.336284
0.415039 0.337834
0.416992 0.339384
0.418945 0.340933
0.420898 0.342481
0.422852 0.34403
0.424805 0.345577
0.426758 0.347125
0.428711 0.348671
0.430664 0.350218
0.432617 0.351763
0.43457 0.353309
0.436523 0.354854
0.438477 0.356398
0.44043 0.357942
0.442383 0.359486
0.444336 0.361029
0.446289 0.362572
0.448242 0.364114
0.450195 0.365655
0.452148 0.367197
0.454102 0.368737
0.456055 0.370278
0.458008 0.371817
0.459961 0.373357
0.461914 0.374896
0.463867 0.376434
0.46582 0.377972
0.467773 0.379509
0.469727 0.381046
0.47168 0.382583
0.473633 0.384119
0.475586 0.385654
0.477539 0.387189
0.479492 0.388724
0.481445 0.390258
0.483398 0.391791
0.485352 0.393324
0.487305 0.394857
0.489258 0.396389
0.491211 0.39792
0.493164 0.399451
0.495117 0.400982
0.49707 0.402512
0.499023 0.404042
0.500977 0.405571
0.50293 0.407099
0.504883 0.408627
0.506836 0.410155
0.508789 0.411682
0.510742 0.413208
0.512695 0.414734
0.514648 0.41626
0.516602 0.417785
0.518555 0.419309
0.520508 0.420833
0.522461 0.422356
0.524414 0.423879
0.526367 0.425402
0.52832 0.426923
0.530273 0.428445
0.532227 0.429965
0.53418 0.431486
0.536133 0.433005
0.538086 0.434525
0.540039 0.436043
0.541992 0.437561
0.543945 0.439079
0.545898 0.440596
0.547852 0.442112
0.549805 0.443628
0.551758 0.445144
0.553711 0.446659
0.555664 0.448173
0.557617 0.449687
0.55957 0.4512
0.561523 0.452713
0.563477 0.454225
0.56543 0.455736
0.567383 0.457247
0.569336 0.458758
0.571289 0.460268
0.573242 0.461777
0.575195 0.463286
0.577148 0.464794
0.579102 0.466301
0.581055 0.467808
0.583008 0.469315
0.584961 0.470821
0.586914 0.472326
0.588867 0.473831
0.59082 0.475335
0.592773 0.476839
0.594727 0.478342
0.59668 0.479844
0.598633 0.481346
0.600586 0.482847
0.602539 0.484348
0.604492 0.485848
0.606445 0.487347
0.608398 0.488846
0.610352 0.490344
0.612305 0.491842
0.614258 0.493339
0.616211 0.494836
0.618164 0.496331
0.620117 0.497827
0.62207 0.499321
0.624023 0.500815
0.625977 0.502309
0.62793 0.503802
0.629883 0.505294
0.631836 0.506785
0.633789 0.508276
0.635742 0.509767
0.637695 0.511256
0.639648 0.512745
0.641602 0.514234
0.643555 0.515722
0.645508 0.517209
0.647461 0.518695
0.649414 0.520181
0.651367 0.521666
0.65332 0.523151
0.655273 0.524635
0.657227 0.526118
0.65918 0.527601
0.661133 0.529083
0.663086 0.530564
0.665039 0.532045
0.666992 0.533525
0.668945 0.535004
0.670898 0.536483
0.672852 0.537961
0.674805 0.539439
0.676758 0.540915
0.678711 0.542391
0.680664 0.543867
0.682617 0.545341
0.68457 0.546815
0.686523 0.548289
0.688477 0.549761
0.69043 0.551233
0.692383 0.552705
0.694336 0.554175
0.696289 0.555645
0.698242 0.557114
0.700195 0.558583
0.702148 0.560051
0.704102 0.561518
0.706055 0.562984
0.708008 0.56445
0.709961 0.565915
0.711914 0.567379
0.713867 0.568843
0.71582 0.570305
0.717773 0.571767
0.719727 0.573229
0.72168 0.574689
0.723633 0.576149
0.725586 0.577608
0.727539 0.579067
0.729492 0.580525
0.731445 0.581982
0.733398 0.583438
0.735352 0.584893
0.737305 0.586348
0.739258 0.587802
0.741211 0.589255
0.743164 0.590708
0.745117 0.592159
0.74707 0.59361
0.749023 0.59506
0.750977 0.59651
0.75293 0.597958
0.754883 0.599406
0.756836 0.600853
0.758789 0.6023
0.760742 0.603745
0.762695 0.60519
0.764648 0.606634
0.766602 0.608077
0.768555 0.609519
0.770508 0.610961
0.772461 0.612401
0.774414 0.613841
0.776367 0.61528
0.77832 0.616719
0.780273 0.618156
0.782227 0.619593
0.78418 0.621029
0.786133 0.622464
0.788086 0.623898
0.790039 0.625331
0.791992 0.626764
0.793945 0.628195
0.795898 0.629626
0.797852 0.631056
0.799805 0.632485
0.801758 0.633914
0.803711 0.635341
0.805664 0.636768
0.807617 0.638193
0.80957 0.639618
0.811523 0.641042
0.813477 0.642465
0.81543 0.643887
0.817383 0.645309
0.819336 0.646729
0.821289 0.648149
0.823242 0.649567
0.825195 0.650985
0.827148 0.652402
0.829102 0.653818
0.831055 0.655233
0.833008 0.656647
0.834961 0.65806
0.836914 0.659473
0.838867 0.660884
0.84082 0.662294
0.842773 0.663704
0.844727 0.665113
0.84668 0.66652
0.848633 0.667927
0.850586 0.669333
0.852539 0.670737
0.854492 0.672142
0.856445 0.673543
0.858398 0.674947
0.860352 0.676346
0.862305 0.677749
0.864258 0.679143
0.866211 0.680548
0.868164 0.681936
0.870117 0.683344
0.87207 0.684723
0.874023 0.686138
0.875977 0.687503
0.87793 0.688933
0.879883 0.690273
0.881836 0.691731
0.883789 0.693029
0.885742 0.694539
0.887695 0.695762
0.889648 0.697369
0.891602 0.698457
0.893555 0.700239
0.895508 0.701087
0.897461 0.703185
0.899414 0.703606
0.901367 0.706273
0.90332 0.705928
0.905273 0.709615
0.907227 0.707902
0.90918 0.713419
0.911133 0.709262
0.913086 0.718055
0.915039 0.70954
0.916992 0.724195
0.918945 0.707924
0.920898 0.733068
0.922852 0.70304
0.924805 0.746977
0.926758 0.692654
0.928711 0.770365
0.930664 0.673446
0.932617 0.812217
0.93457 0.64148
0.936523 0.891694
0.938477 0.5953
0.94043 1.05099
0.942383 0.545089
0.944336 1.37625
0.946289 0.523685
0.948242 1.98646
0.950195 0.571126
0.952148 2.91539
0.954102 0.694447
0.956055 4.06336
0.958008 0.868902
0.959961 5.32585
0.961914 1.07073
0.963867 6.64592
0.96582 1.28695
0.967773 7.9966
0.969727 1.51121
0.97168 9.36474
0.973633 1.74028
0.975586 10.7435
0.977539 1.9724
0.979492 12.129
0.981445 2.20657
0.983398 13.5191
0.985352 2.44215
0.987305 14.9122
0.989258 2.67875
0.991211 16.3075
0.993164 2.91609
0.995117 17.7044
0.99707 -0.145136
0.999023 -0.168828
1 0
