0 0
0.000976562 0.000802446
0.00292969 0.00240733
0.00488281 0.00401219
0.00683594 0.00561702
0.00878906 0.0072218
0.0107422 0.00882651
0.0126953 0.0104311
0.0146484 0.0120357
0.0166016 0.0136401
0.0185547 0.0152445
0.0205078 0.0168487
0.0224609 0.0184527
0.0244141 0.0200566
0.0263672 0.0216604
0.0283203 0.023264
0.0302734 0.0248673
0.0322266 0.0264706
0.0341797 0.0280736
0.0361328 0.0296763
0.0380859 0.0312789
0.0400391 0.0328813
0.0419922 0.0344834
0.0439453 0.0360853
0.0458984 0.037687
0.0478516 0.0392884
0.0498047 0.0408895
0.0517578 0.0424904
0.0537109 0.0440911
0.0556641 0.0456914
0.0576172 0.0472916
0.0595703 0.0488914
0.0615234 0.050491
0.0634766 0.0520903
0.0654297 0.0536893
0.0673828 0.055288
0.0693359 0.0568865
0.0712891 0.0584847
0.0732422 0.0600826
0.0751953 0.0616802
0.0771484 0.0632775
0.0791016 0.0648745
0.0810547 0.0664713
0.0830078 0.0680678
0.0849609 0.0696639
0.0869141 0.0712598
0.0888672 0.0728554
0.0908203 0.0744507
0.0927734 0.0760457
0.0947266 0.0776404
0.0966797 0.0792348
0.0986328 0.0808289
0.100586 0.0824227
0.102539 0.0840162
0.104492 0.0856095
0.106445 0.0872024
0.108398 0.088795
0.110352 0.0903873
0.112305 0.0919794
0.114258 0.0935711
0.116211 0.0951625
0.118164 0.0967536
0.120117 0.0983444
0.12207 0.0999349
0.124023 0.101525
0.125977 0.103115
0.12793 0.104705
0.129883 0.106294
0.131836 0.107883
0.133789 0.109472
0.135742 0.11106
0.137695 0.112648
0.139648 0.114236
0.141602 0.115823
0.143555 0.11741
0.145508 0.118997
0.147461 0.120584
0.149414 0.12217
0.151367 0.123756
0.15332 0.125341
0.155273 0.126926
0.157227 0.128511
0.15918 0.130096
0.161133 0.13168
0.163086 0.133264
0.165039 0.134848
0.166992 0.136431
0.168945 0.138014
0.170898 0.139597
0.172852 0.141179
0.174805 0.142761
0.176758 0.144343
0.178711 0.145924
0.180664 0.147506
0.182617 0.149086
0.18457 0.150667
0.186523 0.152247
0.188477 0.153827
0.19043 0.155406
0.192383 0.156985
0.194336 0.158564
0.196289 0.160142
0.198242 0.161721
0.200195 0.163298
0.202148 0.164876
0.204102 0.166453
0.206055 0.16803
0.208008 0.169606
0.209961 0.171182
0.211914 0.172758
0.213867 0.174334
0.21582 0.175909
0.217773 0.177484
0.219727 0.179058
0.22168 0.180632
0.223633 0.182206
0.225586 0.183779
0.227539 0.185352
0.229492 0.186925
0.231445 0.188498
0.233398 0.19007
0.235352 0.191641
0.237305 0.193213
0.239258 0.194784
0.241211 0.196354
0.243164 0.197925
0.245117 0.199495
0.24707 0.201064
0.249023 0.202634
0.250977 0.204203
0.25293 0.205771
0.254883 0.207339
0.256836 0.208907
0.258789 0.210475
0.260742 0.212042
0.262695 0.213609
0.264648 0.215175
0.266602 0.216741
0.268555 0.218307
0.270508 0.219872
0.272461 0.221437
0.274414 0.223002
0.276367 0.224566
0.27832 0.22613
0.280273 0.227694
0.282227 0.229257
0.28418 0.23082
0.286133 0.232382
0.288086 0.233944
0.290039 0.235506
0.291992 0.237068
0.293945 0.238629
0.295898 0.240189
0.297852 0.241749
0.299805 0.243309
0.301758 0.244869
0.303711 0.246428
0.305664 0.247987
0.307617 0.249545
0.30957 0.251103
0.311523 0.252661
0.313477 0.254218
0.31543 0.255775
0.317383 0.257331
0.319336 0.258887
0.321289 0.260443
0.323242 0.261998
0.325195 0.263553
0.327148 0.265108
0.329102 0.266662
0.331055 0.268216
0.333008 0.269769
0.334961 0.271322
0.336914 0.272875
0.338867 0.274427
0.34082 0.275979
0.342773 0.277531
0.344727 0.279082
0.34668 0.280632
0.348633 0.282183
0.350586 0.283733
0.352539 0.285282
0.354492 0.286831
0.356445 0.28838
0.358398 0.289928
0.360352 0.291476
0.362305 0.293023
0.364258 0.29457
0.366211 0.296117
0.368164 0.297663
0.370117 0.299209
0.37207 0.300755
0.374023 0.3023
0.375977 0.303844
0.37793 0.305389
0.379883 0.306932
0.381836 0.308476
0.383789 0.310019
0.385742 0.311561
0.387695 0.313104
0.389648 0.314645
0.391602 0.316187
0.393555 0.317728
0.395508 0.319268
0.397461 0.320808
0.399414 0.322348
0.401367 0.323887
0.40332 0.325426
0.405273 0.326964
0.407227 0.328502
0.40918 0.330039
0.411133 0.331577
0.413086 0.333113
0.415039 0.334649
0.416992 0.336185
0.418945 0.337721
0.420898 0.339255
0.422852 0.34079
0.424805 0.342324
0.426758 0.343858
0.428711 0.345391
0.430664 0.346923
0.432617 0.348456
0.43457 0.349988
0.436523 0.351519
0.438477 0.35305
0.44043 0.35458
0.442383 0.35611
0.444336 0.35764
0.446289 0.359169
0.448242 0.360698
0.450195 0.362226
0.452148 0.363754
0.454102 0.365281
0.456055 0.366808
0.458008 0.368335
0.459961 0.369861
0.461914 0.371386
0.463867 0.372911
0.46582 0.374436
0.467773 0.37596
0.469727 0.377484
0.47168 0.379007
0.473633 0.380529
0.475586 0.382052
0.477539 0.383573
0.479492 0.385095
0.481445 0.386616
0.483398 0.388136
0.485352 0.389656
0.487305 0.391175
0.489258 0.392694
0.491211 0.394213
0.493164 0.395731
0.495117 0.397248
0.49707 0.398765
0.499023 0.400282
0.500977 0.401798
0.50293 0.403313
0.504883 0.404828
0.506836 0.406343
0.508789 0.407857
0.510742 0.409371
0.512695 0.410884
0.514648 0.412396
0.516602 0.413908
0.518555 0.41542
0.520508 0.416931
0.522461 0.418442
0.524414 0.419952
0.526367 0.421461
0.52832 0.42297
0.530273 0.424479
0.532227 0.425987
0.53418 0.427494
0.536133 0.429001
0.538086 0.430508
0.540039 0.432014
0.541992 0.433519
0.543945 0.435024
0.545898 0.436529
0.547852 0.438033
0.549805 0.439536
0.551758 0.441039
0.553711 0.442541
0.555664 0.444043
0.557617 0.445545
0.55957 0.447045
0.561523 0.448545
0.563477 0.450045
0.56543 0.451544
0.567383 0.453043
0.569336 0.454541
0.571289 0.456039
0.573242 0.457536
0.575195 0.459032
0.577148 0.460528
0.579102 0.462023
0.581055 0.463518
0.583008 0.465012
0.584961 0.466506
0.586914 0.467999
0.588867 0.469492
0.59082 0.470984
0.592773 0.472475
0.594727 0.473966
0.59668 0.475456
0.598633 0.476946
0.600586 0.478435
0.602539 0.479924
0.604492 0.481412
0.606445 0.4829
0.608398 0.484387
0.610352 0.485873
0.612305 0.487359
0.614258 0.488844
0.616211 0.490329
0.618164 0.491813
0.620117 0.493296
0.62207 0.494779
0.624023 0.496261
0.625977 0.497743
0.62793 0.499224
0.629883 0.500704
0.631836 0.502184
0.633789 0.503664
0.635742 0.505142
0.637695 0.50662
0.639648 0.508098
0.641602 0.509575
0.643555 0.511051
0.645508 0.512527
0.647461 0.514002
0.649414 0.515476
0.651367 0.51695
0.65332 0.518423
0.655273 0.519896
0.657227 0.521368
0.65918 0.522839
0.661133 0.52431
0.663086 0.52578
0.665039 0.527249
0.666992 0.528718
0.668945 0.530186
0.670898 0.531654
0.672852 0.533121
0.674805 0.534587
0.676758 0.536052
0.678711 0.537517
0.680664 0.538982
0.682617 0.540445
0.68457 0.541908
0.686523 0.543371
0.688477 0.544832
0.69043 0.546293
0.692383 0.547754
0.694336 0.549213
0.696289 0.550672
0.698242 0.552131
0.700195 0.553588
0.702148 0.555046
0.704102 0.556502
0.706055 0.557957
0.708008 0.559412
0.709961 0.560867
0.711914 0.56232
0.713867 0.563773
0.71582 0.565225
0.717773 0.566677
0.719727 0.568128
0.72168 0.569578
0.723633 0.571027
0.725586 0.572476
0.727539 0.573924
0.729492 0.575371
0.731445 0.576818
0.733398 0.578264
0.735352 0.579709
0.737305 0.581154
0.739258 0.582597
0.741211 0.58404
0.743164 0.585483
0.745117 0.586924
0.74707 0.588365
0.749023 0.589805
0.750977 0.591244
0.75293 0.592683
0.754883 0.594121
0.756836 0.595558
0.758789 0.596994
0.760742 0.59843
0.762695 0.599865
0.764648 0.601299
0.766602 0.602732
0.768555 0.604164
0.770508 0.605596
0.772461 0.607027
0.774414 0.608457
0.776367 0.609887
0.77832 0.611316
0.780273 0.612744
0.782227 0.614171
0.78418 0.615597
0.786133 0.617022
0.788086 0.618447
0.790039 0.619871
0.791992 0.621294
0.793945 0.622717
0.795898 0.624138
0.797852 0.625559
0.799805 0.626979
0.801758 0.628398
0.803711 0.629816
0.805664 0.631233
0.807617 0.63265
0.80957 0.634066
0.811523 0.635481
0.813477 0.636895
0.81543 0.638308
0.817383 0.63972
0.819336 0.641132
0.821289 0.642543
0.823242 0.643953
0.825195 0.645362
0.827148 0.64677
0.829102 0.648177
0.831055 0.649583
0.833008 0.650989
0.834961 0.652394
0.836914 0.653797
0.838867 0.6552
0.84082 0.656602
0.842773 0.658003
0.844727 0.659403
0.84668 0.660803
0.848633 0.662201
0.850586 0.663599
0.852539 0.664995
0.854492 0.666391
0.856445 0.667785
0.858398 0.66918
0.860352 0.670571
0.862305 0.671966
0.864258 0.673353
0.866211 0.674749
0.868164 0.67613
0.870117 0.677529
0.87207 0.678901
0.874023 0.680307
0.875977 0.681666
0.87793 0.683086
0.879883 0.684421
0.881836 0.685869
0.883789 0.687162
0.885742 0.688662
0.887695 0.689881
0.889648 0.691475
0.891602 0.692562
0.893555 0.694329
0.895508 0.695179
0.897461 0.69726
0.899414 0.697684
0.901367 0.700333
0.90332 0.699992
0.905273 0.703663
0.907227 0.701947
0.90918 0.707462
0.911133 0.703279
0.913086 0.71211
0.915039 0.703505
0.916992 0.718299
0.918945 0.701788
0.920898 0.727305
0.922852 0.696705
0.924805 0.741533
0.926758 0.685938
0.928711 0.765657
0.930664 0.666059
0.932617 0.809217
0.93457 0.633097
0.936523 0.892756
0.938477 0.586044
0.94043 1.06179
0.942383 0.53681
0.944336 1.40827
0.946289 0.520611
0.948242 2.05136
0.950195 0.576386
0.952148 3.00981
0.954102 0.706837
0.956055 4.17532
0.958008 0.885572
0.959961 5.44704
0.961914 1.08976
0.963867 6.7721
0.96582 1.30734
0.967773 8.12564
0.969727 1.53243
0.97168 9.49553
0.973633 1.76203
0.975586 10.8754
0.977539 1.99452
0.979492 12.2616
0.981445 2.22894
0.983398 13.6521
0.985352 2.46471
0.987305 15.0456
0.989258 2.70145
0.991211 16.4411
0.993164 2.9389
0.995117 17.8382
0.99707 -0.145141
0.999023 -0.169031
1 0
