0 0
0.000976562 0.000781897
0.00292969 0.00234568
0.00488281 0.00390945
0.00683594 0.00547319
0.00878906 0.00703688
0.0107422 0.00860052
0.0126953 0.0101641
0.0146484 0.0117276
0.0166016 0.013291
0.0185547 0.0148542
0.0205078 0.0164174
0.0224609 0.0179805
0.0244141 0.0195434
0.0263672 0.0211061
0.0283203 0.0226687
0.0302734 0.0242312
0.0322266 0.0257934
0.0341797 0.0273555
0.0361328 0.0289174
0.0380859 0.0304791
0.0400391 0.0320406
0.0419922 0.0336019
0.0439453 0.035163
0.0458984 0.0367239
0.0478516 0.0382845
0.0498047 0.0398449
0.0517578 0.0414051
0.0537109 0.042965
0.0556641 0.0445247
0.0576172 0.0460842
0.0595703 0.0476434
0.0615234 0.0492023
0.0634766 0.050761
0.0654297 0.0523195
0.0673828 0.0538777
0.0693359 0.0554356
0.0712891 0.0569933
0.0732422 0.0585507
0.0751953 0.0601079
0.0771484 0.0616648
0.0791016 0.0632214
0.0810547 0.0647778
0.0830078 0.0663338
0.0849609 0.0678897
0.0869141 0.0694452
0.0888672 0.0710005
0.0908203 0.0725555
0.0927734 0.0741103
0.0947266 0.0756648
0.0966797 0.077219
0.0986328 0.0787729
0.100586 0.0803265
0.102539 0.0818799
0.104492 0.083433
0.106445 0.0849858
0.108398 0.0865384
0.110352 0.0880907
0.112305 0.0896427
0.114258 0.0911944
0.116211 0.0927458
0.118164 0.094297
0.120117 0.0958479
0.12207 0.0973985
0.124023 0.0989488
0.125977 0.100499
0.12793 0.102049
0.129883 0.103598
0.131836 0.105147
0.133789 0.106696
0.135742 0.108245
0.137695 0.109793
0.139648 0.111341
0.141602 0.112889
0.143555 0.114436
0.145508 0.115984
0.147461 0.11753
0.149414 0.119077
0.151367 0.120623
0.15332 0.122169
0.155273 0.123715
0.157227 0.125261
0.15918 0.126806
0.161133 0.128351
0.163086 0.129895
0.165039 0.13144
0.166992 0.132983
0.168945 0.134527
0.170898 0.136071
0.172852 0.137614
0.174805 0.139156
0.176758 0.140699
0.178711 0.142241
0.180664 0.143783
0.182617 0.145325
0.18457 0.146866
0.186523 0.148407
0.188477 0.149948
0.19043 0.151488
0.192383 0.153028
0.194336 0.154568
0.196289 0.156108
0.198242 0.157647
0.200195 0.159186
0.202148 0.160724
0.204102 0.162262
0.206055 0.1638
0.208008 0.165338
0.209961 0.166875
0.211914 0.168413
0.213867 0.169949
0.21582 0.171486
0.217773 0.173022
0.219727 0.174558
0.22168 0.176093
0.223633 0.177628
0.225586 0.179163
0.227539 0.180698
0.229492 0.182232
0.231445 0.183766
0.233398 0.185299
0.235352 0.186833
0.237305 0.188366
0.239258 0.189898
0.241211 0.191431
0.243164 0.192963
0.245117 0.194494
0.24707 0.196026
0.249023 0.197557
0.250977 0.199087
0.25293 0.200618
0.254883 0.202148
0.256836 0.203678
0.258789 0.205207
0.260742 0.206736
0.262695 0.208265
0.264648 0.209793
0.266602 0.211321
0.268555 0.212849
0.270508 0.214377
0.272461 0.215904
0.274414 0.217431
0.276367 0.218957
0.27832 0.220483
0.280273 0.222009
0.282227 0.223534
0.28418 0.225059
0.286133 0.226584
0.288086 0.228109
0.290039 0.229633
0.291992 0.231157
0.293945 0.23268
0.295898 0.234203
0.297852 0.235726
0.299805 0.237248
0.301758 0.23877
0.303711 0.240292
0.305664 0.241813
0.307617 0.243334
0.30957 0.244855
0.311523 0.246375
0.313477 0.247895
0.31543 0.249415
0.317383 0.250934
0.319336 0.252453
0.321289 0.253972
0.323242 0.25549
0.325195 0.257008
0.327148 0.258525
0.329102 0.260043
0.331055 0.261559
0.333008 0.263076
0.334961 0.264592
0.336914 0.266108
0.338867 0.267623
0.34082 0.269138
0.342773 0.270653
0.344727 0.272167
0.34668 0.273681
0.348633 0.275195
0.350586 0.276708
0.352539 0.278221
0.354492 0.279733
0.356445 0.281245
0.358398 0.282757
0.360352 0.284269
0.362305 0.28578
0.364258 0.28729
0.366211 0.2888
0.368164 0.29031
0.370117 0.29182
0.37207 0.293329
0.374023 0.294838
0.375977 0.296346
0.37793 0.297854
0.379883 0.299362
0.381836 0.300869
0.383789 0.302376
0.385742 0.303883
0.387695 0.305389
0.389648 0.306895
0.391602 0.3084
0.393555 0.309905
0.395508 0.31141
0.397461 0.312914
0.399414 0.314418
0.401367 0.315921
0.40332 0.317424
0.405273 0.318927
0.407227 0.320429
0.40918 0.321931
0.411133 0.323432
0.413086 0.324933
0.415039 0.326434
0.416992 0.327934
0.418945 0.329434
0.420898 0.330934
0.422852 0.332433
0.424805 0.333932
0.426758 0.33543
0.428711 0.336928
0.430664 0.338425
0.432617 0.339923
0.43457 0.341419
0.436523 0.342915
0.438477 0.344411
0.44043 0.345907
0.442383 0.347402
0.444336 0.348897
0.446289 0.350391
0.448242 0.351885
0.450195 0.353378
0.452148 0.354871
0.454102 0.356364
0.456055 0.357856
0.458008 0.359348
0.459961 0.360839
0.461914 0.36233
0.463867 0.36382
0.46582 0.36531
0.467773 0.3668
0.469727 0.368289
0.47168 0.369778
0.473633 0.371266
0.475586 0.372754
0.477539 0.374242
0.479492 0.375729
0.481445 0.377215
0.483398 0.378702
0.485352 0.380187
0.487305 0.381673
0.489258 0.383158
0.491211 0.384642
0.493164 0.386126
0.495117 0.38761
0.49707 0.389093
0.499023 0.390576
0.500977 0.392058
0.50293 0.39354
0.504883 0.395021
0.506836 0.396502
0.508789 0.397982
0.510742 0.399462
0.512695 0.400942
0.514648 0.402421
0.516602 0.4039
0.518555 0.405378
0.520508 0.406856
0.522461 0.408333
0.524414 0.40981
0.526367 0.411286
0.52832 0.412762
0.530273 0.414238
0.532227 0.415713
0.53418 0.417187
0.536133 0.418661
0.538086 0.420135
0.540039 0.421608
0.541992 0.42308
0.543945 0.424553
0.545898 0.426024
0.547852 0.427496
0.549805 0.428966
0.551758 0.430437
0.553711 0.431906
0.555664 0.433376
0.557617 0.434844
0.55957 0.436313
0.561523 0.437781
0.563477 0.439248
0.56543 0.440715
0.567383 0.442181
0.569336 0.443647
0.571289 0.445113
0.573242 0.446577
0.575195 0.448042
0.577148 0.449506
0.579102 0.450969
0.581055 0.452432
0.583008 0.453895
0.584961 0.455356
0.586914 0.456818
0.588867 0.458279
0.59082 0.459739
0.592773 0.461199
0.594727 0.462658
0.59668 0.464117
0.598633 0.465576
0.600586 0.467034
0.602539 0.468491
0.604492 0.469948
0.606445 0.471404
0.608398 0.47286
0.610352 0.474315
0.612305 0.47577
0.614258 0.477224
0.616211 0.478678
0.618164 0.480131
0.620117 0.481583
0.62207 0.483035
0.624023 0.484487
0.625977 0.485938
0.62793 0.487388
0.629883 0.488838
0.631836 0.490288
0.633789 0.491737
0.635742 0.493185
0.637695 0.494633
0.639648 0.49608
0.641602 0.497526
0.643555 0.498972
0.645508 0.500418
0.647461 0.501863
0.649414 0.503307
0.651367 0.504751
0.65332 0.506195
0.655273 0.507637
0.657227 0.50908
0.65918 0.510521
0.661133 0.511962
0.663086 0.513403
0.665039 0.514843
0.666992 0.516282
0.668945 0.517721
0.670898 0.519159
0.672852 0.520597
0.674805 0.522034
0.676758 0.52347
0.678711 0.524906
0.680664 0.526341
0.682617 0.527776
0.68457 0.52921
0.686523 0.530643
0.688477 0.532076
0.69043 0.533509
0.692383 0.53494
0.694336 0.536371
0.696289 0.537802
0.698242 0.539232
0.700195 0.540661
0.702148 0.54209
0.704102 0.543518
0.706055 0.544945
0.708008 0.546372
0.709961 0.547798
0.711914 0.549224
0.713867 0.550649
0.71582 0.552073
0.717773 0.553497
0.719727 0.55492
0.72168 0.556343
0.723633 0.557764
0.725586 0.559186
0.727539 0.560606
0.729492 0.562026
0.731445 0.563445
0.733398 0.564864
0.735352 0.566282
0.737305 0.567699
0.739258 0.569116
0.741211 0.570532
0.743164 0.571947
0.745117 0.573362
0.74707 0.574776
0.749023 0.57619
0.750977 0.577602
0.75293 0.579014
0.754883 0.580426
0.756836 0.581837
0.758789 0.583247
0.760742 0.584656
0.762695 0.586065
0.764648 0.587473
0.766602 0.58888
0.768555 0.590287
0.770508 0.591693
0.772461 0.593098
0.774414 0.594502
0.776367 0.595906
0.77832 0.597309
0.780273 0.598712
0.782227 0.600114
0.78418 0.601515
0.786133 0.602915
0.788086 0.604315
0.790039 0.605714
0.791992 0.607112
0.793945 0.608509
0.795898 0.609906
0.797852 0.611302
0.799805 0.612697
0.801758 0.614092
0.803711 0.615485
0.805664 0.616879
0.807617 0.618271
0.80957 0.619662
0.811523 0.621053
0.813477 0.622443
0.81543 0.623833
0.817383 0.625221
0.819336 0.626609
0.821289 0.627996
0.823242 0.629382
0.825195 0.630768
0.827148 0.632153
0.829102 0.633537
0.831055 0.63492
0.833008 0.636302
0.834961 0.637684
0.836914 0.639065
0.838867 0.640445
0.84082 0.641824
0.842773 0.643202
0.844727 0.64458
0.84668 0.645957
0.848633 0.647333
0.850586 0.648708
0.852539 0.650082
0.854492 0.651457
0.856445 0.652828
0.858398 0.654202
0.860352 0.655571
0.862305 0.656944
0.864258 0.658309
0.866211 0.659683
0.868164 0.661044
0.870117 0.66242
0.87207 0.663774
0.874023 0.665156
0.875977 0.666497
0.87793 0.667893
0.879883 0.669211
0.881836 0.670633
0.883789 0.671913
0.885742 0.673383
0.887695 0.674593
0.889648 0.676153
0.891602 0.677237
0.893555 0.678964
0.895508 0.679818
0.897461 0.681852
0.899414 0.682287
0.901367 0.684883
0.90332 0.684555
0.905273 0.688179
0.907227 0.686461
0.90918 0.691962
0.911133 0.687717
0.913086 0.696637
0.915039 0.687806
0.916992 0.702956
0.918945 0.685817
0.920898 0.712324
0.922852 0.680192
0.924805 0.727434
0.926758 0.668382
0.928711 0.753631
0.930664 0.646667
0.932617 0.802097
0.93457 0.611057
0.936523 0.897541
0.938477 0.562068
0.94043 1.09545
0.942383 0.516817
0.944336 1.50333
0.946289 0.516162
0.948242 2.2341
0.950195 0.593864
0.952148 3.26384
0.954102 0.741435
0.956055 4.46963
0.958008 0.930038
0.959961 5.76239
0.961914 1.13965
0.963867 7.09891
0.96582 1.36037
0.967773 8.45911
0.969727 1.58739
0.97168 9.83307
0.973633 1.81827
0.975586 11.2155
0.977539 2.05163
0.979492 12.6035
0.981445 2.28666
0.983398 13.9951
0.985352 2.52288
0.987305 15.3894
0.989258 2.75996
0.991211 16.7854
0.993164 2.99766
0.995117 18.1828
0.99707 -0.145153
0.999023 -0.169543
1 0
