-1.0000000000000000 -0.0000000008887690
-0.8750000000000000 0.0000000000000148
-0.7500000000000000 0.0000000008887987
-0.6250000000000000 -0.0000004180676660
-0.5625000000000000 0.0000296344368060
-0.5000000000000000 -0.0002304720378250
-0.4687500000000000 -0.0114507358917081
-0.4609375000000000 0.0603936626005193
-0.4531250000000000 -0.0450282921636435
-0.4453125000000000 -0.0942388109246320
-0.4375000000000000 0.2223810999231747
-0.4218750000000000 -0.4753801887359790
-0.4140625000000000 0.7509638330482111
-0.4101562500000000 1.2594145856814818
-0.4062500000000000 0.5760265354652314
-0.4023437500000000 -1.1086980858540341
-0.3984375000000000 -2.3557287300825567
-0.3945312500000000 -1.5234854194032856
-0.3906250000000000 1.4419043885294140
-0.3867187500000000 4.1819103164345997
-0.3828125000000000 3.4791020939378421
-0.3750000000000000 -7.4030082803931592
-0.3730468750000000 -8.6454424145798363
-0.3710937500000000 -7.7983011096183281
-0.3691406250000000 -4.6673656426727117
-0.3671875000000000 0.3583414553996676
-0.3632812500000000 11.7166636194576199
-0.3613281250000000 15.0505880860142867
-0.3593750000000000 14.9831694721002826
-0.3574218750000000 10.8654690646812622
-0.3554687500000000 3.0203891897527910
-0.3515625000000000 -17.3689580752303527
-0.3496093750000000 -24.8712508868358384
-0.3476562500000000 -27.1269124237898538
-0.3457031250000000 -22.5362858198198133
-0.3437500000000000 -11.0462683038395042
-0.3417968750000000 5.5457206322555805
-0.3398437500000000 23.7334310827302772
-0.3378906250000000 38.9331607793443766
-0.3359375000000000 46.5232881039324866
-0.3339843750000000 43.0841586941525918
-0.3320312500000000 27.5380764520965755
-0.3300781250000000 1.8620185281044144
-0.3281250000000000 -28.8969114725688883
-0.3261718750000000 -57.4319374817459334
-0.3242187500000000 -75.7400719388842845
-0.3222656250000000 -77.1483996834828076
-0.3203125000000000 -58.3365851035378427
-0.3183593750000000 -20.8087583849667226
-0.3164062500000000 28.6775613598666155
-0.3144531250000000 79.0202349411592309
-0.3125000000000000 118.5704715350184415
-0.3115234375000000 129.2898900539262286
-0.3105468750000000 132.5370373912085142
-0.3095703125000000 127.5012760427373451
-0.3085937500000000 113.8448547874218093
-0.3076171875000000 91.7626434911726960
-0.3066406250000000 62.0117971196348776
-0.3046875000000000 -15.2847174098603773
-0.3027343750000000 -100.1494808363404445
-0.3017578125000000 -139.5841031054947052
-0.3007812500000000 -173.1196553195695742
-0.2998046875000000 -198.1333683293273680
-0.2988281250000000 -212.3511505726564792
-0.2978515625000000 -214.0222680078413759
-0.2968750000000000 -202.0733316940238637
-0.2958984375000000 -176.2299328420626807
-0.2949218750000000 -137.0954989438960467
-0.2939453125000000 -86.1789590245520003
-0.2929687500000000 -25.8655271626105332
-0.2910156250000000 109.6186105939200388
-0.2900390625000000 176.7184038330797193
-0.2890625000000000 237.5152946153457378
-0.2880859375000000 287.6280130296227071
-0.2871093750000000 323.0393159102768550
-0.2861328125000000 340.3831736880420067
-0.2851562500000000 337.2108157844363632
-0.2841796875000000 312.2167274336497940
-0.2832031250000000 265.4069272961405659
-0.2822265625000000 198.1943424051047771
-0.2812500000000000 113.4097619125257097
-0.2802734375000000 15.2215376249491783
-0.2792968750000000 -91.0373274602625315
-0.2773437500000000 -302.2546049774373387
-0.2763671875000000 -393.4422761728073965
-0.2753906250000000 -465.9965121397035546
-0.2744140625000000 -513.9444145179577390
-0.2734375000000000 -532.4735859077727582
-0.2724609375000000 -518.3244910875446294
-0.2714843750000000 -470.1097609238759105
-0.2705078125000000 -388.5345786443924680
-0.2695312500000000 -276.4969392253993874
-0.2685546875000000 -139.0529344470924116
-0.2675781250000000 16.7600108767746860
-0.2656250000000000 347.4684501436022401
-0.2646484375000000 501.8633104345226457
-0.2636718750000000 634.8180167000718939
-0.2626953125000000 736.3814407900372316
-0.2617187500000000 797.9430386756721418
-0.2607421875000000 812.8772505070101033
-0.2597656250000000 777.1029196932977356
-0.2587890625000000 689.5157990519301165
-0.2578125000000000 552.2576752862933063
-0.2568359375000000 370.7938483351001651
-0.2558593750000000 153.7812932174238085
-0.2548828125000000 -87.2777274923082587
-0.2539062500000000 -338.5882356482088653
-0.2529296875000000 -584.7989901928085601
-0.2519531250000000 -809.8871254831610713
-0.2509765625000000 -998.1433479626648477
-0.2500000000000000 -1135.2004648953698052
-0.2490234375000000 -1209.0415306752402103
-0.2480468750000000 -1210.9211419446037326
-0.2470703125000000 -1136.1348103897780675
-0.2460937500000000 -984.5770638784597395
-0.2451171875000000 -761.0388722953853176
-0.2441406250000000 -475.2087805436594863
-0.2431640625000000 -141.3590985603459558
-0.2421875000000000 222.2822618482223334
-0.2412109375000000 594.4533152187250380
-0.2402343750000000 952.0316097555732995
-0.2392578125000000 1271.3997607976925792
-0.2382812500000000 1535.0186901998677058
-0.2377929687500000 1635.5838696461287327
-0.2373046875000000 1713.5905238775012549
-0.2368164062500000 1767.1382602804660564
-0.2363281250000000 1794.6553251983277733
-0.2358398437500000 1794.9332482268946478
-0.2353515625000000 1767.1567484179104213
-0.2348632812500000 1710.9282856808567885
-0.2343750000000000 1626.2867080580908805
-0.2338867187500000 1513.7195238208805677
-0.2333984375000000 1374.1684153631431400
-0.2329101562500000 1209.0277087048889371
-0.2324218750000000 1020.1356166260011378
-0.2314453125000000 576.6234523614175487
-0.2304687500000000 76.0744281938186759
-0.2285156250000000 -996.2546553200700146
-0.2275390625000000 -1502.2587283000393654
-0.2265625000000000 -1949.0704104617761914
-0.2260742187500000 -2135.8004134511284065
-0.2255859375000000 -2294.5268821004137862
-0.2250976562500000 -2421.9662475302466191
-0.2246093750000000 -2515.2337615376163740
-0.2241210937500000 -2571.9003082521958277
-0.2236328125000000 -2590.0435998271859717
-0.2231445312500000 -2568.2927842512726784
-0.2226562500000000 -2505.8655712585896254
-0.2221679687500000 -2402.5970766969694523
-0.2216796875000000 -2258.9596955348533811
-0.2211914062500000 -2076.0734376433829311
-0.2207031250000000 -1855.7062968446698505
-0.2202148437500000 -1600.2643709141484578
-0.2197265625000000 -1312.7716057838515553
-0.2192382812500000 -996.8391992480222825
-0.2187500000000000 -656.6248653729271609
-0.2177734375000000 79.8684828206751263
-0.2167968750000000 847.1933933376203640
-0.2158203125000000 1603.7608561341621680
-0.2148437500000000 2307.8730401241919026
-0.2143554687500000 2620.9076267540804110
-0.2138671875000000 2901.5861443530302495
-0.2133789062500000 3144.6478711662057322
-0.2128906250000000 3345.2810287110041827
-0.2124023437500000 3499.2106074673938565
-0.2119140625000000 3602.7800517519935966
-0.2114257812500000 3653.0253439297375735
-0.2109375000000000 3647.7401104618620593
-0.2104492187500000 3585.5304787586210296
-0.2099609375000000 3465.8585434837150387
-0.2094726562500000 3289.0734522159618791
-0.2089843750000000 3056.4292914904945064
-0.2084960937500000 2770.0891428922332125
-0.2080078125000000 2433.1148826093412936
-0.2075195312500000 2049.4425135354540544
-0.2070312500000000 1623.8430440016491048
-0.2065429687500000 1161.8691574435761140
-0.2060546875000000 669.7881499000723124
-0.2050781250000000 -378.5150265886404668
-0.2041015625000000 -1451.8767788823752198
-0.2031250000000000 -2496.5117547646805178
-0.2026367187500000 -2983.4309866928379051
-0.2021484375000000 -3436.4121279770624824
-0.2016601562500000 -3847.5223161270841956
-0.2011718750000000 -4209.2831453222897835
-0.2006835937500000 -4514.7997448378591798
-0.2001953125000000 -4757.8839047724031843
-0.1997070312500000 -4933.1691491179517470
-0.1992187500000000 -5036.2157315461663529
-0.1987304687500000 -5063.6036389068467543
-0.1982421875000000 -5013.0118302617338486
-0.1977539062500000 -4883.2821139653678983
-0.1972656250000000 -4674.4662698448519222
-0.1967773437500000 -4387.8552552238397766
-0.1962890625000000 -4025.9895897002134006
-0.1958007812500000 -3592.6502902277570684
-0.1953125000000000 -3092.8300217002542922
-0.1948242187500000 -2532.6844344137716689
-0.1943359375000000 -1919.4639736457338586
-0.1938476562500000 -1261.4267640525722527
-0.1933593750000000 -567.7334865595330484
-0.1923828125000000 887.2255095248910948
-0.1914062500000000 2356.0364511007210240
-0.1909179687500000 3068.3457383054774255
-0.1904296875000000 3750.1802555242320523
-0.1899414062500000 4390.1895502535626292
-0.1894531250000000 4977.4058415193576366
-0.1889648437500000 5501.4252574752899818
-0.1884765625000000 5952.5844930682214908
-0.1879882812500000 6322.1299863213207573
-0.1875000000000000 6602.3767618998535909
-0.1870117187500000 6786.8541875720839016
-0.1865234375000000 6870.4360321948188357
-0.1860351562500000 6849.4524017896037549
-0.1855468750000000 6721.7813612322788686
-0.1850585937500000 6486.9183202965650707
-0.1845703125000000 6146.0215708708274178
-0.1840820312500000 5701.9327031905413605
-0.1835937500000000 5159.1709977788268588
-0.1831054687500000 4523.9012819927593227
-0.1826171875000000 3803.8751488722191425
-0.1821289062500000 3008.3458561851657578
-0.1816406250000000 2147.9576482117990963
-0.1811523437500000 1234.6106649871362606
-0.1806640625000000 281.3030176561733242
-0.1796875000000000 -1687.8672116074740188
-0.1787109375000000 -3643.6511069380212575
-0.1782226562500000 -4576.8345636869780719
-0.1777343750000000 -5460.0804306382779032
-0.1772460937500000 -6278.5419756915071048
-0.1767578125000000 -7018.0525018932530656
-0.1762695312500000 -7665.3623510006582364
-0.1757812500000000 -8208.3667357694357634
-0.1752929687500000 -8636.3206029575085267
-0.1748046875000000 -8940.0368511866545305
-0.1743164062500000 -9112.0644106679828838
-0.1738281250000000 -9146.8429344178875908
-0.1733398437500000 -9040.8311501374701038
-0.1728515625000000 -8792.6062747675459832
-0.1723632812500000 -8402.9322957457625307
-0.1718750000000000 -7874.7953683260129765
-0.1713867187500000 -7213.4050612790742889
-0.1708984375000000 -6426.1606967666302808
-0.1704101562500000 -5522.5825663272698876
-0.1699218750000000 -4514.2083566458895802
-0.1694335937500000 -3414.4556761374697089
-0.1689453125000000 -2238.4521291177225066
-0.1684570312500000 -1002.8349284262803849
-0.1679687500000000 274.4774383080948610
-0.1669921875000000 2877.6484340194147080
-0.1665039062500000 4163.6466044214321300
-0.1660156250000000 5412.2170236425008625
-0.1655273437500000 6603.2029415443539619
-0.1650390625000000 7716.9253434627316892
-0.1645507812500000 8734.5005702181952074
-0.1640625000000000 9638.1520160676445812
-0.1635742187500000 10411.5108717402908951
-0.1630859375000000 11039.9009498280938715
-0.1625976562500000 11510.6027799168368801
-0.1621093750000000 11813.0923905486706644
-0.1616210937500000 11939.2505020056851208
-0.1611328125000000 11883.5382351515581831
-0.1606445312500000 11643.1358920643106103
-0.1601562500000000 11218.0418786588124931
-0.1596679687500000 10611.1294104554690421
-0.1591796875000000 9828.1592629509395920
-0.1586914062500000 8877.7474877405911684
-0.1582031250000000 7771.2877059065504000
-0.1577148437500000 6522.8283003671385814
-0.1572265625000000 5148.9055474749038694
-0.1567382812500000 3668.3344454985804077
-0.1562500000000000 2101.9596998789493227
-0.1557617187500000 472.3700032414635643
-0.1552734375000000 -1196.4206109361839481
-0.1542968750000000 -4550.5285978497704491
-0.1538085937500000 -6183.9288463796256110
-0.1533203125000000 -7753.4864884663838893
-0.1528320312500000 -9233.6587599711492658
-0.1523437500000000 -10599.8025160247925669
-0.1518554687500000 -11828.5760970850242302
-0.1513671875000000 -12898.3284618705511093
-0.1508789062500000 -13789.4692254695110023
-0.1503906250000000 -14484.8134215581230819
-0.1499023437500000 -14969.8950902511132881
-0.1494140625000000 -15233.2441742027876899
-0.1489257812500000 -15266.6216813472565264
-0.1484375000000000 -15065.2086370979668573
-0.1479492187500000 -14627.7449947908753529
-0.1474609375000000 -13956.6153916862094775
-0.1469726562500000 -13057.8794191672932357
-0.1464843750000000 -11941.2449079514481127
-0.1459960937500000 -10619.9836011701263487
-0.1455078125000000 -9110.7894850991433486
-0.1450195312500000 -7433.5809572108555585
-0.1445312500000000 -5611.2489183835859876
-0.1440429687500000 -3669.3537672386373742
-0.1435546875000000 -1635.7751336684741545
-0.1430664062500000 459.6809959483798593
-0.1425781250000000 2585.7123548466479406
-0.1420898437500000 4709.9815823693061247
-0.1416015625000000 6799.6018308121711016
-0.1411132812500000 8821.6395992571488023
-0.1406250000000000 10743.6272011379478499
-0.1401367187500000 12534.0769874205579981
-0.1396484375000000 14162.9892804566770792
-0.1391601562500000 15602.3459321039263159
-0.1386718750000000 16826.5815049207303673
-0.1381835937500000 17813.0242891060188413
-0.1376953125000000 18542.2997077524196357
-0.1372070312500000 18998.6891276249662042
-0.1367187500000000 19170.4376748593058437
-0.1362304687500000 19050.0053489604033530
-0.1357421875000000 18634.2565242792479694
-0.1352539062500000 17924.5838153805816546
-0.1347656250000000 16926.9632484389003366
-0.1342773437500000 15651.9387112902477384
-0.1337890625000000 14114.5347349214134738
-0.1333007812500000 12334.0977716046036221
-0.1328125000000000 10334.0672647754545324
-0.1323242187500000 8141.6789322420663666
-0.1318359375000000 5787.6037926846111077
-0.1313476562500000 3305.5275353562319651
-0.1308593750000000 731.6758485635509714
-0.1298828125000000 -4536.9240635251626372
-0.1293945312500000 -7151.4124930727994069
-0.1289062500000000 -9698.3681236105039716
-0.1284179687500000 -12137.3728306563571095
-0.1279296875000000 -14429.0304243885912001
-0.1274414062500000 -16535.5960408705286682
-0.1269531250000000 -18421.5898054344579577
-0.1264648437500000 -20054.3848960893228650
-0.1259765625000000 -21404.7603816101327538
-0.1254882812500000 -22447.4096107131335884
-0.1250000000000000 -23161.3954832646995783
-0.1245117187500000 -23552.8314843699336052
-0.1242675781250000 -23604.6451406152918935
-0.1240234375000000 -23566.4204961042851210
-0.1237792968750000 -23437.6074551856145263
-0.1235351562500000 -23218.0014873808249831
-0.1232910156250000 -22907.7470801007002592
-0.1230468750000000 -22507.3398596802726388
-0.1225585937500000 -21418.1688861653674394
-0.1220703125000000 -20005.7830453014466912
-0.1215820312500000 -18264.3534305843058974
-0.1210937500000000 -16215.7249431425007060
-0.1206054687500000 -13886.8316025162348524
-0.1201171875000000 -11309.3548460747115314
-0.1196289062500000 -8519.3025945575500373
-0.1191406250000000 -5556.5144878551218426
-0.1186523437500000 -2464.0999373316008132
-0.1181640625000000 712.1832041320158169
-0.1171875000000000 7124.1535675391787663
-0.1166992187500000 10261.3228513225913048
-0.1162109375000000 13286.8294826077762991
-0.1157226562500000 16152.4044333214405924
-0.1152343750000000 18811.5531123422551900
-0.1147460937500000 21220.3033387544564903
-0.1142578125000000 23337.9247470078989863
-0.1137695312500000 25150.1604269733652472
-0.1135253906250000 25912.6424476634711027
-0.1132812500000000 26581.3452565427869558
-0.1130371093750000 27153.0361202592030168
-0.1127929687500000 27624.8337759058922529
-0.1125488281250000 27994.2220597444102168
-0.1123046875000000 28259.0622118553146720
-0.1120605468750000 28417.6037996150553226
-0.1118164062500000 28468.4942076476290822
-0.1115722656250000 28410.7866472871974111
-0.1113281250000000 28243.9466440128162503
-0.1110839843750000 27967.8569669825956225
-0.1108398437500000 27582.8209706610068679
-0.1105957031250000 27089.5643247049301863
-0.1103515625000000 26489.2351138591766357
-0.1101074218750000 25783.4022968551144004
-0.1098632812500000 24974.0525186127051711
-0.1096191406250000 24063.5852770740166306
-0.1093750000000000 23054.8064526850357652
-0.1091308593750000 21950.9202136741951108
-0.1088867187500000 20755.5193189233541489
-0.1083984375000000 18086.7870561354793608
-0.1079101562500000 15126.5084206138271838
-0.1074218750000000 11894.1480743023566902
-0.1069335937500000 8435.8205066487571457
-0.1064453125000000 4801.7520690921228379
-0.1059570312500000 1045.5563831585459411
-0.1054687500000000 -2776.5526577301789075
-0.1049804687500000 -6606.5988115328364074
-0.1044921875000000 -10385.7199038655962795
-0.1040039062500000 -14055.0695371958427131
-0.1035156250000000 -17556.7303240320179611
-0.1030273437500000 -20834.6245152333285660
-0.1025390625000000 -23835.4077519022393972
-0.1020507812500000 -26532.6343609262257814
-0.1018066406250000 -27733.9645178439095616
-0.1015625000000000 -28836.8801226625218987
-0.1013183593750000 -29836.5234089158475399
-0.1010742187500000 -30728.4039399288594723
-0.1008300781250000 -31508.4182957336306572
-0.1005859375000000 -32172.8683806434273720
-0.1003417968750000 -32718.4782710131257772
-0.1000976562500000 -33142.4095286503434181
-0.0998535156250000 -33442.2749105449765921
-0.0996093750000000 -33616.1504113841801882
-0.0993652343750000 -33662.5855817459523678
-0.0991210937500000 -33580.6120709925889969
-0.0988769531250000 -33369.7503505889326334
-0.0986328125000000 -33030.0145805682986975
-0.0983886718750000 -32561.9155885027721524
-0.0981445312500000 -31966.4619382005184889
-0.0979003906250000 -31245.1590719688683748
-0.0976562500000000 -30400.0065181003883481
-0.0974121093750000 -29433.4931631283834577
-0.0971679687500000 -28348.5905946353450418
-0.0969238281250000 -27148.7445300398394465
-0.0966796875000000 -25837.8643523044884205
-0.0964355468750000 -24420.3107824800536036
-0.0961914062500000 -22900.8817255785688758
-0.0959472656250000 -21284.7963347975164652
-0.0957031250000000 -19577.6773440702818334
-0.0952148437500000 -15896.7434462828096002
-0.0947265625000000 -11949.9185606442042626
-0.0942382812500000 -7773.2322985398723176
-0.0937500000000000 -3428.1964403478777967
-0.0932617187500000 1020.3553199335001409
-0.0927734375000000 5505.2332358807325363
-0.0922851562500000 9957.9052726337686181
-0.0917968750000000 14309.5434981200378388
-0.0913085937500000 18492.0871380697935820
-0.0908203125000000 22439.3058862076140940
-0.0903320312500000 26110.2685856660827994
-0.0900878906250000 27805.5260016154497862
-0.0898437500000000 29404.0903104003518820
-0.0895996093750000 30899.2883473448455334
-0.0893554687500000 32284.8076843395829201
-0.0891113281250000 33554.7230398878455162
-0.0888671875000000 34703.5213327184319496
-0.0886230468750000 35726.1252748519182205
-0.0883789062500000 36617.9154037684202194
-0.0881347656250000 37374.7504590842872858
-0.0878906250000000 37992.9860159065574408
-0.0876464843750000 38469.4912918321788311
-0.0874023437500000 38801.6640531141310930
-0.0871582031250000 38987.4435508269816637
-0.0869140625000000 39025.3214264214038849
-0.0866699218750000 38914.3505330309271812
-0.0864257812500000 38654.1516269277781248
-0.0861816406250000 38244.9178915955126286
-0.0859375000000000 37687.4172653052955866
-0.0856933593750000 36982.9925510864704847
-0.0854492187500000 36133.5592973697930574
-0.0852050781250000 35141.6014448609203100
-0.0849609375000000 34010.1647456809878349
-0.0847167968750000 32742.8479679608717561
-0.0844726562500000 31343.7919087372720242
-0.0842285156250000 29817.6662461897358298
-0.0839843750000000 28169.6542718252167106
-0.0837402343750000 26405.4355494389310479
-0.0834960937500000 24531.1665595201775432
-0.0832519531250000 22553.4593924721702933
-0.0830078125000000 20479.3585640229284763
-0.0825195312500000 16053.9335584489163011
-0.0820312500000000 11359.6935788723640144
-0.0815429687500000 6443.5037781145365443
-0.0810546875000000 1378.5931290794978850
-0.0800781250000000 -8890.4393771474715322
-0.0795898437500000 -13937.5575862629339099
-0.0791015625000000 -18821.7930988660082221
-0.0786132812500000 -23466.5456412569619715
-0.0781250000000000 -27822.1110103614628315
-0.0778808593750000 -29850.6145190689712763
-0.0776367187500000 -31775.0388054456561804
-0.0773925781250000 -33587.5053954459726810
-0.0771484375000000 -35280.5285145808011293
-0.0769042968750000 -36847.0458873230963945
-0.0766601562500000 -38280.4480426292866468
-0.0764160156250000 -39574.6060037184506655
-0.0761718750000000 -40723.8972465377300978
-0.0759277343750000 -41723.2298183906823397
-0.0756835937500000 -42568.0645130872726440
-0.0754394531250000 -43254.4350081011652946
-0.0751953125000000 -43778.9658752959221601
-0.0749511718750000 -44138.8883851971477270
-0.0747070312500000 -44332.0540332011878490
-0.0744628906250000 -44356.9457242600619793
-0.0742187500000000 -44212.6865617725998163
-0.0739746093750000 -43899.0461954195052385
-0.0737304687500000 -43416.4446917865425348
-0.0734863281250000 -42765.9539018552750349
-0.0732421875000000 -41949.2963076643645763
-0.0729980468750000 -40968.8413422368466854
-0.0727539062500000 -39827.5991846770048141
-0.0725097656250000 -38529.2120436858385801
-0.0722656250000000 -37077.9429516755044460
-0.0720214843750000 -35478.6621026117354631
-0.0717773437500000 -33736.8307743128389120
-0.0715332031250000 -31858.4828887162730098
-0.0712890625000000 -29850.2042700164020061
-0.0710449218750000 -27719.1096714222803712
-0.0708007812500000 -25472.8176510380581021
-0.0705566406250000 -23119.4233829854056239
-0.0703125000000000 -20667.4695030562579632
-0.0698242187500000 -15486.4614751892513596
-0.0693359375000000 -10046.2170834644348361
-0.0688476562500000 -4405.3326061129919253
-0.0683593750000000 1351.4066815853584558
-0.0678710937500000 7136.7047026408836246
-0.0673828125000000 12862.0825190918985754
-0.0668945312500000 18439.2358877714723349
-0.0664062500000000 23801.3630453106015921
-0.0661621093750000 26360.4992291713133454
-0.0659179687500000 28829.6607183441519737
-0.0656738281250000 31199.0231040082871914
-0.0654296875000000 33459.1053826026618481
-0.0651855468750000 35600.8079467974603176
-0.0649414062500000 37615.4492521565407515
-0.0646972656250000 39494.8010132238268852
-0.0644531250000000 41231.1217855494469404
-0.0642089843750000 42817.1887962464243174
-0.0639648437500000 44246.3278933316469193
-0.0637207031250000 45512.4414884727448225
-0.0634765625000000 46610.0343776922672987
-0.0632324218750000 47534.2373304720968008
-0.0629882812500000 48280.8283472042530775
-0.0627441406250000 48846.2514927424490452
-0.0625000000000000 49227.6332236453890800
-0.0622558593750000 49422.7961357198655605
-0.0620117187500000 49430.2700683865696192
-0.0617675781250000 49249.3005124982446432
-0.0615234375000000 48879.8542784936726093
-0.0612792968750000 48322.6223923340439796
-0.0610351562500000 47579.0201975293457508
-0.0607910156250000 46651.1846517119556665
-0.0605468750000000 45541.9688185323029757
-0.0603027343750000 44254.9335645698010921
-0.0600585937500000 42794.3364840298891068
-0.0598144531250000 41165.1180834174156189
-0.0595703125000000 39372.8852695114910603
-0.0593261718750000 37423.8921952750533819
-0.0590820312500000 35325.0185283133760095
-0.0588378906250000 33083.7452160576358438
-0.0585937500000000 30708.1278344094753265
-0.0583496093750000 28206.7676124908030033
-0.0581054687500000 25588.7802394870668650
-0.0578613281250000 22863.7625661017373204
-0.0576171875000000 20041.7573218964971602
-0.0571289062500000 14132.8189290913287550
-0.0566406250000000 7987.8339015016681515
-0.0561523437500000 1677.4794725011452101
-0.0556640625000000 -4702.7391011096769944
-0.0551757812500000 -11055.5747686135582626
-0.0546875000000000 -17283.5279953076969832
-0.0541992187500000 -23310.0478290561586618
-0.0539550781250000 -26204.0021154070273042
-0.0537109375000000 -29007.8280228935182095
-0.0534667968750000 -31710.4956636615097523
-0.0532226562500000 -34301.3269351907074451
-0.0529785156250000 -36770.0378683600574732
-0.0527343750000000 -39106.7795888502150774
-0.0524902343750000 -41302.1777291633188725
-0.0522460937500000 -43347.3701332584023476
-0.0520019531250000 -45234.0427007824182510
-0.0517578125000000 -46954.4632261171936989
-0.0515136718750000 -48501.5130946319550276
-0.0512695312500000 -49868.7167048919945955
-0.0510253906250000 -51050.2684965748339891
-0.0507812500000000 -52041.0574704054743052
-0.0505371093750000 -52836.6890972722321749
-0.0502929687500000 -53433.5045232605189085
-0.0500488281250000 -53828.5969871692359447
-0.0498046875000000 -54019.8253781776875257
-0.0495605468750000 -54005.8248720485717058
-0.0493164062500000 -53786.0145955216139555
-0.0490722656250000 -53360.6022798549383879
-0.0488281250000000 -52730.5858762282878160
-0.0485839843750000 -51897.7521176617592573
-0.0483398437500000 -50864.6720233112573624
-0.0480957031250000 -49634.6933538336306810
-0.0478515625000000 -48211.9300378933548927
-0.0476074218750000 -46601.2486012913286686
-0.0473632812500000 -44808.2516433652490377
-0.0471191406250000 -42839.2584156580269337
-0.0468750000000000 -40701.2825693394988775
-0.0466308593750000 -38402.0071508511900902
-0.0463867187500000 -35949.7569331284612417
-0.0461425781250000 -33353.4681836990639567
-0.0458984375000000 -30622.6559791453182697
-0.0456542968750000 -27767.3791852397844195
-0.0454101562500000 -24798.2032332727685571
-0.0451660156250000 -21726.1608304586261511
-0.0449218750000000 -18562.7107504475861788
-0.0444335937500000 -11995.5654092169133946
-0.0439453125000000 -5229.1515857122140005
-0.0429687500000000 8549.4518885312136263
-0.0424804687500000 15351.5065992563031614
-0.0419921875000000 21955.6753765440080315
-0.0415039062500000 28284.7900468837469816
-0.0412597656250000 31296.5118935145437717
-0.0410156250000000 34196.7901879027485847
-0.0407714843750000 36974.2504605725407600
-0.0405273437500000 39617.9607341084629297
-0.0402832031250000 42117.4747738260775805
-0.0400390625000000 44462.8735676389187574
-0.0397949218750000 46644.8048702459782362
-0.0395507812500000 48654.5206537526100874
-0.0393066406250000 50483.9123126063495874
-0.0390625000000000 52125.5434822812676430
-0.0388183593750000 53572.6803371850401163
-0.0385742187500000 54819.3192443661391735
-0.0383300781250000 55860.2116596959531307
-0.0380859375000000 56690.8861623443663120
-0.0378417968750000 57307.6675358023494482
-0.0375976562500000 57707.6928142234683037
-0.0373535156250000 57888.9242243301123381
-0.0371093750000000 57850.1589657124131918
-0.0368652343750000 57591.0357839073985815
-0.0366210937500000 57112.0383035615086555
-0.0363769531250000 56414.4951009787619114
-0.0361328125000000 55500.5765086226165295
-0.0358886718750000 54373.2881565392017365
-0.0356445312500000 53036.4612680617719889
-0.0354003906250000 51494.7397407442331314
-0.0351562500000000 49753.5640553161501884
-0.0349121093750000 47819.1520678922533989
-0.0346679687500000 45698.4767534956336021
-0.0344238281250000 43399.2409809883683920
-0.0341796875000000 40929.8494096323847771
-0.0339355468750000 38299.3776123076677322
-0.0336914062500000 35517.5385370366275311
-0.0334472656250000 32594.6464332807809114
-0.0332031250000000 29541.5783769516274333
-0.0329589843750000 26369.7335380306467414
-0.0327148437500000 23090.9903452908620238
-0.0322265625000000 16245.2374848802573979
-0.0317382812500000 9148.3353018679608795
-0.0312500000000000 1884.0372143970453180
-0.0307617187500000 -5437.2643297874601558
-0.0302734375000000 -12703.8734242045320570
-0.0297851562500000 -19804.5066084775608033
-0.0292968750000000 -26653.8308727629482746
-0.0290527343750000 -29933.4721493925899267
-0.0288085937500000 -33105.1202736049890518
-0.0285644531250000 -36156.4612787552177906
-0.0283203125000000 -39075.6207281760871410
-0.0280761718750000 -41851.2102305889129639
-0.0278320312500000 -44472.3721581920981407
-0.0275878906250000 -46928.8223908375948668
-0.0273437500000000 -49210.8909168802201748
-0.0270996093750000 -51309.5601294934749603
-0.0268554687500000 -53216.5006660185754299
-0.0266113281250000 -54924.1046465300023556
-0.0263671875000000 -56425.5161789003759623
-0.0261230468750000 -57714.6590070351958275
-0.0258789062500000 -58786.2611902765929699
-0.0256347656250000 -59635.8767134156078100
-0.0253906250000000 -60259.9039385057985783
-0.0251464843750000 -60655.6008216310292482
-0.0249023437500000 -60821.0968306567519903
-0.0246582031250000 -60755.4015122633427382
-0.0244140625000000 -60458.4096700549125671
-0.0241699218750000 -59930.9031281676143408
-0.0239257812500000 -59174.5490684621036053
-0.0236816406250000 -58191.8949426040053368
-0.0234375000000000 -56986.3599734380841255
-0.0231933593750000 -55562.2232738547027111
-0.0229492187500000 -53924.6086239609867334
-0.0227050781250000 -52079.4659612197428942
-0.0224609375000000 -50033.5496501997113228
-0.0222167968750000 -47794.3936118558049202
-0.0219726562500000 -45370.2834047339856625
-0.0217285156250000 -42770.2253616228699684
-0.0214843750000000 -40003.9128978438675404
-0.0212402343750000 -37081.6901177428662777
-0.0209960937500000 -34014.5128573887050152
-0.0207519531250000 -30813.9073105817660689
-0.0205078125000000 -27491.9263962935656309
-0.0202636718750000 -24061.1040331153199077
-0.0200195312500000 -20534.4074963564053178
-0.0195312500000000 -13233.4115865610656328
-0.0190429687500000 -5734.0067670640128199
-0.0185546875000000 1870.4250539465574548
-0.0180664062500000 9463.9912902233190835
-0.0175781250000000 16930.6989906388334930
-0.0170898437500000 24178.2821455867961049
-0.0168457031250000 27669.1458389405161142
-0.0166015625000000 31058.4154732767492533
-0.0163574218750000 34333.0408713761717081
-0.0161132812500000 37480.3980096802115440
-0.0158691406250000 40488.3380495011806488
-0.0156250000000000 43345.2345814574509859
-0.0153808593750000 46040.0288980156183243
-0.0151367187500000 48562.2731165066361427
-0.0148925781250000 50902.1709832251071930
-0.0146484375000000 53050.6161981876939535
-0.0144042968750000 54999.2281094063073397
-0.0141601562500000 56740.3846358563750982
-0.0139160156250000 58267.2522888481616974
-0.0136718750000000 59573.8131727762520313
-0.0134277343750000 60654.8888577837496996
-0.0131835937500000 61506.1610291078686714
-0.0129394531250000 62124.1888301242142916
-0.0126953125000000 62506.4228292461484671
-0.0124511718750000 62651.2155535239726305
-0.0122070312500000 62557.8285454381257296
-0.0119628906250000 62226.4359127469360828
-0.0117187500000000 61658.1243548877537251
-0.0114746093750000 60854.8896631002426147
-0.0112304687500000 59819.6297053638845682
-0.0109863281250000 58556.1339205615222454
-0.0107421875000000 57069.0693604443222284
-0.0104980468750000 55363.9633307214826345
-0.0102539062500000 53447.1826967485249043
-0.0100097656250000 51325.9099312964826822
-0.0097656250000000 49008.1159958709031343
-0.0095214843750000 46502.5301578883081675
-0.0092773437500000 43818.6068597789853811
-0.0090332031250000 40966.4897659178823233
-0.0087890625000000 37956.9731257781386375
-0.0085449218750000 34801.4606011221185327
-0.0083007812500000 31511.9217159580439329
-0.0080566406250000 28100.8460963526740670
-0.0078125000000000 24581.1956769973039627
-0.0073242187500000 17253.2402896261774004
-0.0068359375000000 9680.1727168375509791
-0.0063476562500000 1953.5249931250000373
-0.0058593750000000 -5808.9225871020462364
-0.0053710937500000 -13488.7485332635696977
-0.0048828125000000 -20988.3807427696883678
-0.0046386718750000 -24621.0151988267898560
-0.0043945312500000 -28161.0793752837926149
-0.0041503906250000 -31595.0327978711575270
-0.0039062500000000 -34909.7379955407232046
-0.0036621093750000 -38092.5111577510833740
-0.0034179687500000 -41131.1710524000227451
-0.0031738281250000 -44014.0860140416771173
-0.0029296875000000 -46730.2188199777156115
-0.0026855468750000 -49269.1692794486880302
-0.0024414062500000 -51621.2143706046044827
-0.0021972656250000 -53777.3457688689231873
-0.0019531250000000 -55729.3046209383755922
-0.0017089843750000 -57469.6134290192276239
-0.0014648437500000 -58991.6049212533980608
-0.0012207031250000 -60289.4477960448712111
-0.0009765625000000 -61358.1692400854080915
-0.0007324218750000 -62193.6741324085742235
-0.0004882812500000 -62792.7608598247170448
-0.0002441406250000 -63153.1336820088326931
0.0000000000000000 -63273.4115983955562115
0.0002441406250000 -63153.1336820088326931
0.0004882812500000 -62792.7608598247170448
0.0007324218750000 -62193.6741324085742235
0.0009765625000000 -61358.1692400854080915
0.0012207031250000 -60289.4477960448712111
0.0014648437500000 -58991.6049212533980608
0.0017089843750000 -57469.6134290192276239
0.0019531250000000 -55729.3046209383755922
0.0021972656250000 -53777.3457688689231873
0.0024414062500000 -51621.2143706046044827
0.0026855468750000 -49269.1692794486880302
0.0029296875000000 -46730.2188199777156115
0.0031738281250000 -44014.0860140416771173
0.0034179687500000 -41131.1710524000227451
0.0036621093750000 -38092.5111577510833740
0.0039062500000000 -34909.7379955407232046
0.0041503906250000 -31595.0327978720888495
0.0043945312500000 -28161.0793752837926149
0.0046386718750000 -24621.0151988267898560
0.0048828125000000 -20988.3807427696883678
0.0053710937500000 -13488.7485332636861131
0.0058593750000000 -5808.9225871022208594
0.0063476562500000 1953.5249931248836219
0.0068359375000000 9680.1727168373763561
0.0073242187500000 17253.2402896259445697
0.0078125000000000 24581.1956769973039627
0.0080566406250000 28100.8460963526740670
0.0083007812500000 31511.9217159561812878
0.0085449218750000 34801.4606011211872101
0.0087890625000000 37956.9731257781386375
0.0090332031250000 40966.4897659178823233
0.0092773437500000 43818.6068597789853811
0.0095214843750000 46502.5301578883081675
0.0097656250000000 49008.1159958709031343
0.0100097656250000 51325.9099312964826822
0.0102539062500000 53447.1826967485249043
0.0104980468750000 55363.9633307214826345
0.0107421875000000 57069.0693604443222284
0.0109863281250000 58556.1339205615222454
0.0112304687500000 59819.6297053638845682
0.0114746093750000 60854.8896631002426147
0.0117187500000000 61658.1243548877537251
0.0119628906250000 62226.4359127469360828
0.0122070312500000 62557.8285454381257296
0.0124511718750000 62651.2155535239726305
0.0126953125000000 62506.4228292461484671
0.0129394531250000 62124.1888301242142916
0.0131835937500000 61506.1610291078686714
0.0134277343750000 60654.8888577837496996
0.0136718750000000 59573.8131727762520313
0.0139160156250000 58267.2522888481616974
0.0141601562500000 56740.3846358563750982
0.0144042968750000 54999.2281094063073397
0.0146484375000000 53050.6161981876939535
0.0148925781250000 50902.1709832251071930
0.0151367187500000 48562.2731165066361427
0.0153808593750000 46040.0288980156183243
0.0156250000000000 43345.2345814574509859
0.0158691406250000 40488.3380495011806488
0.0161132812500000 37480.3980096802115440
0.0163574218750000 34333.0408713761717081
0.0166015625000000 31058.4154732786118984
0.0168457031250000 27669.1458389405161142
0.0170898437500000 24178.2821455867961049
0.0175781250000000 16930.6989906389499083
0.0180664062500000 9463.9912902234063949
0.0185546875000000 1870.4250539466738701
0.0190429687500000 -5734.0067670638673007
0.0195312500000000 -13233.4115865610074252
0.0200195312500000 -20534.4074963564053178
0.0202636718750000 -24061.1040331153199077
0.0205078125000000 -27491.9263962935656309
0.0207519531250000 -30813.9073105808347464
0.0209960937500000 -34014.5128573887050152
0.0212402343750000 -37081.6901177428662777
0.0214843750000000 -40003.9128978438675404
0.0217285156250000 -42770.2253616228699684
0.0219726562500000 -45370.2834047339856625
0.0222167968750000 -47794.3936118558049202
0.0224609375000000 -50033.5496501997113228
0.0227050781250000 -52079.4659612197428942
0.0229492187500000 -53924.6086239609867334
0.0231933593750000 -55562.2232738547027111
0.0234375000000000 -56986.3599734380841255
0.0236816406250000 -58191.8949426040053368
0.0239257812500000 -59174.5490684621036053
0.0241699218750000 -59930.9031281676143408
0.0244140625000000 -60458.4096700549125671
0.0246582031250000 -60755.4015122633427382
0.0249023437500000 -60821.0968306567519903
0.0251464843750000 -60655.6008216310292482
0.0253906250000000 -60259.9039385057985783
0.0256347656250000 -59635.8767134156078100
0.0258789062500000 -58786.2611902765929699
0.0261230468750000 -57714.6590070351958275
0.0263671875000000 -56425.5161789003759623
0.0266113281250000 -54924.1046465300023556
0.0268554687500000 -53216.5006660185754299
0.0270996093750000 -51309.5601294934749603
0.0273437500000000 -49210.8909168802201748
0.0275878906250000 -46928.8223908375948668
0.0278320312500000 -44472.3721581920981407
0.0280761718750000 -41851.2102305889129639
0.0283203125000000 -39075.6207281760871410
0.0285644531250000 -36156.4612787552177906
0.0288085937500000 -33105.1202736059203744
0.0290527343750000 -29933.4721493935212493
0.0292968750000000 -26653.8308727629482746
0.0297851562500000 -19804.5066084775608033
0.0302734375000000 -12703.8734242047066800
0.0307617187500000 -5437.2643297875347344
0.0312500000000000 1884.0372143969289027
0.0317382812500000 9148.3353018678026274
0.0322265625000000 16245.2374848800245672
0.0327148437500000 23090.9903452908620238
0.0329589843750000 26369.7335380306467414
0.0332031250000000 29541.5783769516274333
0.0334472656250000 32594.6464332789182663
0.0336914062500000 35517.5385370347648859
0.0339355468750000 38299.3776123076677322
0.0341796875000000 40929.8494096323847771
0.0344238281250000 43399.2409809883683920
0.0346679687500000 45698.4767534956336021
0.0349121093750000 47819.1520678922533989
0.0351562500000000 49753.5640553161501884
0.0354003906250000 51494.7397407442331314
0.0356445312500000 53036.4612680617719889
0.0358886718750000 54373.2881565392017365
0.0361328125000000 55500.5765086226165295
0.0363769531250000 56414.4951009787619114
0.0366210937500000 57112.0383035615086555
0.0368652343750000 57591.0357839073985815
0.0371093750000000 57850.1589657124131918
0.0373535156250000 57888.9242243301123381
0.0375976562500000 57707.6928142234683037
0.0378417968750000 57307.6675358023494482
0.0380859375000000 56690.8861623443663120
0.0383300781250000 55860.2116596959531307
0.0385742187500000 54819.3192443661391735
0.0388183593750000 53572.6803371850401163
0.0390625000000000 52125.5434822812676430
0.0393066406250000 50483.9123126063495874
0.0395507812500000 48654.5206537526100874
0.0397949218750000 46644.8048702459782362
0.0400390625000000 44462.8735676389187574
0.0402832031250000 42117.4747738260775805
0.0405273437500000 39617.9607341084629297
0.0407714843750000 36974.2504605725407600
0.0410156250000000 34196.7901879027485847
0.0412597656250000 31296.5118935154750943
0.0415039062500000 28284.7900468856096268
0.0419921875000000 21955.6753765440080315
0.0424804687500000 15351.5065992563031614
0.0429687500000000 8549.4518885314464569
0.0439453125000000 -5229.1515857120975852
0.0444335937500000 -11995.5654092167969793
0.0449218750000000 -18562.7107504466548562
0.0451660156250000 -21726.1608304586261511
0.0454101562500000 -24798.2032332727685571
0.0456542968750000 -27767.3791852397844195
0.0458984375000000 -30622.6559791453182697
0.0461425781250000 -33353.4681836981326342
0.0463867187500000 -35949.7569331284612417
0.0466308593750000 -38402.0071508511900902
0.0468750000000000 -40701.2825693394988775
0.0471191406250000 -42839.2584156580269337
0.0473632812500000 -44808.2516433652490377
0.0476074218750000 -46601.2486012913286686
0.0478515625000000 -48211.9300378933548927
0.0480957031250000 -49634.6933538336306810
0.0483398437500000 -50864.6720233112573624
0.0485839843750000 -51897.7521176617592573
0.0488281250000000 -52730.5858762282878160
0.0490722656250000 -53360.6022798549383879
0.0493164062500000 -53786.0145955216139555
0.0495605468750000 -54005.8248720485717058
0.0498046875000000 -54019.8253781776875257
0.0500488281250000 -53828.5969871692359447
0.0502929687500000 -53433.5045232605189085
0.0505371093750000 -52836.6890972722321749
0.0507812500000000 -52041.0574704054743052
0.0510253906250000 -51050.2684965748339891
0.0512695312500000 -49868.7167048919945955
0.0515136718750000 -48501.5130946319550276
0.0517578125000000 -46954.4632261171936989
0.0520019531250000 -45234.0427007824182510
0.0522460937500000 -43347.3701332584023476
0.0524902343750000 -41302.1777291633188725
0.0527343750000000 -39106.7795888502150774
0.0529785156250000 -36770.0378683600574732
0.0532226562500000 -34301.3269351907074451
0.0534667968750000 -31710.4956636615097523
0.0537109375000000 -29007.8280228953808546
0.0539550781250000 -26204.0021154070273042
0.0541992187500000 -23310.0478290561586618
0.0546875000000000 -17283.5279953078133985
0.0551757812500000 -11055.5747686137910932
0.0556640625000000 -4702.7391011097352020
0.0561523437500000 1677.4794725010287948
0.0566406250000000 7987.8339015014935285
0.0571289062500000 14132.8189290910959244
0.0576171875000000 20041.7573218960314989
0.0578613281250000 22863.7625661017373204
0.0581054687500000 25588.7802394870668650
0.0583496093750000 28206.7676124908030033
0.0585937500000000 30708.1278344094753265
0.0588378906250000 33083.7452160567045212
0.0590820312500000 35325.0185283124446869
0.0593261718750000 37423.8921952750533819
0.0595703125000000 39372.8852695114910603
0.0598144531250000 41165.1180834174156189
0.0600585937500000 42794.3364840298891068
0.0603027343750000 44254.9335645698010921
0.0605468750000000 45541.9688185323029757
0.0607910156250000 46651.1846517119556665
0.0610351562500000 47579.0201975293457508
0.0612792968750000 48322.6223923340439796
0.0615234375000000 48879.8542784936726093
0.0617675781250000 49249.3005124982446432
0.0620117187500000 49430.2700683865696192
0.0622558593750000 49422.7961357198655605
0.0625000000000000 49227.6332236453890800
0.0627441406250000 48846.2514927424490452
0.0629882812500000 48280.8283472042530775
0.0632324218750000 47534.2373304720968008
0.0634765625000000 46610.0343776922672987
0.0637207031250000 45512.4414884727448225
0.0639648437500000 44246.3278933316469193
0.0642089843750000 42817.1887962464243174
0.0644531250000000 41231.1217855494469404
0.0646972656250000 39494.8010132238268852
0.0649414062500000 37615.4492521565407515
0.0651855468750000 35600.8079467974603176
0.0654296875000000 33459.1053826026618481
0.0656738281250000 31199.0231040101498365
0.0659179687500000 28829.6607183460146189
0.0661621093750000 26360.4992291713133454
0.0664062500000000 23801.3630453106015921
0.0668945312500000 18439.2358877714723349
0.0673828125000000 12862.0825190918985754
0.0678710937500000 7136.7047026410582475
0.0683593750000000 1351.4066815855330788
0.0688476562500000 -4405.3326061128755100
0.0693359375000000 -10046.2170834643766284
0.0698242187500000 -15486.4614751890767366
0.0703125000000000 -20667.4695030553266406
0.0705566406250000 -23119.4233829854056239
0.0708007812500000 -25472.8176510380581021
0.0710449218750000 -27719.1096714222803712
0.0712890625000000 -29850.2042700164020061
0.0715332031250000 -31858.4828887162730098
0.0717773437500000 -33736.8307743128389120
0.0720214843750000 -35478.6621026098728180
0.0722656250000000 -37077.9429516755044460
0.0725097656250000 -38529.2120436858385801
0.0727539062500000 -39827.5991846770048141
0.0729980468750000 -40968.8413422368466854
0.0732421875000000 -41949.2963076643645763
0.0734863281250000 -42765.9539018552750349
0.0737304687500000 -43416.4446917865425348
0.0739746093750000 -43899.0461954195052385
0.0742187500000000 -44212.6865617725998163
0.0744628906250000 -44356.9457242600619793
0.0747070312500000 -44332.0540332011878490
0.0749511718750000 -44138.8883851971477270
0.0751953125000000 -43778.9658752959221601
0.0754394531250000 -43254.4350081011652946
0.0756835937500000 -42568.0645130872726440
0.0759277343750000 -41723.2298183906823397
0.0761718750000000 -40723.8972465377300978
0.0764160156250000 -39574.6060037184506655
0.0766601562500000 -38280.4480426292866468
0.0769042968750000 -36847.0458873230963945
0.0771484375000000 -35280.5285145808011293
0.0773925781250000 -33587.5053954459726810
0.0776367187500000 -31775.0388054456561804
0.0778808593750000 -29850.6145190699025989
0.0781250000000000 -27822.1110103633254766
0.0786132812500000 -23466.5456412569619715
0.0791015625000000 -18821.7930988660082221
0.0795898437500000 -13937.5575862629339099
0.0800781250000000 -8890.4393771476461552
0.0810546875000000 1378.5931290793814696
0.0815429687500000 6443.5037781144492328
0.0820312500000000 11359.6935788722475991
0.0825195312500000 16053.9335584489163011
0.0830078125000000 20479.3585640219971538
0.0832519531250000 22553.4593924721702933
0.0834960937500000 24531.1665595201775432
0.0837402343750000 26405.4355494389310479
0.0839843750000000 28169.6542718252167106
0.0842285156250000 29817.6662461897358298
0.0844726562500000 31343.7919087372720242
0.0847167968750000 32742.8479679599404335
0.0849609375000000 34010.1647456791251898
0.0852050781250000 35141.6014448609203100
0.0854492187500000 36133.5592973697930574
0.0856933593750000 36982.9925510864704847
0.0859375000000000 37687.4172653052955866
0.0861816406250000 38244.9178915955126286
0.0864257812500000 38654.1516269277781248
0.0866699218750000 38914.3505330309271812
0.0869140625000000 39025.3214264214038849
0.0871582031250000 38987.4435508269816637
0.0874023437500000 38801.6640531141310930
0.0876464843750000 38469.4912918321788311
0.0878906250000000 37992.9860159065574408
0.0881347656250000 37374.7504590842872858
0.0883789062500000 36617.9154037684202194
0.0886230468750000 35726.1252748519182205
0.0888671875000000 34703.5213327184319496
0.0891113281250000 33554.7230398878455162
0.0893554687500000 32284.8076843395829201
0.0895996093750000 30899.2883473457768559
0.0898437500000000 29404.0903104003518820
0.0900878906250000 27805.5260016154497862
0.0903320312500000 26110.2685856660827994
0.0908203125000000 22439.3058862076140940
0.0913085937500000 18492.0871380697935820
0.0917968750000000 14309.5434981200378388
0.0922851562500000 9957.9052726338850334
0.0927734375000000 5505.2332358807325363
0.0932617187500000 1020.3553199335791533
0.0937500000000000 -3428.1964403477613814
0.0942382812500000 -7773.2322985397186130
0.0947265625000000 -11949.9185606441460550
0.0952148437500000 -15896.7434462828096002
0.0957031250000000 -19577.6773440698161721
0.0959472656250000 -21284.7963347975164652
0.0961914062500000 -22900.8817255785688758
0.0964355468750000 -24420.3107824800536036
0.0966796875000000 -25837.8643523044884205
0.0969238281250000 -27148.7445300398394465
0.0971679687500000 -28348.5905946353450418
0.0974121093750000 -29433.4931631283834577
0.0976562500000000 -30400.0065181003883481
0.0979003906250000 -31245.1590719688683748
0.0981445312500000 -31966.4619382005184889
0.0983886718750000 -32561.9155885018408298
0.0986328125000000 -33030.0145805664360523
0.0988769531250000 -33369.7503505889326334
0.0991210937500000 -33580.6120709925889969
0.0993652343750000 -33662.5855817459523678
0.0996093750000000 -33616.1504113841801882
0.0998535156250000 -33442.2749105449765921
0.1000976562500000 -33142.4095286503434181
0.1003417968750000 -32718.4782710131257772
0.1005859375000000 -32172.8683806434273720
0.1008300781250000 -31508.4182957336306572
0.1010742187500000 -30728.4039399297907948
0.1013183593750000 -29836.5234089167788625
0.1015625000000000 -28836.8801226625218987
0.1018066406250000 -27733.9645178439095616
0.1020507812500000 -26532.6343609262257814
0.1025390625000000 -23835.4077519022393972
0.1030273437500000 -20834.6245152333285660
0.1035156250000000 -17556.7303240320179611
0.1040039062500000 -14055.0695371960755438
0.1044921875000000 -10385.7199038655962795
0.1049804687500000 -6606.5988115329528227
0.1054687500000000 -2776.5526577302080113
0.1059570312500000 1045.5563831584440777
0.1064453125000000 4801.7520690920064226
0.1069335937500000 8435.8205066486261785
0.1074218750000000 11894.1480743023566902
0.1079101562500000 15126.5084206138271838
0.1083984375000000 18086.7870561354793608
0.1088867187500000 20755.5193189233541489
0.1091308593750000 21950.9202136741951108
0.1093750000000000 23054.8064526850357652
0.1096191406250000 24063.5852770740166306
0.1098632812500000 24974.0525186127051711
0.1101074218750000 25783.4022968551144004
0.1103515625000000 26489.2351138591766357
0.1105957031250000 27089.5643247049301863
0.1108398437500000 27582.8209706610068679
0.1110839843750000 27967.8569669825956225
0.1113281250000000 28243.9466440128162503
0.1115722656250000 28410.7866472871974111
0.1118164062500000 28468.4942076476290822
0.1120605468750000 28417.6037996150553226
0.1123046875000000 28259.0622118553146720
0.1125488281250000 27994.2220597444102168
0.1127929687500000 27624.8337759058922529
0.1130371093750000 27153.0361202592030168
0.1132812500000000 26581.3452565427869558
0.1135253906250000 25912.6424476634711027
0.1137695312500000 25150.1604269733652472
0.1142578125000000 23337.9247470078989863
0.1147460937500000 21220.3033387544564903
0.1152343750000000 18811.5531123422551900
0.1157226562500000 16152.4044333214405924
0.1162109375000000 13286.8294826078927144
0.1166992187500000 10261.3228513228241354
0.1171875000000000 7124.1535675391787663
0.1181640625000000 712.1832041320885764
0.1186523437500000 -2464.0999373315426055
0.1191406250000000 -5556.5144878550781868
0.1196289062500000 -8519.3025945574045181
0.1201171875000000 -11309.3548460745951161
0.1206054687500000 -13886.8316025162348524
0.1210937500000000 -16215.7249431423842907
0.1215820312500000 -18264.3534305840730667
0.1220703125000000 -20005.7830453014466912
0.1225585937500000 -21418.1688861653674394
0.1230468750000000 -22507.3398596802726388
0.1232910156250000 -22907.7470801007002592
0.1235351562500000 -23218.0014873808249831
0.1237792968750000 -23437.6074551856145263
0.1240234375000000 -23566.4204961042851210
0.1242675781250000 -23604.6451406152918935
0.1245117187500000 -23552.8314843699336052
0.1250000000000000 -23161.3954832646995783
0.1254882812500000 -22447.4096107131335884
0.1259765625000000 -21404.7603816101327538
0.1264648437500000 -20054.3848960893228650
0.1269531250000000 -18421.5898054344579577
0.1274414062500000 -16535.5960408705286682
0.1279296875000000 -14429.0304243885912001
0.1284179687500000 -12137.3728306564735249
0.1289062500000000 -9698.3681236105039716
0.1293945312500000 -7151.4124930727994069
0.1298828125000000 -4536.9240635252208449
0.1308593750000000 731.6758485634854878
0.1313476562500000 3305.5275353562028613
0.1318359375000000 5787.6037926845601760
0.1323242187500000 8141.6789322420372628
0.1328125000000000 10334.0672647753963247
0.1333007812500000 12334.0977716045454144
0.1337890625000000 14114.5347349214134738
0.1342773437500000 15651.9387112902477384
0.1347656250000000 16926.9632484389003366
0.1352539062500000 17924.5838153804652393
0.1357421875000000 18634.2565242792479694
0.1362304687500000 19050.0053489604033530
0.1367187500000000 19170.4376748593058437
0.1372070312500000 18998.6891276249662042
0.1376953125000000 18542.2997077524196357
0.1381835937500000 17813.0242891060188413
0.1386718750000000 16826.5815049207303673
0.1391601562500000 15602.3459321041591465
0.1396484375000000 14162.9892804566770792
0.1401367187500000 12534.0769874205579981
0.1406250000000000 10743.6272011379478499
0.1411132812500000 8821.6395992571488023
0.1416015625000000 6799.6018308122293092
0.1420898437500000 4709.9815823694225401
0.1425781250000000 2585.7123548466770444
0.1430664062500000 459.6809959484453429
0.1435546875000000 -1635.7751336684304988
0.1440429687500000 -3669.3537672386155464
0.1445312500000000 -5611.2489183835568838
0.1450195312500000 -7433.5809572108555585
0.1455078125000000 -9110.7894850990269333
0.1459960937500000 -10619.9836011701263487
0.1464843750000000 -11941.2449079514481127
0.1469726562500000 -13057.8794191672932357
0.1474609375000000 -13956.6153916862094775
0.1479492187500000 -14627.7449947908753529
0.1484375000000000 -15065.2086370979668573
0.1489257812500000 -15266.6216813472565264
0.1494140625000000 -15233.2441742027876899
0.1499023437500000 -14969.8950902511132881
0.1503906250000000 -14484.8134215581230819
0.1508789062500000 -13789.4692254695110023
0.1513671875000000 -12898.3284618705511093
0.1518554687500000 -11828.5760970850242302
0.1523437500000000 -10599.8025160247925669
0.1528320312500000 -9233.6587599711492658
0.1533203125000000 -7753.4864884663838893
0.1538085937500000 -6183.9288463796838187
0.1542968750000000 -4550.5285978498286568
0.1552734375000000 -1196.4206109362567076
0.1557617187500000 472.3700032414222960
0.1562500000000000 2101.9596998789202189
0.1567382812500000 3668.3344454985635821
0.1572265625000000 5148.9055474748602137
0.1577148437500000 6522.8283003671094775
0.1582031250000000 7771.2877059065504000
0.1586914062500000 8877.7474877405911684
0.1591796875000000 9828.1592629508813843
0.1596679687500000 10611.1294104554690421
0.1601562500000000 11218.0418786588124931
0.1606445312500000 11643.1358920643106103
0.1611328125000000 11883.5382351515581831
0.1616210937500000 11939.2505020056851208
0.1621093750000000 11813.0923905486706644
0.1625976562500000 11510.6027799168368801
0.1630859375000000 11039.9009498280938715
0.1635742187500000 10411.5108717402908951
0.1640625000000000 9638.1520160676445812
0.1645507812500000 8734.5005702181952074
0.1650390625000000 7716.9253434627316892
0.1655273437500000 6603.2029415443539619
0.1660156250000000 5412.2170236425008625
0.1665039062500000 4163.6466044214321300
0.1669921875000000 2877.6484340194147080
0.1679687500000000 274.4774383081239648
0.1684570312500000 -1002.8349284262512811
0.1689453125000000 -2238.4521291177079547
0.1694335937500000 -3414.4556761374406051
0.1699218750000000 -4514.2083566458313726
0.1704101562500000 -5522.5825663272407837
0.1708984375000000 -6426.1606967666302808
0.1713867187500000 -7213.4050612790742889
0.1718750000000000 -7874.7953683260129765
0.1723632812500000 -8402.9322957457043231
0.1728515625000000 -8792.6062747675459832
0.1733398437500000 -9040.8311501374701038
0.1738281250000000 -9146.8429344178875908
0.1743164062500000 -9112.0644106679828838
0.1748046875000000 -8940.0368511866545305
0.1752929687500000 -8636.3206029575085267
0.1757812500000000 -8208.3667357694357634
0.1762695312500000 -7665.3623510007164441
0.1767578125000000 -7018.0525018933112733
0.1772460937500000 -6278.5419756915071048
0.1777343750000000 -5460.0804306382779032
0.1782226562500000 -4576.8345636869780719
0.1787109375000000 -3643.6511069380212575
0.1796875000000000 -1687.8672116074812948
0.1806640625000000 281.3030176561587723
0.1811523437500000 1234.6106649871144327
0.1816406250000000 2147.9576482117845444
0.1821289062500000 3008.3458561851584818
0.1826171875000000 3803.8751488722045906
0.1831054687500000 4523.9012819927302189
0.1835937500000000 5159.1709977788268588
0.1840820312500000 5701.9327031905413605
0.1845703125000000 6146.0215708708274178
0.1850585937500000 6486.9183202965650707
0.1855468750000000 6721.7813612322788686
0.1860351562500000 6849.4524017896037549
0.1865234375000000 6870.4360321948188357
0.1870117187500000 6786.8541875720839016
0.1875000000000000 6602.3767618998535909
0.1879882812500000 6322.1299863213207573
0.1884765625000000 5952.5844930682214908
0.1889648437500000 5501.4252574752899818
0.1894531250000000 4977.4058415193576366
0.1899414062500000 4390.1895502535626292
0.1904296875000000 3750.1802555242320523
0.1909179687500000 3068.3457383055065293
0.1914062500000000 2356.0364511007792316
0.1923828125000000 887.2255095249001897
0.1933593750000000 -567.7334865595203155
0.1938476562500000 -1261.4267640525577008
0.1943359375000000 -1919.4639736457174877
0.1948242187500000 -2532.6844344137643930
0.1953125000000000 -3092.8300217002397403
0.1958007812500000 -3592.6502902277570684
0.1962890625000000 -4025.9895897002134006
0.1967773437500000 -4387.8552552238106728
0.1972656250000000 -4674.4662698447937146
0.1977539062500000 -4883.2821139653678983
0.1982421875000000 -5013.0118302617338486
0.1987304687500000 -5063.6036389068467543
0.1992187500000000 -5036.2157315461663529
0.1997070312500000 -4933.1691491179517470
0.2001953125000000 -4757.8839047724031843
0.2006835937500000 -4514.7997448378591798
0.2011718750000000 -4209.2831453222897835
0.2016601562500000 -3847.5223161270841956
0.2021484375000000 -3436.4121279770915862
0.2026367187500000 -2983.4309866928379051
0.2031250000000000 -2496.5117547646805178
0.2041015625000000 -1451.8767788823752198
0.2050781250000000 -378.5150265886486523
0.2060546875000000 669.7881499000613985
0.2065429687500000 1161.8691574435652001
0.2070312500000000 1623.8430440016381908
0.2075195312500000 2049.4425135354540544
0.2080078125000000 2433.1148826093412936
0.2084960937500000 2770.0891428922186606
0.2089843750000000 3056.4292914904945064
0.2094726562500000 3289.0734522159618791
0.2099609375000000 3465.8585434837150387
0.2104492187500000 3585.5304787586210296
0.2109375000000000 3647.7401104618620593
0.2114257812500000 3653.0253439297375735
0.2119140625000000 3602.7800517519935966
0.2124023437500000 3499.2106074673938565
0.2128906250000000 3345.2810287110041827
0.2133789062500000 3144.6478711662057322
0.2138671875000000 2901.5861443530302495
0.2143554687500000 2620.9076267540804110
0.2148437500000000 2307.8730401241919026
0.2158203125000000 1603.7608561341621680
0.2167968750000000 847.1933933376294590
0.2177734375000000 79.8684828206793611
0.2187500000000000 -656.6248653729198850
0.2192382812500000 -996.8391992480173940
0.2197265625000000 -1312.7716057838406414
0.2202148437500000 -1600.2643709141411819
0.2207031250000000 -1855.7062968446698505
0.2211914062500000 -2076.0734376433829311
0.2216796875000000 -2258.9596955348388292
0.2221679687500000 -2402.5970766969549004
0.2226562500000000 -2505.8655712585896254
0.2231445312500000 -2568.2927842512726784
0.2236328125000000 -2590.0435998271859717
0.2241210937500000 -2571.9003082521958277
0.2246093750000000 -2515.2337615376163740
0.2250976562500000 -2421.9662475302466191
0.2255859375000000 -2294.5268821004137862
0.2260742187500000 -2135.8004134511284065
0.2265625000000000 -1949.0704104617761914
0.2275390625000000 -1502.2587283000466414
0.2285156250000000 -996.2546553200700146
0.2304687500000000 76.0744281938159475
0.2314453125000000 576.6234523614148202
0.2324218750000000 1020.1356166260011378
0.2329101562500000 1209.0277087048889371
0.2333984375000000 1374.1684153631358640
0.2338867187500000 1513.7195238208805677
0.2343750000000000 1626.2867080580908805
0.2348632812500000 1710.9282856808567885
0.2353515625000000 1767.1567484179104213
0.2358398437500000 1794.9332482268946478
0.2363281250000000 1794.6553251983277733
0.2368164062500000 1767.1382602804660564
0.2373046875000000 1713.5905238775012549
0.2377929687500000 1635.5838696461287327
0.2382812500000000 1535.0186901998677058
0.2392578125000000 1271.3997607976925792
0.2402343750000000 952.0316097555751185
0.2412109375000000 594.4533152187268570
0.2421875000000000 222.2822618482232429
0.2431640625000000 -141.3590985603445915
0.2441406250000000 -475.2087805436585768
0.2451171875000000 -761.0388722953848628
0.2460937500000000 -984.5770638784597395
0.2470703125000000 -1136.1348103897762485
0.2480468750000000 -1210.9211419446037326
0.2490234375000000 -1209.0415306752402103
0.2500000000000000 -1135.2004648953698052
0.2509765625000000 -998.1433479626684857
0.2519531250000000 -809.8871254831628903
0.2529296875000000 -584.7989901928085601
0.2539062500000000 -338.5882356482088653
0.2548828125000000 -87.2777274923107598
0.2558593750000000 153.7812932174224443
0.2568359375000000 370.7938483350990282
0.2578125000000000 552.2576752862914873
0.2587890625000000 689.5157990519292071
0.2597656250000000 777.1029196932977356
0.2607421875000000 812.8772505070101033
0.2617187500000000 797.9430386756721418
0.2626953125000000 736.3814407900372316
0.2636718750000000 634.8180167000718939
0.2646484375000000 501.8633104345244647
0.2656250000000000 347.4684501436031496
0.2675781250000000 16.7600108767754818
0.2685546875000000 -139.0529344470917295
0.2695312500000000 -276.4969392253988190
0.2705078125000000 -388.5345786443913312
0.2714843750000000 -470.1097609238759105
0.2724609375000000 -518.3244910875446294
0.2734375000000000 -532.4735859077718487
0.2744140625000000 -513.9444145179568295
0.2753906250000000 -465.9965121397044641
0.2763671875000000 -393.4422761728073965
0.2773437500000000 -302.2546049774373387
0.2792968750000000 -91.0373274602627589
0.2802734375000000 15.2215376249488550
0.2812500000000000 113.4097619125252550
0.2822265625000000 198.1943424051041802
0.2832031250000000 265.4069272961401111
0.2841796875000000 312.2167274336488845
0.2851562500000000 337.2108157844359084
0.2861328125000000 340.3831736880420067
0.2871093750000000 323.0393159102768550
0.2880859375000000 287.6280130296227071
0.2890625000000000 237.5152946153461926
0.2900390625000000 176.7184038330801741
0.2910156250000000 109.6186105939200388
0.2929687500000000 -25.8655271626103342
0.2939453125000000 -86.1789590245516592
0.2949218750000000 -137.0954989438957909
0.2958984375000000 -176.2299328420622260
0.2968750000000000 -202.0733316940236364
0.2978515625000000 -214.0222680078413759
0.2988281250000000 -212.3511505726564792
0.2998046875000000 -198.1333683293273680
0.3007812500000000 -173.1196553195695742
0.3017578125000000 -139.5841031054947052
0.3027343750000000 -100.1494808363406719
0.3046875000000000 -15.2847174098605336
0.3066406250000000 62.0117971196347071
0.3076171875000000 91.7626434911724118
0.3085937500000000 113.8448547874218093
0.3095703125000000 127.5012760427371177
0.3105468750000000 132.5370373912082869
0.3115234375000000 129.2898900539260012
0.3125000000000000 118.5704715350186689
0.3144531250000000 79.0202349411592309
0.3164062500000000 28.6775613598666865
0.3183593750000000 -20.8087583849666657
0.3203125000000000 -58.3365851035378000
0.3222656250000000 -77.1483996834827508
0.3242187500000000 -75.7400719388842845
0.3261718750000000 -57.4319374817459902
0.3281250000000000 -28.8969114725689593
0.3300781250000000 1.8620185281043860
0.3320312500000000 27.5380764520965329
0.3339843750000000 43.0841586941525634
0.3359375000000000 46.5232881039324866
0.3378906250000000 38.9331607793443766
0.3398437500000000 23.7334310827303057
0.3417968750000000 5.5457206322556205
0.3437500000000000 -11.0462683038394900
0.3457031250000000 -22.5362858198197955
0.3476562500000000 -27.1269124237898609
0.3496093750000000 -24.8712508868358384
0.3515625000000000 -17.3689580752303669
0.3554687500000000 3.0203891897527768
0.3574218750000000 10.8654690646812568
0.3593750000000000 14.9831694721002862
0.3613281250000000 15.0505880860142867
0.3632812500000000 11.7166636194576270
0.3671875000000000 0.3583414553996720
0.3691406250000000 -4.6673656426727028
0.3710937500000000 -7.7983011096183219
0.3730468750000000 -8.6454424145798328
0.3750000000000000 -7.4030082803931556
0.3789062500000000 -1.4740593540216693
0.3828125000000000 3.4791020939378408
0.3867187500000000 4.1819103164345997
0.3906250000000000 1.4419043885294154
0.3945312500000000 -1.5234854194032850
0.3984375000000000 -2.3557287300825571
0.4023437500000000 -1.1086980858540347
0.4062500000000000 0.5760265354652310
0.4101562500000000 1.2594145856814818
0.4140625000000000 0.7509638330482113
0.4218750000000000 -0.4753801887359789
0.4296875000000000 -0.0400494495014409
0.4375000000000000 0.2223810999231747
0.4453125000000000 -0.0942388109246320
0.4531250000000000 -0.0450282921636435
0.4609375000000000 0.0603936626005193
0.4687500000000000 -0.0114507358917081
0.4843750000000000 0.0022054476594442
0.5000000000000000 -0.0019121863865073
0.5312500000000000 0.0001135922653840
0.5625000000000000 0.0000032875070570
0.6250000000000000 -0.0000004180676660
0.6875000000000000 0.0000000035926862
0.7500000000000000 -0.0000000000187754
0.8750000000000000 0.0000000000000148
1.0000000000000000 -0.0000000008887690
